13686
16274
7232
20700
13570
16966
4546
14399
17613
6308
15137
7266
21782
22206
2009
19905
3394
22452
848
20170
12565
7054
21718
7706
21904
1287
1301
966
10841
14227
11541
21734
21447
20100
20387
6784
2936
18909
9459
3093
18843
7559
3540
7267
22469
15729
6354
20853
1180
18315
882
14702
6757
20110
14372
12414
17257
12133
4587
6903
8998
16632
11223
2214
16734
6269
8556
5242
1247
9694
14030
8919
18436
14253
12615
1909
11886
17568
10486
20882
21565
9862
7264
803
16565
271
10722
1481
13092
1374
3637
17690
17170
1348
19140
2693
11017
20463
7298
7890
2368
3590
12804
15557
21928
2793
5631
16577
8345
1547
3582
8127
1804
7018
11689
7815
20439
11858
8088
10669
9260
21429
20623
11123
15298
6121
20500
814
8951
18642
13315
17500
8355
19745
11174
20445
6262
18611
5062
3179
19529
16409
21245
10951
5954
21370
8753
8427
14093
1450
11263
15976
3671
2470
7517
21434
3952
15591
19102
18562
11413
9233
2326
5516
13802
504
2607
17379
1919
18414
11501
7695
17775
1529
17811
21685
12055
4386
16172
13990
6815
9402
18341
5588
1704
19282
18284
16914
21827
19456
6545
10690
2995
19329
4747
14812
11115
20001
10014
4946
10227
8821
21570
13917
9944
800
18358
17175
21833
989
11546
18135
9231
13937
8075
17680
3979
10556
14439
3720
10296
9350
14035
15374
10445
2745
21679
8293
15801
17125
2713
11061
14006
20297
21390
21882
2805
7780
4806
2958
11544
12943
19230
10620
978
470
10269
22295
21294
1299
1727
7757
11926
19407
11262
7591
17825
10747
19875
6464
741
1210
8645
1695
20986
11830
10698
10383
21930
15443
7310
20405
21529
16594
5161
6984
22267
20956
13322
12084
20391
4313
17839
22382
2858
3048
15487
15824
464
6314
4022
20356
11465
937
14297
6733
21488
5866
12611
12814
7145
21695
1743
11630
8069
528
6890
10970
8319
8666
19376
22084
2988
16938
3056
13226
5175
10981
17268
2992
21870
11487
10479
13124
22012
3707
1982
546
9528
14681
535
5664
3198
18316
19281
20493
7485
15744
4868
16212
16965
7263
7761
5437
10375
20198
1331
1065
1910
20800
788
14139
4299
16583
16498
17309
18836
20546
19974
15471
10253
20686
3877
14444
15003
22066
2911
8478
20609
7542
4011
19240
5063
15551
4203
9293
15855
10527
1185
21438
8022
3230
22266
16456
18221
16840
19377
20890
16336
888
7944
18355
3689
8996
21492
22128
9252
3826
756
13916
5312
7525
6051
18265
4183
4568
15592
2138
2570
20830
8629
3579
6343
11267
5433
21688
11178
15958
5547
5749
12838
18291
16792
20979
12909
19317
20137
7869
20355
20978
4553
13341
20824
12548
15770
15142
14299
6557
12999
5706
1366
7954
4213
4968
18294
7231
9895
1001
9476
1903
2566
12573
4254
19754
3158
2175
15322
14276
8571
9163
2285
18594
22313
7669
11746
8070
14438
16857
1102
20712
6163
1612
9342
8658
7911
21844
17227
16991
1950
21839
12282
17605
1050
12209
8263
8150
11757
1049
17120
17248
1433
8616
20322
20403
1127
4943
5354
10802
13790
1109
1869
1157
15821
9366
19358
14449
18293
10962
17898
5265
11199
17543
17332
10697
17239
19411
12699
8768
2484
9464
7457
6991
5788
1368
19512
19608
17948
1349
16916
3228
21068
10986
7047
2103
16237
20615
21886
2166
2212
13430
2811
20236
18784
13042
15033
4958
3619
4284
20774
13541
2527
3265
16281
9766
21940
13373
5489
6159
8751
1992
2164
5058
9920
20490
5210
18104
12973
8128
20583
4475
2195
16233
22091
3335
12569
14441
3410
4721
6867
15160
1496
14123
2073
4925
15541
12024
12377
15510
5751
7917
9387
12490
19321
9037
17063
8467
10967
8922
1203
3044
2301
15926
17238
12107
13229
11671
3750
9948
6670
12124
4302
20248
1428
8725
6406
12885
15615
19734
13006
10334
1060
7514
2079
6071
9378
6144
11571
19560
12193
21499
8108
13522
18042
20008
12152
14630
21118
21562
15571
14304
2580
22157
17521
17570
6426
10835
10073
13054
12640
7871
1347
11382
16893
12587
19391
2692
11704
1813
6286
11629
5412
567
19994
2557
13534
21331
1392
18745
118
10040
952
1297
2032
14859
14008
14694
12277
14566
15623
4815
9214
11877
4195
11576
17288
566
16570
3133
8706
16551
7019
8250
10363
21056
16575
16599
15282
5502
3772
9739
907
6319
4261
12629
21384
9726
19534
4722
21762
13433
2813
4150
19943
20558
5740
21261
8794
18279
13020
11741
22271
8238
18767
21757
20449
10883
12143
11762
6133
11758
21591
14161
3359
14636
1317
3414
11710
694
9692
20692
6754
7449
5764
5641
1996
13284
1723
1150
10427
12552
2246
4089
20193
9065
15667
9096
11857
17240
12097
855
15355
1173
7343
3077
12494
4058
2033
9841
2818
10989
21660
21735
9861
1663
845
929
3329
10536
19516
2874
3285
9403
22468
5998
18322
6571
6332
16330
13840
9820
3211
2978
16650
14417
2279
6399
2479
7157
4918
5699
14387
5897
3773
6109
252
17559
2349
13222
14381
17734
6205
8912
1128
17373
12584
14189
5113
4227
3478
553
7719
16035
9907
5920
5445
4890
16240
16964
21607
12358
14926
17565
7774
1172
18780
18239
14057
721
22264
19151
15964
13702
9106
638
20732
11514
12268
2291
3778
15401
14992
4260
15495
20603
994
17634
10459
18384
20359
19357
6822
7600
13707
7551
20601
16788
5365
861
5975
16241
7075
18760
13068
21451
515
19429
18220
2810
5403
12747
14419
17552
15320
4339
17319
8672
2324
7099
21725
16865
19427
9148
21265
8213
520
13613
18496
9572
12191
1873
9210
21376
695
10291
8430
5473
1718
21578
3650
20148
18484
616
16794
2504
575
12811
3674
20323
20883
12394
675
15775
12483
18144
17035
586
17564
20111
7319
3115
8354
20487
16060
16572
7402
17600
11376
16724
19523
21443
1132
16224
18816
1527
5833
1947
7220
17276
670
21832
14612
12709
13461
5806
9520
5376
9276
16937
19062
20717
19477
22098
3947
13626
5497
10704
14156
18997
8268
16175
16023
15876
4727
3989
15631
20851
22263
9927
1097
3985
9526
16957
1311
4961
3472
7465
5284
18094
19094
5428
19257
20566
5205
11902
1342
5717
7223
15145
6792
19332
5258
15636
1808
20958
4639
21103
21658
2659
5467
549
20443
16442
599
20400
14496
960
16904
7241
11672
15730
9750
1217
12723
15358
16718
18036
3544
8591
3512
15691
15266
15041
12997
13572
5575
6887
14459
14056
16305
12890
15120
20115
16025
10238
13906
13757
831
454
4194
12203
2385
17353
1987
13386
4159
865
7616
6848
13914
5802
22423
12612
665
534
4201
3718
13174
8494
19972
7926
1261
6365
8082
3109
7929
1666
12144
19396
5668
15563
13972
9785
9532
9397
21643
10780
8134
17436
16320
12828
15124
20351
6845
15476
9351
17184
2734
5635
5241
14142
11327
17258
8524
7894
11932
9225
4287
13861
19617
1163
6059
16236
18741
18043
19659
1340
8005
21277
13025
9380
6611
18202
8437
1724
12309
5456
1573
13663
17280
17584
10360
10324
4892
16631
15993
16875
13502
19394
20914
8650
1726
485
21195
13835
4279
10918
777
20959
2219
3974
14290
3484
11211
17816
20531
13533
5336
12579
20997
7340
8767
14902
6275
15208
22308
3412
16558
15335
11911
7691
3581
9667
22333
14210
4477
13526
10454
22444
20530
5441
7033
21012
936
5033
7303
14209
4669
16660
5112
18983
17504
12263
8761
1513
7390
20577
7644
14005
3941
4368
10068
12508
6297
1945
6532
13310
16986
18382
14007
9647
5707
15664
22378
833
954
571
22361
15453
1090
7370
1444
7020
17369
21556
19820
9189
12359
6223
7653
14744
890
11134
19417
7650
11038
6379
9543
11127
12960
12562
21956
5172
1286
16176
732
16766
3312
21526
9283
10197
8546
8831
11881
671
668
20738
18007
20745
21502
6100
14906
16739
4312
4973
10428
990
15891
15596
7546
18412
824
15582
2614
11904
17165
20931
15742
2087
8576
22334
6572
931
21817
9394
15632
4111
21696
2173
13493
3497
7715
21752
18743
19578
13847
13943
14848
20277
4648
10400
7253
2387
1085
6799
12370
8373
725
19637
15364
21666
21094
21606
18283
18807
12592
7569
19414
7489
21758
1130
13862
4555
7834
2973
12112
15780
10447
7410
14235
14834
7331
18709
689
1098
487
8202
18630
11521
2604
20139
11917
1072
13760
1197
11591
14576
9388
21016
696
11553
14326
13648
8727
22349
645
19899
19021
500
10902
19500
19124
14741
9336
13181
14820
19105
9648
21355
6378
11249
3785
4756
1066
18354
21457
9571
7782
22297
19877
474
14482
12482
21423
6013
16182
1598
9977
17916
21300
21198
4363
10887
10233
2658
21992
7714
15501
628
18173
21030
12541
20991
912
18532
15628
7217
20590
2899
14040
21958
3801
13180
21852
3000
20595
4818
21576
3967
9201
3780
2034
6227
15599
9101
5790
13318
9433
22396
19141
14144
13225
532
5957
11103
19364
19708
3961
21038
21133
1465
6623
12231
17457
14629
12138
3075
10268
9499
21672
1034
3306
1266
10034
12233
11873
6500
13731
19128
542
17502
816
14343
11054
21186
1363
12417
14638
12207
5367
8258
9509
12254
5667
12801
16726
16347
14696
9881
690
20635
11836
21240
9808
7388
3046
12090
11290
21791
20567
10580
20547
617
5703
9863
15307
5921
10595
11855
4964
16566
19585
1292
8826
805
3525
20777
14251
13411
7124
5569
20628
21545
19159
6778
21733
20719
1325
9551
10994
6883
8983
12752
14680
7703
18985
415
21021
19145
1748
7096
19693
8955
10601
16454
7576
6506
2744
14319
7798
10401
11456
20219
8347
14606
11457
1716
6535
3809
1699
21279
12704
13211
15060
7135
9015
17283
5340
19893
2354
4400
577
2940
4405
10478
14691
19980
1184
1122
18591
19155
11388
11998
4197
15173
21425
2363
11749
6524
15496
13323
12874
11696
2024
17009
9953
1435
11852
10302
8971
9475
17372
22141
20676
15326
22252
4297
2535
12912
19518
10311
17071
17005
15353
2317
13553
8623
19363
7450
14063
1835
2113
1369
10394
9172
8053
12380
1117
8361
10878
10812
18481
7718
11130
1926
11918
766
18774
17987
19962
10477
13646
10692
16547
3209
1346
11170
5442
21738
21995
2561
3649
11863
7078
16621
19311
8793
10640
6081
3134
4271
17700
19733
7415
7329
9878
4571
22202
14826
5604
4179
8601
15001
14994
20452
3038
6450
15911
6325
10116
17645
10971
5186
8405
13694
3112
10318
8210
22163
15101
14328
4414
1202
4230
6834
12409
10833
10840
17152
8026
9644
17474
11360
3292
10336
5313
7510
20249
7548
13837
3669
13055
17118
20578
21287
5324
20932
4525
887
4643
17116
8580
17030
20221
13844
875
20539
4764
8247
1970
12081
5544
10785
15285
11224
5243
9930
18922
7464
19947
12635
20089
12917
6288
12698
1012
15912
9728
21053
5060
6204
7234
6092
6780
5287
1655
4156
1583
14430
20707
18757
17733
11885
11675
4388
3042
644
17954
7866
16411
19605
11739
4121
12519
6014
1455
491
10882
1284
13396
19294
20591
2862
15075
15657
8339
3301
12648
16276
18980
10916
7061
5482
3539
12681
3095
9529
13671
6419
9755
5816
1896
9653
17348
20080
20345
5426
1741
17712
714
16341
17222
8713
11250
20002
16689
12949
19811
10538
5443
4886
15039
15605
5686
16752
9329
16969
3152
5861
17580
1592
10149
17531
13901
15251
2237
14418
10010
12793
5689
19956
6966
19830
19146
1131
2421
9495
1334
4812
10909
4223
16031
2005
9768
16412
20682
1413
739
11930
21952
15241
1207
13960
10931
20453
981
17040
6526
18557
19917
4417
1687
14807
13807
14860
17511
14865
6256
7668
11429
15542
5328
17810
5781
5795
19911
14688
8141
8969
20470
14759
460
9967
17805
5181
16738
17592
21326
6147
12934
9674
7035
12590
22131
10017
13524
8791
1004
6250
2543
1802
9421
12797
2187
13520
16556
16489
14627
3898
3009
21316
15676
20239
22407
8516
955
499
21547
21054
22215
1040
5615
15077
10717
4652
15131
21306
1310
17778
4584
11759
21703
8659
9604
16920
4696
15781
15038
15755
600
19297
8251
3710
13314
5420
3195
10761
22368
1841
9424
7180
17360
12906
867
16283
4869
8888
4292
19569
10796
16395
521
10679
6902
18570
1757
18977
19361
4511
1845
878
19954
9191
6963
22433
6300
1487
20629
3416
16509
20206
15833
14039
13818
16309
10344
7853
12716
986
15181
18865
6688
820
18150
21179
20859
12261
13718
6271
10212
13170
19397
1219
2328
17156
4851
12280
14660
6798
1767
678
852
718
14880
2304
8542
12227
5360
18765
20369
8360
17970
14261
548
7045
18195
19694
20972
22027
14414
5079
16636
22311
13367
3144
12785
2277
22116
8451
11052
3107
19897
2231
13683
559
18230
15719
15608
19864
7937
18878
12596
3400
20343
957
11708
632
16953
8644
3524
3171
1382
8604
1260
4585
1149
19914
13500
17913
1075
2943
9458
2255
4619
14852
18447
15666
20191
17306
7904
2268
15354
1006
6197
11490
8385
5810
8690
757
22254
1951
21749
3909
576
4208
15485
2101
13371
18020
1178
10691
581
15034
17930
2932
13300
15522
18684
21345
22341
12021
12178
6626
16774
3893
1113
9498
6296
10725
16390
15305
6093
9209
14624
18317
12089
14396
11082
18476
14668
11963
21980
6278
7964
5266
5232
11359
8693
15087
13545
15937
13032
908
20581
3072
20347
7161
10644
14564
10520
6585
1356
12212
17876
1190
11584
16806
4324
11107
21997
795
2319
10618
21702
20430
13243
12729
11344
12983
11798
15267
15915
15518
2415
836
10955
1030
18169
6273
21471
11812
5910
20074
17612
20007
8065
22296
18192
2329
16269
2515
6009
16973
14199
17271
16458
21777
7881
10943
6680
16068
9030
843
10349
1224
9374
6430
3116
570
4848
8856
9059
15508
14351
2350
15154
14413
8595
21575
2352
9069
19545
2259
8344
2696
6135
4580
21507
17315
8042
13254
10651
21047
7696
4030
10719
17891
15171
6727
16096
869
4888
12566
14912
6174
19423
5626
19826
7658
3712
19558
7952
13712
868
10252
3196
11069
9050
744
17919
21823
5471
10215
11232
15300
10643
969
5042
15728
14301
1865
2209
12445
10348
2519
1367
683
22275
13236
12931
19076
4035
1988
7773
16129
9000
16382
14723
3973
2700
11961
3607
1362
8364
1206
8836
14508
18753
8521
13350
22093
12432
18445
22063
1711
14707
20442
2687
4543
13508
5000
20185
6225
13543
643
20726
8272
22412
13218
6725
5427
13455
8703
2726
3477
5485
12959
13351
11050
21864
4531
10326
17497
6074
1120
20607
7573
8858
1638
2868
14002
19542
8286
17311
21117
17264
7153
5285
19079
5960
13052
21967
22413
7619
4062
13262
1064
5543
10442
8639
13752
1664
19392
14637
18401
3760
7778
7567
1477
8007
19931
11492
20361
15061
13334
853
10975
10067
19455
15361
17555
6385
16056
16611
6949
2420
4452
9718
6855
9328
12770
12266
20683
10315
9716
902
15654
11548
18411
7105
17376
4732
8575
5662
17498
11477
15825
972
14349
15032
18670
22070
12239
11067
21579
16538
12678
8902
21883
4641
1735
12595
17145
21025
4899
2819
15787
14937
3379
2156
1106
20666
21611
9457
17073
10316
4839
8596
18533
22372
4581
1079
21535
21581
8929
673
8770
5665
14233
16013
3605
16121
8441
21346
15838
16601
18499
15204
16422
13606
18613
2635
3349
17429
14375
11780
4841
556
9562
16110
9611
13440
21235
6956
8995
17367
6638
15438
4646
5517
3591
7822
6387
3953
7897
19519
6860
7222
17707
10666
2742
12961
639
7726
16803
9671
11045
6098
10592
4672
1375
17204
743
20362
6983
3036
14461
2438
9846
2090
22258
16532
3828
16084
4326
16353
22127
13107
2963
1400
14091
21789
20776
1790
18106
14292
20101
3437
13159
5022
19277
16653
967
19674
9334
9838
1564
8362
3157
14507
8900
2578
6224
7133
14323
13043
20294
4560
18990
3208
18793
10392
18300
21991
6607
272
15299
20906
16195
21903
6681
16254
21389
4742
8948
18151
727
8219
22153
1146
19421
18085
7662
3022
7297
14365
21961
15337
16553
17684
15155
18901
16579
20968
13266
10766
18842
7168
2155
19187
19927
12900
988
20832
20498
9486
5728
20597
1460
13578
3426
2102
19660
20341
7697
8435
16179
14178
18128
879
2668
11756
1495
15193
1405
16037
14978
12167
19061
16004
10793
5590
9443
21500
2375
3511
20689
15990
16896
4335
4378
8729
9758
11532
15635
15276
14642
7419
21506
16113
15884
14872
13384
15284
21622
3567
20251
6241
19775
7877
13935
7126
8624
10958
15950
7381
16702
1622
730
9776
10081
19836
7259
14371
550
16048
3836
7176
12438
17389
2782
11023
12947
11577
6359
1152
3040
15618
20949
2429
19812
8163
750
784
16654
5130
4276
2719
13125
20965
12962
21811
13338
18649
15108
18678
21519
5180
18331
1057
4283
11543
2389
9544
3603
6904
533
21336
3771
2646
17723
3351
14911
12355
14510
17224
9804
14288
4471
8120
11927
11030
2384
1576
9027
1575
2522
21137
6945
3194
4714
8692
13697
4068
17234
11814
22028
2012
18586
9468
20741
13890
15228
10630
18231
16860
8371
10289
21881
15367
6400
11565
18058
1371
915
10093
7612
6222
14334
21717
8447
661
16143
3005
4889
3970
17250
6126
4876
17941
2493
11033
17761
11870
13121
19161
15734
18925
8156
14429
15803
2031
17597
16082
12539
16843
11010
18756
2499
3424
6371
19069
7851
7991
17382
18338
12792
10546
20256
17012
7130
10914
12058
5618
1560
10881
20704
716
18028
1237
19068
16267
10384
11406
7683
1359
9789
2180
5860
22397
3556
19479
20220
10330
20494
12737
13859
19644
20981
16005
13120
7444
11648
830
4503
8873
12766
17864
5394
10734
16107
1306
1404
5511
7635
1416
2179
5230
21988
11146
20165
5684
9591
4775
4270
16668
21638
1147
18226
1378
6910
6581
5164
6689
12610
2140
19210
17418
2067
20631
20999
19955
16958
13556
17106
16795
9826
15669
6362
2695
12591
4408
5411
18116
1358
1160
10685
13056
951
17101
12618
14692
11193
5899
595
10810
11041
6069
663
9913
8554
19806
5927
8412
11283
19687
18371
20283
17630
16841
10927
11275
2885
8111
19034
8989
2892
21150
21993
17526
20354
17518
2617
6465
18367
3137
19787
20557
9687
2586
21156
17455
20223
2541
4510
1502
12981
15109
3185
20501
18912
7909
15135
5964
15324
19465
1957
930
18697
7354
6819
18410
17537
7456
18066
3187
1155
22156
4216
3176
15859
3991
4996
19953
8306
8590
17708
4038
8588
20214
4359
3704
12451
10942
18149
7172
12649
6642
11790
4116
13518
17664
18407
20620
13313
19023
8337
8196
4459
22214
12891
21380
14823
14733
8199
21796
21148
2358
18285
9257
19153
8027
4012
6196
20737
6480
2722
4537
6182
19150
15982
20172
8209
22321
8363
6004
5976
14788
8462
7420
2230
7493
17795
17557
11219
2605
9259
19706
6486
20450
940
6538
10221
6351
1151
19786
19788
9991
10854
1016
7858
20131
15315
4978
20944
10421
9542
18989
719
2569
9196
16262
899
18423
13740
6682
13320
801
6393
14955
2184
17435
17485
4222
15025
10295
6731
9579
636
7432
16491
4801
7850
11297
10329
13084
13302
12226
8242
20318
891
5757
10112
17200
21028
12549
2716
6640
20468
12224
12443
18078
480
3444
21603
10480
1412
4146
21505
4554
10634
15634
20665
6017
18400
4434
6077
19612
4536
1259
15115
14042
21550
15901
19695
15260
2450
3514
708
1240
15943
9081
19290
2110
6052
2428
1186
2747
1277
13848
1020
22072
4544
11777
17477
13954
5303
21634
13362
20021
6260
11691
1140
19817
2901
15311
7121
5224
850
12165
16723
21431
2165
1555
16634
4494
14783
5698
3914
12646
13144
466
21036
12316
7710
3388
16667
11669
9066
22078
633
7827
21843
14920
10998
7996
18564
806
664
19894
8129
20033
2895
1849
14861
3100
15245
12955
6424
11433
21332
3421
7580
16146
11561
9012
15095
5634
4574
20032
12371
10535
615
818
19821
12121
761
11411
14428
6782
14697
20753
13878
19171
11618
12466
4724
21813
4421
3764
6021
14278
17648
7128
7219
4919
9460
12602
5636
10778
8558
15020
2500
20784
619
13628
16414
10287
7225
7057
11159
901
10631
13078
3768
8502
4621
1478
15289
17387
9939
14425
21558
12757
7268
8876
18295
14665
12415
14583
10675
11883
11006
6454
16265
1000
720
21455
6992
925
1249
17582
6671
1231
17628
20794
1892
18330
10609
11822
10515
19131
3722
4204
14610
22175
7893
9450
14894
15829
11502
12096
9988
8254
700
16697
13956
14528
5842
12030
1081
20954
4285
2707
2628
16051
8618
2077
9656
17154
17763
4115
17195
15764
14573
19662
9092
21830
21001
15812
21776
16873
8561
9875
7533
22207
2529
8805
15203
14003
11316
1421
13889
5733
6655
12825
14131
14814
17112
11215
17393
1015
6209
10189
18426
18832
21968
3843
5440
13311
3367
13703
18370
4745
20428
18739
12798
1313
19263
4622
1322
21926
10705
13918
1702
20311
1304
2781
2840
17574
12326
11793
11422
12004
3612
11317
4795
13398
20668
768
12083
20502
19313
21462
15602
17468
1972
17567
4901
12208
4723
4811
13689
2647
9690
9700
6629
16472
20469
7772
3371
12767
18683
1949
5504
14605
7586
1048
1235
8138
9404
1514
12713
9249
3481
11386
14437
14055
6610
4642
15375
17539
3314
16198
1768
4617
20747
18276
11352
17838
14082
6613
1112
7676
11573
18301
11834
167
1179
9315
1497
6268
3406
11128
4627
9261
12304
3264
22292
17362
18535
18507
9812
15696
19012
6377
14658
17739
15210
7175
6410
9204
5256
20948
13824
19707
3777
5330
13474
20852
1084
20600
16147
20025
8680
20241
10508
6582
13268
4233
6246
8109
20749
7477
12118
22287
6958
17489
11895
12511
12717
11065
2623
19386
16197
1451
1458
20952
11562
5715
13801
5612
18769
2761
4102
16515
6015
18048
20016
509
18139
11399
5233
6025
10775
5076
4954
1171
18508
8720
4470
6165
22135
17171
19276
14921
7634
10547
20992
1276
17792
19179
14506
20610
11207
18521
13213
2218
8675
2333
7335
2525
7376
10482
2669
21889
3856
14256
11583
8060
5146
12114
1522
13416
17147
8064
20842
15924
2729
6157
14102
6214
842
9412
16444
16014
11242
5982
6616
11085
15201
10828
8652
1319
22232
13535
9005
2528
11944
1269
7294
14110
1619
11954
10391
2250
10415
15448
1215
5847
20940
17328
6666
20580
16877
3029
3092
9478
9408
1229
12763
6824
1484
8450
21123
3736
6835
13087
19144
9608
18292
15503
4375
5454
8030
6306
6617
13307
7899
3617
8743
9740
14727
3057
17905
16275
16138
10239
80
9422
993
3096
12334
14571
18929
9979
10235
21215
10310
14481
11742
11705
782
8493
10254
10842
8654
21874
19196
13632
13451
16252
11133
11002
14869
8958
497
21111
14380
19459
2967
9564
1071
6878
7425
4243
2379
11064
17560
6089
561
16787
12177
12887
18467
8484
1389
18364
1380
8020
11738
8750
14871
1593
662
5393
9023
804
14716
1141
1333
8681
10596
21360
22136
11462
16616
13385
6128
7527
2418
12741
5408
10319
17409
14312
10868
22022
1846
4480
14649
1321
12131
4579
18622
16926
19996
16908
7900
17687
13593
2631
11201
16527
16488
13325
18554
21079
13421
10009
14345
1500
13761
648
14884
6590
8400
19164
3356
5862
564
7017
15190
2229
7496
16308
3019
6145
1336
2950
12822
15849
19952
11647
13152
3656
7729
17400
676
1073
958
765
6906
15907
20473
14411
8851
16066
4492
9688
9314
16389
5018
10056
5435
1518
1425
5828
11405
11663
11194
1938
20209
2846
3730
21086
19485
12460
3166
18156
11347
20727
11326
20505
13724
657
17194
2916
18817
4057
5479
7671
14943
4137
21798
9811
10591
7940
21872
8878
22251
4493
15946
19482
3277
15683
19390
1504
17713
4828
16576
7013
13725
6220
1252
1411
3343
1227
20376
15678
8934
12331
20831
537
3083
1524
13486
17696
12020
634
18157
21981
18415
5584
1746
9746
10358
11898
6711
2308
10272
15381
12260
9291
14548
17329
9797
22132
1801
635
18207
14752
20527
17773
10879
8380
9229
5659
4148
20901
15589
16962
4902
18746
15862
9091
19712
6973
6987
6769
16692
14977
7829
10462
2305
19755
2149
942
2196
8255
8052
13781
10461
22030
4800
14379
17793
17764
4123
3217
13888
18477
19840
1409
1589
12248
13215
1133
17583
2386
15292
6702
8157
20117
4628
18794
17519
20515
18482
17423
9546
10352
1335
4426
4340
10732
10367
13884
3222
17453
20814
19117
14598
13549
11497
20957
1295
12056
22054
7361
712
11339
13444
18914
12907
13280
5845
1427
2863
18627
19563
7209
11421
693
12302
21711
19042
14068
11889
413
7129
18215
10646
10647
17298
11893
7039
9103
19970
9762
11992
8634
19008
6520
8573
1933
3456
16326
11268
17650
19190
4559
7333
6452
13131
7649
886
905
20471
15953
16760
10190
1488
786
21933
20058
6217
2020
18435
13963
11951
22015
21861
5014
14240
19827
5656
21698
15141
19701
3271
12156
14711
8123
18862
12643
20423
5127
12150
9891
10236
7520
22453
11569
6469
5124
14553
20011
9565
9576
18984
13257
6048
2046
19006
6331
14369
18327
1562
1911
5524
706
2275
3067
22395
1061
14678
9077
16707
4509
12184
5811
5001
12520
20366
17556
4534
10117
20421
17527
21806
6245
12480
15373
19503
18885
17901
5364
8854
10341
21333
1268
3142
8950
6192
7445
19930
18052
18811
14153
7708
13894
9637
7725
13947
14420
1509
17855
13182
14762
5155
2645
20728
6738
19442
4797
17611
14713
11055
17616
21650
19742
6039
14421
3431
8413
15694
7885
1884
8901
10122
19848
6869
20920
13950
21441
16040
1472
4660
5131
18688
1280
17199
12349
6080
16859
21571
1625
15942
10831
5283
18076
12074
11044
22344
8600
19106
15607
14231
22088
20568
4965
14793
11928
1449
14362
7985
20245
583
13713
5217
6825
11295
12366
14339
19880
3817
1354
21317
21744
8085
14122
947
5196
18596
6876
13829
1153
16554
17499
16225
17202
21954
6919
2777
21052
20807
18390
15370
18031
4310
3453
15316
8534
16747
640
19108
1021
7442
19576
22096
9640
12620
14303
12576
16941
19847
18498
1256
7540
19783
9538
14234
13448
646
14731
10829
4257
1241
11079
14357
18617
6932
20514
2312
1811
18046
14378
545
9821
13403
17432
20225
15407
15146
6102
14052
7528
856
18068
16539
19365
13281
14898
8721
1214
10808
5170
21616
16053
3263
11121
21884
2244
1498
12734
10035
10844
1288
13443
12544
4849
11670
22426
9743
8426
17783
15893
8916
10773
20589
4566
8609
21490
22231
16839
5840
12293
14464
4710
2517
13344
19656
1432
13799
21669
18336
16339
2765
20149
12008
6313
713
21182
12228
2299
3385
3845
2069
1373
5807
5028
15641
1396
5128
16940
3879
17091
10396
12668
2784
14732
11220
8282
19201
2011
22144
6161
13293
16017
21655
17028
3672
7821
13994
20599
3889
20177
21533
10416
3682
10908
11233
15491
6338
16101
22123
6701
4215
17636
5434
11959
18494
552
7272
9924
17341
14415
6022
9116
9392
19250
18732
531
1543
3334
1246
7578
18232
3218
3386
13803
5387
8774
12644
5791
4288
5190
16870
15549
14277
21680
11081
15799
15042
2702
20099
16487
21856
4589
10957
18081
16588
17863
21183
686
17744
13357
12976
510
18656
21446
1138
815
16822
21653
13306
1426
21468
8404
9829
21023
20292
7148
6543
15660
3035
18314
11265
2236
11678
18500
15067
2105
22303
12218
2670
864
21486
6086
14929
9577
13346
3569
1620
6439
11875
1940
7401
8710
13934
14513
19725
14543
19232
19669
12988
18841
1323
19995
22071
20751
7227
20671
1188
9310
21750
6434
21132
12454
17766
10667
4856
1752
5682
21610
3275
10132
20465
18797
11625
16468
11395
11409
1385
4599
20408
15177
3645
6742
1002
6850
7939
21597
1250
17890
631
19048
17045
9506
7563
14422
6322
15814
17359
19189
18806
22190
21894
10178
3442
4923
21310
6496
17931
10451
15100
6468
7832
14633
6232
17447
11108
9796
22186
3376
21288
8862
996
13348
3493
13336
6645
6785
832
11525
512
18692
17873
5168
5262
10521
1305
21171
21627
6637
10662
6384
9818
3168
14795
1278
5792
4010
7921
651
21453
1080
19168
13491
13202
15377
16691
12941
14191
9271
4085
6064
22289
15527
17414
5310
11748
7982
16970
7462
6235
8745
1056
14514
14036
9981
7404
6847
10952
5729
876
1907
21202
18975
12048
4904
7063
17844
17661
19302
923
20035
19247
4776
19341
16708
2516
11953
2135
10923
17610
1430
7675
12426
4567
2909
13980
9793
20775
14455
12995
17487
18728
17656
802
17213
1239
19443
20128
11417
10453
4650
13612
5357
21228
14958
1587
1825
5372
8946
9815
7861
21251
7767
15638
1941
9623
6691
3629
15043
9290
13841
9341
4041
12249
13784
12748
4717
13983
20287
1013
17710
11640
12219
1005
12701
20441
15545
14101
5775
2549
17977
774
19682
13665
21977
18969
17424
12530
17297
3516
1076
12258
7974
14719
19792
20132
7311
1588
15790
13957
11026
10025
7016
2139
2332
5309
20614
7254
18620
8001
2832
14846
9195
15700
16124
8701
12724
21540
19651
18040
20929
16457
14945
12217
7674
21876
2540
13312
6497
20145
18307
13497
5487
1267
14833
18460
16208
6768
14843
1934
7368
12875
7007
459
14058
10219
1332
14712
15992
6523
1046
11024
3997
16889
1616
16731
6927
15879
15404
14738
18127
8525
9799
9396
19091
14631
21168
527
1539
20998
17969
20121
6842
16523
12079
12468
13227
1486
1238
1540
6631
13224
14717
6079
14059
11988
19874
22011
18605
6512
16383
19453
9226
17994
12250
8224
10119
1263
6730
17406
6417
14739
5037
9018
8228
995
21223
15113
17246
1290
14046
15732
14146
14212
13060
11681
11760
17585
20964
12503
755
21238
21015
15822
3175
16516
7037
6828
12619
8742
21095
12658
12879
20414
2099
1762
1407
1787
19819
1647
17153
12299
13208
12045
10063
11745
6601
8589
1033
17701
7648
3216
15445
14966
8151
3429
688
12365
6186
7086
19064
7363
4438
13563
8829
8147
3362
4042
20195
3918
14683
1512
18261
3369
6839
9563
12528
1871
14014
5268
15357
18665
14546
21841
16818
14556
14391
1799
5416
9985
4122
21580
15959
5932
1924
3438
10995
21459
16331
16550
18209
11072
3308
6647
21201
6934
21337
11407
11703
11217
4120
16663
17857
20192
2239
11129
1264
11775
19513
16499
3243
14641
13204
11351
5606
5692
3805
8611
5513
5077
4661
12333
15057
17608
11296
5738
4210
19029
15342
736
10898
8796
13389
2920
10042
2843
4763
19857
8539
5125
666
3430
10366
4189
3912
11459
1344
2383
819
22180
14283
4623
7073
17918
22300
3846
3393
19261
4468
22111
15572
15843
7260
5779
2062
5549
6865
18875
18244
21097
2849
11481
11735
15919
15239
6599
17228
17553
16591
21563
14200
14157
3532
14492
1070
22032
7820
19604
14549
21901
6169
13873
13017
5087
16808
17737
656
7151
12215
18556
20078
12053
8321
20764
15630
11090
18687
565
15809
494
1243
21418
8256
18742
3747
6580
22429
22248
4304
22371
4594
9024
20953
19535
12578
10084
9908
1447
21999
21914
2944
18607
6179
17368
7265
14368
10168
15916
606
5642
4354
21790
10258
12524
20730
20268
16428
10636
11005
21532
10147
22024
17235
2010
18598
21200
19971
10602
16652
14255
18011
13577
5647
13998
10411
14617
9597
13876
4814
19867
16292
14973
14620
20967
7587
2964
16525
11361
21909
4733
15663
18958
18466
20042
22406
19084
14426
7233
4519
12895
3063
1170
740
13741
13077
2893
11897
5468
7208
20081
6005
10216
16015
13926
9680
9561
9704
16210
16480
14094
14870
17032
1199
17618
11987
1436
5245
16474
21574
17022
9246
21949
9398
18690
551
5396
15092
18905
19462
2093
19872
2190
11737
1031
16666
22140
9890
6827
6340
18957
11725
9188
6251
3407
9622
12356
1461
20265
16359
17535
8799
15661
8177
15944
13409
5184
2514
20295
10751
17312
1027
19639
8466
11833
19749
15920
14321
19293
7730
8116
4833
16915
6253
9016
8267
3220
9082
21146
21372
11879
1350
711
14089
14079
16033
18247
2260
7986
21582
12412
6247
21855
20157
11603
7611
12568
17127
5996
627
4185
17036
19782
15804
6767
15497
9094
16905
20891
13150
20713
20278
15702
19938
790
9957
13388
437
18166
