20259
19249
16314
11566
9122
6346
12732
9945
3715
7170
10111
19147
4665
2661
5903
4381
7461
18000
1542
19284
14828
18702
5803
8872
11733
2353
19699
1565
17232
2551
17953
3687
16190
18212
17682
16376
8201
2092
15350
14609
5884
1930
2814
12604
15415
11854
14533
6020
15192
5200
15600
6054
3120
17167
16350
14670
7935
22427
9629
9586
17223
3425
3331
13618
9568
7022
22379
6736
13823
4206
19424
8203
12651
11396
1756
13387
22363
17115
12363
16436
4718
2267
2392
12278
19561
18049
19715
20939
18778
4160
7270
16226
3402
16614
7854
19382
2045
15900
15895
6281
5985
9847
5691
7001
9523
9479
10094
3571
13475
16772
12018
6639
8307
9524
11695
11654
18763
5702
9792
22279
2884
4927
8513
10299
1613
5048
9730
7038
22099
8625
17185
9851
6101
22269
4634
7875
4478
19360
22312
16302
6809
11668
7884
9723
13851
18628
17665
7072
18933
4609
21559
9265
13850
6236
12221
13528
6266
11715
3008
10187
8374
12368
8610
7418
482
7950
22465
14073
20066
11882
5750
18346
8560
4407
4690
6641
16285
2044
3041
4258
5566
21297
18365
14448
2665
21862
16722
2494
19853
21503
6761
18350
12810
16160
2835
3833
5202
6402
2789
6489
8518
17586
17644
4365
16658
21678
17439
16711
11598
11690
18008
11680
18047
16649
3189
19828
15222
14183
20242
7948
2197
14742
11138
4255
19003
2469
4667
15706
6315
10011
14416
15082
14274
20816
20742
4416
19481
5992
18183
9111
13666
12574
8787
7103
13527
13240
12187
7002
7036
3675
5574
9935
12398
8771
9837
5688
2491
6697
6692
8285
12314
16680
8200
12669
9775
2307
19402
21058
14133
20746
15665
4838
17669
19256
13758
3255
4998
5279
8359
19067
5869
21003
19533
18608
3639
14645
16108
7271
13477
18660
6576
17679
7581
3653
5734
10472
17789
17851
2407
5377
2215
11990
10750
8648
14656
12296
19126
2919
2982
17323
7143
8241
10683
2188
21748
20659
17849
19408
13782
21098
2505
3761
21657
2015
21905
15619
16789
5742
10944
15293
2393
13797
18465
17176
4442
5886
14395
13586
11676
22187
3167
20519
1893
9856
19273
20593
2930
12198
16646
19285
8009
2394
20766
21564
19527
11403
15888
16166
20640
14247
2642
13625
3206
15405
7293
2281
7976
10740
13369
11693
3452
16956
16141
3268
16218
13832
10853
5554
10340
5421
4673
7732
20545
18915
6412
20787
8121
2588
5889
21474
21869
9179
2364
3853
15451
14960
16836
9964
7395
20576
13633
5611
3623
3601
4730
11420
16324
8688
17256
16378
3355
17107
16423
17428
15287
9904
3295
17399
3288
3910
5358
7160
6277
11752
6263
21041
20446
12489
18335
21925
10373
11051
9474
18798
21970
14018
13882
3931
4394
20095
11578
4098
17886
22036
13160
10733
9020
4043
19613
2226
14366
2912
12744
17434
5253
16231
16811
7359
16677
11068
21804
13290
20674
21710
14132
16819
19185
8047
17196
8313
16974
2512
18005
19177
3592
17061
5061
9234
5773
5700
18282
8772
6546
16829
2161
19401
3688
17027
9409
10052
9147
9413
22183
2735
10464
2086
14614
928
15179
10880
13838
5593
17448
18540
11243
22182
17868
10086
14466
22000
15329
7806
13034
3140
9823
5763
13103
11370
9365
10569
19445
18443
12849
14355
12465
2741
9185
16312
6369
4489
11258
10078
13729
4644
2083
13162
1721
17706
14302
19385
953
19409
13684
18761
12041
16537
14107
14242
6228
4103
16371
7603
8834
10671
11164
6660
5363
11049
22235
9834
20506
5941
3701
6929
8979
15768
13133
18902
14780
1208
10209
19373
7751
15793
9675
16720
16586
14519
5506
1315
21263
15411
8208
21461
7631
22069
20866
3114
7532
13546
8041
6507
11321
18361
15166
15956
2435
14856
3458
15629
2172
1887
3968
21104
9634
10377
20897
18996
21866
14434
20006
14515
10738
21442
17715
10542
10101
19902
3434
4380
3225
9900
3765
2136
15161
4125
7713
1839
3139
2768
3748
6664
7114
13923
5727
13567
9414
15272
3971
10060
3818
18978
11674
9142
8581
7762
4731
21618
20664
17052
15662
14322
10164
21081
3812
19379
3020
22079
16011
11278
12132
2867
11139
17870
15482
20358
12791
5767
21857
19112
8303
18092
9896
15847
14797
3976
14881
8506
3727
4455
21296
6812
12985
18061
10369
11943
10259
8315
15854
16620
21244
9332
8756
18035
6516
161
2827
16100
12746
9887
17420
6836
17815
19538
15861
19265
2641
10756
7131
11945
16901
8207
17417
22117
17471
1653
12449
20980
6909
9845
8913
4034
21542
22150
11511
8018
18731
19975
4748
16765
3980
16058
11037
14294
18809
354
10196
22197
20394
14019
9410
476
15460
3104
4522
11161
20563
9722
941
14950
9169
3513
9266
10123
3574
1623
21401
22383
9411
2790
9719
15484
15870
3361
15084
7975
21812
5743
5550
3064
1885
7389
4049
10170
7116
15622
10325
5238
9587
14465
20925
18696
10875
16441
15593
5006
8428
2003
2480
18351
5117
6336
9658
13623
14320
15795
20183
7896
15080
9929
15094
14728
14182
4360
18376
16786
3872
12844
20652
21939
11811
13788
14125
3549
13688
5094
10463
16603
16775
16116
5080
18257
19011
21521
8338
14270
18485
8320
13810
19266
13071
5386
2855
9170
20200
3962
3102
4971
9200
12978
7476
9517
12992
5264
21783
4556
841
15345
4952
2524
19194
21395
9437
22424
1320
7448
5651
12657
11714
19537
11075
16533
10380
22074
2048
4803
8917
22239
13997
2108
17351
411
13295
2634
18181
18433
19831
16954
3418
20187
21357
20154
10124
7655
1548
15556
21433
9445
18749
12402
10361
4390
20324
3299
18579
4596
6698
20532
13739
19221
17322
8825
18555
2758
4600
1556
9693
8638
15274
18141
5812
18422
1298
20112
10356
2471
8882
2150
2980
14208
2728
17609
18397
20235
2817
6749
17662
10964
9805
7167
14572
16264
8822
3363
2122
16907
2257
7346
8716
9488
18441
15371
8422
15462
5134
7955
8762
18009
5404
13585
8739
4445
11568
20721
6254
13616
20009
10130
7032
13097
6793
11570
8114
5586
9438
13011
8904
1196
12279
11025
14585
7255
7882
21090
5760
18711
10217
20459
17569
7630
12105
2211
17688
7592
22364
7717
11720
14226
13796
8817
8479
21495
