18671
13355
19568
19123
3345
14009
5573
10739
8011
9494
20030
3621
18428
13590
13210
5911
16888
19246
4558
22142
19850
18835
18654
6194
13614
1628
2933
7849
19859
19328
9237
10013
6510
5782
13153
11425
10244
5946
16059
7137
4820
21080
20431
8032
12775
18503
21440
13579
20734
6368
16293
21379
2691
2145
8386
3436
19195
1770
8246
13081
2347
20229
9032
4245
10856
11803
19118
2026
8809
9362
3408
12069
11387
19813
11464
4244
2322
20140
21637
20114
18700
19039
5052
22324
14424
1837
2538
8945
10862
12975
6087
9876
18892
8103
7659
18680
10305
8890
11896
14287
17925
16627
7246
4032
12855
6267
9477
21397
10103
20041
3699
18759
7756
17446
8401
13682
8264
5834
16507
16695
22064
21364
12491
19420
15128
6431
2176
8944
5567
13390
20475
779
19791
2441
17398
3136
17273
21009
11534
19353
15997
8398
21139
17083
9803
4972
16439
10817
6105
9575
7599
3738
3483
19046
19239
14315
9747
18050
21989
11354
11876
8480
21858
5314
15140
18251
17146
3086
9454
8076
1605
9289
1925
11632
21284
12195
5853
6479
4104
18519
3309
9609
15695
3249
14298
7609
14197
20123
11468
10677
12754
7808
4501
13456
6893
5452
11111
7058
8071
10407
3282
13940
6968
17842
13082
8966
2952
9503
1630
16074
9707
7824
13437
14735
11934
13392
22348
17629
13732
8016
2191
2828
15534
21152
4810
3002
15858
7281
17230
14263
21675
2935
12561
5616
6794
21799
8280
15874
12313
3473
9317
8577
4046
21101
10858
17233
9721
3792
8582
17887
6309
17395
3117
9346
6487
2425
12439
10146
20828
19087
1596
3802
21523
21362
19212
9416
19399
11271
18879
6570
10381
1417
3254
2342
1958
8992
2340
20783
18063
22108
9449
5366
7835
14771
19184
3125
18795
19824
1536
18551
20082
6797
17123
1765
2657
6678
12700
18453
1296
17872
17993
16287
13379
857
13945
5145
4666
5319
12967
12192
473
10791
13733
17324
9008
2399
3594
11325
3924
1890
10628
13177
19696
13583
2694
11851
2801
19724
15513
17461
8024
10587
22332
3200
11743
10473
7623
18814
1557
6326
6421
4942
21754
11384
21996
8341
4535
8115
8978
2152
16951
13488
10020
13404
9340
22250
15863
16201
12892
19570
19752
20299
17590
5674
780
16852
14544
11499
4272
16626
21913
20230
15347
18463
21353
13274
17192
5875
21000
12120
15789
21082
21846
19202
3804
8733
7044
7965
15202
21555
2733
14300
19193
19136
10029
14223
14775
13506
3992
4757
19286
19419
20411
14737
2132
1643
14974
10548
7230
13298
12922
18451
2273
13964
21075
2792
21694
2701
5718
7963
9436
1606
2534
17290
13096
3178
9099
19647
9662
4852
12771
18682
1567
17046
16318
1854
2302
9778
2321
4705
10550
2121
21191
423
18110
15828
22257
4495
4069
8933
19924
11505
7947
5928
20065
6788
21083
12570
17753
3106
16243
17141
1545
1908
8906
21135
13670
2530
10782
21209
16961
17990
4184
11445
5397
4027
7857
4346
18790
20654
14028
19913
10260
3926
1676
21714
16917
6838
8714
15261
6501
1642
20553
4792
5027
3085
3831
20427
9508
11970
21819
6747
12010
11400
16783
18137
17096
6508
14054
12129
15220
8233
2945
18305
18084
6654
5687
8962
20947
9159
20285
9432
17525
11792
15977
18174
20639
19287
7287
19213
8628
22326
5197
2751
1952
21291
21557
1552
2816
9070
12350
5321
4056
12607
21011
3378
21220
5120
15414
17018
10204
8530
10559
17473
22446
11699
20663
17980
4765
5930
21885
11143
21600
9384
20373
20496
7918
20503
9347
2228
3325
12583
21312
10940
9324
21452
2210
2097
8240
2411
4005
13070
11092
3105
17883
16486
6029
14736
9046
17285
4410
20788
7242
9051
10804
12442
18083
19326
3578
12245
20657
16170
17287
10800
7916
6433
9213
7144
2905
18868
13019
7928
14238
6859
7522
22293
21290
2672
18618
7534
22076
12971
7171
9969
20263
4450
20769
7777
3258
3927
13401
22227
12743
735
14382
19022
11622
10115
6177
20052
14478
22430
15070
14745
21411
6032
20690
15022
6514
5436
7876
3711
20339
19517
11722
5814
13370
1580
19546
1546
8976
3435
17802
14740
13885
21815
16149
15815
5533
8986
12538
19591
6964
15832
10417
10251
8775
1999
9381
20409
8029
596
1857
13246
16502
12527
3197
4026
12382
3561
8678
1905
1610
9958
13573
1707
19784
9140
14607
16415
8863
14866
6568
6515
21504
7526
16800
18834
12594
8511
10177
18788
18898
4467
17831
15887
15597
17678
21416
9810
11616
8653
5762
3049
2454
20598
2581
1570
17978
10570
14398
6529
3054
17000
1645
3327
7855
9950
14730
10167
22050
12551
7629
19018
21772
7613
7430
17508
14000
12111
21060
21802
2571
4092
16679
11956
16686
16373
9041
21982
13481
19928
19804
15613
9221
22044
8118
13933
9767
22253
5236
3034
3883
8551
19172
17024
5973
8619
15983
8468
10225
20051
9112
5481
5484
19494
2804
16767
3296
1736
19258
2221
20612
19374
14684
2289
17853
15550
17670
17517
13132
15816
13375
10531
6643
10425
18758
13469
3450
16935
20661
13018
15233
3124
10695
1706
21153
11556
20715
15165
10703
13988
12859
7560
11915
12446
11305
9154
4428
2443
19920
9269
22447
14137
18740
16043
10572
7593
20050
22014
5004
12883
17973
14825
16216
10354
18632
2785
20338
1104
1566
7590
6327
16874
16077
21024
6604
4953
8160
10493
17563
21158
9223
15029
16080
5995
19816
5152
18270
19355
19065
1897
5395
22217
14119
12168
20941
15310
17119
19237
16624
18385
14347
12054
6882
3703
20752
22046
11606
7786
13620
14989
17767
5766
16119
8295
10337
13080
2888
22068
13650
7825
10541
8089
8702
21990
2027
9306
3640
18510
10474
10706
14024
10357
20199
2861
9724
3177
16918
7290
15935
18520
14959
4863
6624
19728
20804
15875
4932
8340
10699
8461
16384
8940
16671
4465
13869
17164
18524
1774
22243
17865
12901
9133
1830
21701
9701
12200
17150
13471
21130
15548
8752
21947
10169
3338
10899
14066
14436
12244
1492
13636
11519
4268
2495
22390
6955
12554
7846
4025
7163
3844
7000
10156
14085
15130
4684
6888
4781
20825
9158
10023
8342
13826
3065
7027
19209
5765
7519
1984
14244
11847
10941
3155
14721
14625
21449
18218
19059
7994
4768
17267
4447
7826
12360
14394
16955
17640
10716
21089
3118
15709
17902
2314
6188
4221
22402
16947
8909
3317
9224
20194
19718
4985
4793
7439
4311
22281
1648
4252
2951
5462
17917
68
13721
20020
12028
5696
5055
9860
20142
2106
3625
3568
13380
281
12963
13431
12467
16748
20062
2918
9772
3383
8305
11824
12913
20321
7819
4944
13066
2227
20141
17748
16548
13399
13604
2907
4573
7870
20507
19650
10876
16211
21398
2956
11795
22067
5793
4791
9007
16092
11924
8308
17538
11029
17572
3942
21426
3060
17203
13738
14836
20767
21807
10543
14886
19395
7579
6896
8008
416
2178
20993
13995
3917
241
17078
14505
11994
19832
4039
12498
14560
22083
16394
3566
13676
8549
7492
8343
1604
4100
12061
5209
4074
8113
2008
8167
15102
2199
16861
9296
5281
21960
12968
20936
17443
6762
13352
22119
17705
11071
19730
2896
5863
11518
3725
18399
7960
10048
14352
16369
10753
19717
18464
13303
3099
6673
4329
12642
1747
15538
11810
6408
7746
19600
17843
21391
11774
6877
10635
2414
8599
2622
4784
15857
6504
6591
5036
19794
17084
12631
16323
22298
10627
20053
15339
5263
10665
12298
10046
20573
5725
14338
13301
2542
8122
5950
6062
6779
1686
18603
14026
8059
6150
14526
5670
12733
21126
6425
20124
16571
18587
18567
13449
7688
6084
6652
18225
10686
11447
21892
2769
4356
8446
20120
2503
3904
19178
10037
3819
17869
15118
21019
13492
13195
19593
14004
8915
7055
8723
22160
13564
22362
5320
20307
11685
4143
13942
13188
13270
6978
1611
14336
2401
13816
22021
2303
2774
9386
6201
6153
21302
11937
7936
12420
15715
7012
13473
6364
11441
13780
15640
19036
19346
3069
7704
1867
3806
12172
15668
4105
10229
8390
9080
2035
11183
20310
16405
3037
3756
21530
14964
3247
11620
12656
4997
19160
2427
12884
8162
6238
21912
7667
10889
5936
3534
13324
16055
13701
12904
20994
7021
17702
17699
7993
11840
15170
19248
3673
5924
5491
12072
2501
1836
17470
21421
17259
15933
15205
2123
16049
3205
20491
17797
5939
547
11454
15398
21920
8559
15138
22051
21483
4448
11503
18867
13514
3505
1631
4994
4165
13136
4446
5116
1581
2708
6282
11191
4610
9598
18666
10309
2265
9794
2269
7831
14296
19799
19721
12396
4482
15365
1574
17653
13424
1906
5385
21269
13986
1167
21096
22205
6178
8578
12148
2630
17814
5933
21845
6183
17320
19430
5419
15031
3017
22343
8497
11607
2130
17790
4593
7805
13089
19040
15882
13880
4051
4504
1719
14817
13635
15185
19488
15023
15810
3609
20680
13129
4752
9840
14785
12863
17541
20484
10624
8472
17047
10175
2962
8938
10483
6879
21210
8077
1795
2593
16365
16933
20933
3018
9465
12303
13342
20970
2066
18815
5818
8832
13090
10200
16493
15737
3027
1729
18899
22461
10466
5915
1797
21091
1859
19199
19566
12006
11013
2795
16450
7377
4726
13705
5189
3527
14317
10053
14999
2410
22221
18389
17757
8593
12310
7211
7202
2731
3782
10278
569
4144
12736
8298
10312
8090
11533
13376
7783
9592
18623
14587
12329
10742
4607
16562
6874
18420
13993
4454
6989
4654
13975
14987
20540
20315
17533
6586
12253
14578
21728
5654
13241
13271
17772
18114
14767
19641
11619
5414
10098
2678
5796
10922
3552
5648
4695
14888
17624
21358
17413
18837
18847
15441
3013
15682
3702
10993
16090
13753
20474
6541
13283
5315
5273
22315
10866
13596
9166
18287
12773
3509
8190
1505
19506
4957
19498
19595
14798
1624
22006
15273
19260
8841
20215
7625
18796
15400
1976
3528
14750
19090
18372
15752
9132
12238
20039
9937
4740
4458
17995
13568
10201
20495
2038
20130
19609
3575
21587
15473
17801
13402
21108
14704
7282
11638
20161
20127
4746
5789
13693
18705
19017
17243
15759
17330
22260
10939
8384
19918
2497
4409
2481
16753
18297
11985
8724
16440
19444
12330
2776
12819
2453
5633
20234
5753
11256
4821
8635
2292
3642
21419
11338
17709
21508
10145
13285
17875
8465
13183
15910
18600
11365
12957
6401
8023
17356
2448
10767
1563
16279
13794
21106
13795
4847
13575
10328
20618
20509
7314
9854
18968
13771
7214
1862
9010
8481
9886
3111
13356
1698
10022
2510
9490
1829
3550
10674
5597
3464
5206
10956
7146
11600
2755
8369
3297
11458
4347
6436
8814
1832
15949
22049
15030
18413
18719
8785
16706
8816
14354
7062
3954
11155
4424
8112
12623
2498
8370
5157
22033
2660
2475
6737
13420
17186
2638
21525
12843
14599
6985
8965
14693
8314
5552
1693
3644
10071
12327
4557
18733
17558
16871
10604
2621
11089
11204
13815
2424
2262
14135
9914
7478
10298
11227
20413
11202
7152
21268
16607
2111
10114
14225
9865
13566
5380
21871
2039
10913
16123
20155
12411
20886
17023
16922
14940
7739
17972
16471
4427
15609
12343
17493
7112
16089
18041
10108
5015
22291
17807
7226
18184
20517
5466
22016
12392
4151
4277
5405
4980
13913
1986
3572
2098
21837
4505
1798
18186
21973
3538
4990
22082
12318
7814
22249
5331
19860
13378
17942
3721
6881
9994
21513
17946
18547
9095
18723
12725
9536
9489
9322
399
6259
9965
4780
4615
8776
20658
20735
10645
15464
14690
5047
1826
19508
10819
22174
5271
21253
8707
15741
9673
9405
6971
6832
3330
2853
21232
5905
3855
22366
4875
11328
12765
8061
4140
17524
3820
5013
2947
18785
13746
3422
18845
20893
2937
10726
6094
11291
15558
20486
15516
3822
8682
1584
2577
3207
14160
22193
21621
9483
14830
14899
3261
5154
12381
17832
13179
6718
20406
20472
12984
2382
14224
21554
18926
22431
11869
4392
19863
3260
17001
3001
19304
15515
7371
13276
13619
2467
8643
20476
12346
9800
8622
20389
16790
17921
9966
15779
20673
7009
16349
15395
7956
11624
20136
2556
16637
19024
8731
1981
18065
21875
6382
12505
16569
19772
12529
7275
4391
3311
10682
9187
15750
1720
11868
15748
17892
3336
6363
15209
11304
13256
11825
11861
18506
14337
8176
4620
11799
21746
5446
22158
5872
12721
18669
20202
2298
18801
20350
11393
10092
17573
5551
20379
5095
10133
18568
6028
2508
18776
6249
18589
7306
15617
5876
18993
7190
3714
15469
20079
4078
15499
3945
20393
10161
18067
4291
4015
11542
8131
18017
18326
12991
3161
4293
20802
2714
4355
5638
4715
11789
2143
4881
5959
22376
11772
18920
17806
17741
8746
2553
19310
2146
20748
11402
3881
4859
5174
12802
13805
13726
21644
1734
13763
13704
3913
2865
6270
13007
17770
7930
7407
20204
6184
1942
6924
17938
6853
8416
4247
12367
5302
14275
8656
11300
20915
11184
10288
15500
12796
10688
12683
17751
1818
728
20835
18248
10455
18639
2533
11141
19861
10678
7989
5786
16665
5043
3570
15941
1661
16445
21378
22335
16662
4934
3600
7127
15379
6449
19331
16338
1838
15334
2779
7790
21403
19624
19497
16582
10206
1343
9590
13996
4024
22410
20482
6846
12322
472
2235
3858
16500
3796
14615
3293
11981
16526
20534
6567
22034
5034
18528
12567
15455
22152
6843
17957
20725
21943
20755
2263
17904
10338
16909
3130
17381
15264
7594
10830
2632
12100
14201
16288
5159
5114
5746
9809
20186
18918
15996
6889
19381
4750
18580
17571
20782
1738
5693
6665
15396
20627
21173
7414
17488
2548
1899
15286
18206
7702
10529
14216
3428
19345
13064
12581
5374
20028
10991
5423
13594
3871
4073
17575
15013
10070
18884
21487
4182
2859
17704
4872
9115
9672
21415
12632
1883
7491
13326
14329
16152
9119
16392
11614
22097
16294
13372
7205
9911
21194
9441
9954
11656
9835
11114
5301
9198
21142
12474
15456
18233
2979
17394
5216
12772
3506
20860
2654
7304
7158
5657
10612
20806
3031
5673
7796
11009
4789
4290
4986
19049
8828
6191
15598
13587
6831
15336
7392
7766
2815
12035
5901
16824
3348
13849
10652
12159
14291
20869
5424
11039
5754
12060
20839
18653
16503
4955
17926
15253
13967
4008
13482
6593
4474
17929
22339
11635
18343
13201
16719
19552
14214
11940
16230
18070
19951
1995
13028
3153
5368
3248
7098
3849
15680
11355
8881
12103
22268
17225
1782
2013
17681
4267
6765
8585
10919
4422
19689
20273
3923
6986
10113
5907
16807
6170
11615
7624
6061
14100
14857
5990
12352
11993
19336
13085
12082
8165
4895
18241
3832
19713
17425
11259
6969
12586
3500
6988
8195
8797
21794
10746
4802
18583
22060
19323
18674
7764
15426
9715
16832
10232
13696
16497
16604
16995
1855
3488
19719
12616
19466
17944
7865
16300
9423
4956
11827
20805
18329
7792
7785
14947
13622
19054
6925
21382
9866
3193
2555
19025
17401
21005
5065
17463
22035
21014
10610
20974
5008
2826
8408
8021
16054
4844
6861
12897
22409
1717
4430
22314
21435
9014
3562
5475
19648
22178
20330
3751
18362
13909
19606
18438
10846
17998
14313
5841
9375
21465
13063
3401
3905
10036
2717
6870
3058
1828
7863
17403
12397
4945
8406
11820
3880
10533
3016
13446
13580
21709
12197
12485
15078
12164
12373
13773
12158
19692
7238
21553
22464
5089
16076
8871
10599
11784
5249
15230
18148
13022
3597
19217
18143
8861
10567
17365
15493
6716
12924
7583
16546
10523
7326
14567
4662
12125
18254
16942
14501
18249
4883
5999
20817
2526
7596
11016
13391
5530
13343
16202
6908
15913
13699
11515
2511
10327
5867
15559
4231
3240
12063
6547
13501
9211
17339
16629
10158
13877
12903
12344
20928
3523
21934
12065
11334
12515
10758
6913
21219
4853
13772
16878
12182
1861
11872
21539
17182
11318
11252
12242
17066
16834
10568
13088
2030
5865
14949
11076
10136
7984
10176
15842
10948
7309
20605
9588
11169
1915
381
2602
15486
19047
13544
8260
13767
16567
21692
11154
5195
21770
15348
1143
6598
19740
11394
9481
21636
15295
21868
9549
7639
12281
6216
19945
17191
20701
17989
7830
15767
7953
16367
18145
9245
1974
20336
18357
20113
7505
17301
7113
16115
22434
3055
9516
15555
16219
19434
2171
21494
8414
8812
14968
10502
7588
4866
6537
19122
11549
4949
12276
3441
3190
21551
15147
2049
7915
19665
10054
16699
11214
6894
3298
10150
8261
11131
21737
2762
9798
7724
6975
15079
13442
18286
3627
13135
5136
5299
12711
21971
7627
1569
10721
1550
17134
17532
16838
12659
12537
13489
2772
18962
5505
9899
16980
17841
2656
12865
2559
15226
15535
5565
20106
8719
2821
3652
21428
16335
8433
21129
2200
20247
18345
19446
22439
13345
4487
5949
22442
13361
12251
7779
19898
2706
4107
3507
18456
8562
10019
3835
5100
12386
10157
17180
15611
22347
2763
13919
5050
12852
15489
12206
6334
4970
16075
9765
16494
7008
13023
14112
16713
1864
4837
19438
9610
8476
2906
17981
11392
13911
14754
12778
3164
3583
3815
4080
6776
13941
1709
6123
6117
8898
2068
1853
2251
8598
16606
1730
18434
5708
1788
12044
5026
20850
13629
7193
13251
12558
9022
9530
9951
5769
8802
5020
12676
17008
18592
9482
11628
3754
3129
13075
20572
19334
4479
11105
18513
3145
2300
13044
21076
7607
6381
16259
2360
12404
16934
5883
22422
3994
12126
6356
3657
5859
13454
6751
9734
14295
20419
1973
21099
16848
19413
2666
8586
20912
17205
11706
2396
20026
1696
9589
11474
8760
8187
14105
18571
3284
3635
22420
16256
15811
3188
5649
18883
6172
10575
20208
13282
13749
11226
9737
10999
1688
15356
6521
7689
4826
16496
12888
15827
1383
16704
115
2183
7382
7380
4174
5594
18395
7336
2274
10476
2775
18038
11751
12108
17043
12385
22105
9286
8759
14867
461
9130
12788
21677
16694
5447
15794
5017
13641
10693
10532
9042
13024
14655
3151
10720
2445
11385
15227
19339
3326
10762
19342
17503
4743
13169
14412
9079
13751
20119
14254
10404
13185
10003
10776
8603
366
21924
21566
2084
19154
1681
19839
7373
2705
11117
6982
10933
6310
20399
9783
11891
6810
17928
18159
9205
15991
8172
3068
12944
3127
4935
19849
21978
18679
13607
20868
9370
9867
12085
10297
17082
12220
13971
15406
17075
3658
12323
16030
21800
18162
11205
3647
4663
21887
9470
13417
21464
13158
12325
13330
7378
2851
18259
17677
11383
18792
5817
13905
18552
4282
5568
2397
20479
9791
15250
4114
6732
19521
7738
5979
20181
11589
8039
20264
21753
20916
17615
12760
13041
5887
1758
10891
4595
10434
2766
1823
15796
6527
18459
28
3302
8487
3790
12506
16459
15477
15708
21309
16306
14927
17934
7285
20383
11307
17927
18098
12910
19999
10144
20054
2318
17982
12823
15979
3278
13542
7358
17947
10736
9243
122
6415
9019
21405
17104
11581
19635
2490
20867
10851
16000
13337
20611
3377
1831
14536
8093
13647
4385
11567
19808
19078
22133
9868
5204
5121
2241
18781
17077
20740
16776
17515
4771
9518
5276
11711
16745
4785
21469
15352
14734
3460
15062
10545
22377
18252
20102
12257
3237
6060
19299
4744
10080
6279
16501
7610
