701
16809
19743
21729
16895
14497
20415
11003
21120
14650
10440
19347
10379
1387
13294
4296
11332
10426
18155
9319
22171
8883
2442
15236
364
1722
8139
16869
909
16052
5458
13098
2597
15713
18906
9294
17983
17392
12677
496
17056
18427
20810
16960
19757
3070
18056
61
21491
2323
8257
7663
18966
7357
8505
5212
15531
10783
10241
8482
18819
7362
14181
16977
21662
9603
212
9220
11341
18216
5049
7735
18409
5183
18396
3735
904
2651
22124
3973
481
14205
12464
14790
1654
4502
2124
11323
9176
22265
17254
1123
2664
15839
11657
3741
8153
8606
17726
4111
290
8669
11611
22208
12461
6357
21955
17523
11514
6441
7745
21708
14031
18512
6818
19371
20276
17386
13525
18079
11507
9359
12308
21922
961
356
1783
17384
16427
15174
2596
7467
14228
15644
10264
11149
21489
2112
17402
11710
17370
6552
8049
3606
7966
6213
11158
12361
9858
9363
365
11102
11719
20083
3906
9692
13170
19000
19128
18886
20559
4499
8348
14862
18952
3630
22329
19135
2114
9554
15951
750
3533
19448
18744
6174
13742
16368
6763
22403
19302
14981
11550
8585
8351
5448
20892
22160
6045
16618
21549
1964
8001
325
21224
5149
7364
197
1269
22110
20660
18349
19573
19877
12408
15183
7005
17502
7460
7165
9138
8993
16972
16721
8188
2051
3935
17780
2252
4909
13253
2434
20888
12573
8216
19792
406
18615
8327
10468
1779
17833
17984
15714
16093
15986
10670
10439
5375
1193
3097
3300
21339
17148
19228
22100
4003
2409
7093
12500
17089
11809
12837
8893
4809
20750
3073
4907
8700
11022
21987
9160
8168
187
14257
1618
12749
12031
6932
21254
1225
2280
12831
2595
2514
16106
15612
21325
14260
21803
8869
5518
8026
15785
7173
20152
15634
1244
20024
20632
22316
18766
14791
22162
21214
12139
4209
10833
14804
6926
1372
10503
14168
1078
11389
17695
2216
10578
5513
507
13796
18729
1901
15114
14973
16846
9164
9125
13435
2018
15362
20135
20990
16017
15470
20165
6677
17866
1827
21054
1404
15742
14161
7540
10594
19667
19992
1271
12730
14948
1300
15606
4000
13478
5187
22438
17707
4225
2059
18105
754
20343
20516
7602
16137
13441
19870
12521
16291
13385
20820
1620
17598
6654
21663
10500
3838
3963
11585
9987
6163
4382
3451
15553
9514
9759
7015
13003
11228
2773
9000
710
20481
1339
9677
370
1494
14495
5636
11804
522
2229
18856
12437
6806
21211
14383
9156
7822
8271
4357
10643
13582
13735
20510
11917
11424
12252
13079
9287
21229
10458
4948
293
15403
18170
21231
9035
3499
5037
1037
17340
4402
6940
16469
10364
19275
7108
16816
3047
2455
16001
15594
18693
15419
12965
2422
16466
15223
17247
1668
407
6189
10995
15976
9807
13443
9525
14988
7961
4786
5948
22056
8519
5307
2444
2078
15240
12783
2719
19384
13085
19515
3160
20280
6618
12039
20617
983
19748
20334
19447
16968
19990
12666
4536
8957
21088
17581
11273
9618
18850
7919
17264
13494
6160
18690
7641
3252
10972
7150
5208
16328
897
9368
17848
16688
4275
3577
12472
