5765
122
7137
19494
16436
13294
4043
21219
18909
1619
10567
2814
3205
11860
9562
21223
11170
18297
2577
21024
9198
8201
4348
21091
5314
13971
21395
17924
4197
16256
13024
6514
12281
11936
7395
15129
16325
21235
6150
6511
12065
10944
10003
12586
17670
7884
9805
12467
2281
20242
1795
9130
8760
11772
9488
2027
2979
16942
12594
20993
8756
20446
17946
18915
2993
14736
11048
13738
10455
22145
22229
20187
1908
16507
9234
18225
4391
3287
20601
10826
16440
16054
20409
2826
10688
16909
4852
4581
9966
15889
8374
2512
8392
8320
3336
2392
11397
3258
22422
20916
4247
1549
19515
21939
19939
15094
7400
3254
21421
7208
19117
18035
5725
795
9517
2940
16720
4793
4498
6501
14964
10931
4771
14125
9308
5803
15371
18453
15900
1573
19282
12951
1546
16392
11827
19046
2235
18679
5568
11811
2300
8581
5080
10746
16096
5302
4927
18868
4137
7790
5567
19395
13585
3523
3883
8005
14352
5316
9414
21433
18775
8016
22364
596
476
21076
12682
4881
19719
13911
2445
4609
22446
12266
21194
21920
1564
17078
2407
15183
897
22326
2397
3408
18282
2515
1805
21788
18005
9734
18361
16497
15310
2789
1734
5915
17598
7532
16567
11037
5385
7000
12657
22390
3600
2865
18700
20983
5573
7314
20275
2267
18257
3971
2750
19648
21748
3477
5189
14578
19597
20806
21415
8103
4056
4474
4670
8244
10078
22150
10438
14968
1243
5754
9718
19096
5004
12570
9675
7505
473
2705
20050
6336
10060
15793
21675
3349
18757
22381
16182
21678
1506
19445
4034
19405
21442
13583
22187
2146
16686
13290
6371
13489
3060
19776
511
1873
12847
8009
20850
4742
21441
22250
8513
14239
19219
21173
18926
21871
237
4390
2178
522
7002
18790
13245
6964
5278
1770
7777
15360
13355
15888
5590
5409
12851
2273
11943
3452
9896
16922
9042
6184
1104
1756
15551
5946
17797
12863
17018
8739
7354
12278
20941
551
3988
10999
15070
1709
6678
3302
10830
3225
11635
19861
2210
16090
20130
3190
12006
21388
21341
9658
12251
3581
8770
12976
5903
11256
3086
19600
20527
13162
15620
18878
19304
15813
1492
15590
4826
675
4956
14780
16353
12242
19784
19863
6639
21098
3488
18413
12897
2718
7526
20808
3311
9738
11305
8160
6249
15796
1719
12082
8828
13052
8165
11774
5380
10123
2123
14291
22117
3027
20074
11325
3881
5930
13488
14073
21772
3436
15534
20637
10211
22402
3610
14750
18577
13967
13616
20509
5481
7781
14962
7088
5876
16486
20744
11169
17590
5421
13849
7940
905
1581
17290
5687
6985
4309
4092
11365
13734
10366
19287
1008
2441
3980
12985
4049
21090
18884
9032
12220
20164
5114
13283
2060
21358
16226
20593
16646
9441
20294
1899
4690
12329
20974
15365
3178
13601
18137
695
12326
15535
18148
3153
11576
14478
5835
10022
9549
4718
21312
17706
18898
8285
14533
12148
3668
275
2614
19849
18510
4872
2630
14338
17386
11881
19848
14395
2774
8915
9132
4291
21208
7015
18066
10017
1628
5368
12335
20618
6896
17818
9669
3261
16494
15600
20273
3824
17525
21461
20659
21075
21837
2140
20334
2410
12746
6969
10677
3298
8714
10327
10529
19853
11693
20517
6567
4074
13693
2937
18732
4953
9845
8752
18654
1995
10682
9139
12166
14519
14466
5159
4465
11441
2008
2188
2176
2505
1885
17998
17953
8113
20249
2918
11789
17400
6642
6591
7928
3623
7965
19003
15686
17865
7751
15556
5026
11393
15013
11226
12368
17757
6968
18814
19918
3661
4615
7156
20634
15489
2321
13913
4791
11051
9707
5867
20057
5611
6412
1303
21221
5907
5034
3422
20095
3348
11075
17665
17684
8759
22361
8208
13485
17287
22367
12913
13477
12732
3583
3134
7310
16292
3151
5700
20888
15230
13667
17191
7588
5927
14398
20204
7857
19379
1958
17539
14105
2187
12465
14294
4174
17068
10927
18145
6216
22410
16448
8717
5202
14238
15589
4447
13940
9810
10176
13169
5281
9587
10013
9160
1809
14745
4489
2081
17024
10225
19126
11658
2776
7392
19569
4784
15151
3255
21465
15614
19138
21644
7629
7098
15493
19408
13575
12984
13071
2907
12704
7954
6627
4365
11981
20102
12528
21000
16658
16620
16394
1890
6292
4712
10046
5917
14179
19064
8426
19017
14317
8511
1305
9536
8029
2329
11534
6776
7981
6323
18568
2152
19424
19249
780
2211
6238
12943
2638
4410
16161
12392
6094
2792
3506
2314
21106
7808
21435
4863
5665
12314
16243
10542
8340
2353
13506
15439
17705
6266
1238
10111
4859
9211
16075
6975
16832
14467
4027
11908
988
20065
11993
18872
9588
20766
5443
1434
16000
9994
16419
15287
6368
2161
11614
3703
22014
19659
22347
8992
19699
3265
17107
19488
7764
19641
5969
11317
17339
576
1516
20033
8822
9033
18081
3844
13183
15190
10169
11076
6541
21960
19326
8299
18551
14199
5949
10417
15640
2817
12044
19660
13758
13345
9667
16055
16459
15125
15334
12623
18422
17682
20612
11412
21232
6119
14899
17096
11092
20062
13270
20358
6381
17849
2735
17420
7163
17399
7377
16500
4669
9799
9201
10678
4816
14216
4814
10407
6241
17538
4781
10124
11193
12910
12892
17134
11207
5386
13086
12398
10633
22068
12412
2656
14881
22291
12743
16123
18503
12221
10482
16604
8112
1788
22253
1072
12958
22034
14742
1287
77
21384
18920
21139
3815
1189
10288
12551
13706
19194
19177
18183
2694
15441
9041
20307
2292
17430
21990
21440
8904
10665
16152
13475
18567
13775
3858
15336
6788
13832
19582
3041
15828
6449
15482
13136
5654
8966
13285
8067
16891
14614
21107
7976
15810
9724
8825
8118
7738
7792
22324
10141
18441
17104
14974
20942
6029
18809
2134
21094
20726
8461
8065
19533
11851
2257
16819
18085
6694
2982
13160
1818
3754
13905
4667
10071
4344
6487
15634
13431
10393
7270
3926
17831
17422
5047
4998
11117
18795
13321
17170
7436
5662
18671
3155
1150
3483
7346
21738
1814
19399
2642
7383
18249
16614
2935
3130
2360
19834
18603
18305
14850
14607
10800
8398
16116
4114
16342
18763
6749
15983
20419
9365
12676
18376
7167
1829
2859
4949
7762
22139
18177
5134
9474
17175
3310
18252
4428
163
17875
16811
12888
19415
2364
2068
16300
4762
12450
3602
17992
8203
21978
1584
12276
10463
11733
11861
16807
22431
2107
818
10995
13797
15358
11985
613
14959
13041
6809
3247
6521
9937
15883
20534
2242
15455
21512
16324
11732
17715
4272
4329
479
13298
8122
13310
17795
9483
3924
21513
21525
11128
10054
16231
3639
10764
18740
3282
18589
3675
6907
7630
5593
10493
2026
15225
19165
7382
10783
1320
4454
632
8224
7785
3020
15559
6812
20742
15312
13350
20566
3549
1606
17973
17083
13633
8295
19266
9224
18184
3402
5530
12197
80
9638
5826
10959
13977
7359
18017
5678
17381
8610
19794
12844
10599
7627
19830
20355
14416
3140
13701
5224
2226
3326
10338
8793
6877
5399
12192
20782
19199
21451
8833
7491
19791
5990
13301
4810
21786
20338
10228
9080
10517
7022
14834
21607
19178
4595
12182
20673
7472
8629
4883
10459
8809
9022
17542
21869
14672
2524
4206
7193
15264
19441
19213
3117
10964
8812
10920
21452
3673
16287
9099
12713
10373
995
5209
13909
12159
7036
2491
8008
10114
15746
19999
3016
21291
21618
6529
9530
15286
16493
11695
15486
7337
12485
5440
7117
17917
7020
13081
13890
10846
13087
9221
4731
6062
8308
21574
20740
5050
1706
17455
5760
2714
14721
4015
11252
7900
11816
21353
2221
20817
8011
9020
16898
15750
22363
5874
3405
8255
16836
18856
6831
20545
7858
18047
13619
11615
22279
19650
4025
12257
9847
18372
5017
4046
11204
20154
16423
4666
13342
13763
18317
16302
21636
19920
21947
2670
9286
6802
17150
9701
8976
6270
6838
14028
4972
4178
3285
2527
7306
12924
7371
7152
21417
9140
13620
6587
8882
18092
15636
3640
9266
5441
10167
7667
3450
12659
1688
8871
11533
18322
8018
1839
3507
11425
5597
17417
13696
9507
17585
17741
2733
5718
7450
9913
11300
10297
14287
12349
16671
12991
19237
16080
11519
9329
9772
15857
15499
3568
11940
9598
20807
5393
9662
1823
6677
3594
14465
6643
4673
20507
18111
15927
2632
13885
5145
12737
2503
3727
19913
15345
13088
12771
15629
13580
5200
3561
7639
1653
2526
12323
15268
16043
10113
2888
5950
4957
13933
14754
9209
10756
11622
3898
2763
11706
3635
3383
4644
1801
4505
11825
17023
3609
13129
21099
18063
16571
16995
16307
19970
9438
5781
18365
12132
22036
20980
14451
13544
13722
9834
1167
10742
5048
6924
10101
3942
8448
4080
9311
4519
11810
7055
13826
18628
21639
13023
9786
12373
7713
2691
4495
11898
4380
8061
16786
5174
7824
2930
10750
18357
9346
1996
12158
1970
1855
822
4347
21764
13019
12527
10244
8932
8077
2835
21714
3485
4392
741
7418
19995
1569
2197
14278
16092
12886
10880
7623
20253
15597
6402
16533
20752
5042
2289
3189
9465
3013
19799
20912
6888
6797
17434
13011
21379
16586
2143
719
12490
15250
21590
10612
7590
14009
161
7703
15789
20890
12975
5846
5061
3687
10299
4654
10907
16783
13772
17807
20427
12187
19975
10956
14999
19718
3782
20141
16336
10122
7993
18049
8945
10380
1604
13945
2019
18186
11994
8688
2307
11499
10119
21621
19877
7599
8518
21200
2768
8341
6894
13501
19438
9792
13066
19040
13424
3722
16371
2660
1593
19402
10295
1643
7222
5099
10739
22351
4794
5767
1731
13404
19355
9886
19217
2393
11420
14654
13473
10782
21104
1114
19715
19591
19201
12568
16349
8623
12843
13684
10340
7989
7956
11549
12855
5691
14227
22021
6363
15227
16790
9765
5869
12363
11589
15258
9590
3833
2015
2741
21913
5996
4455
5941
16546
11124
19546
16878
11541
6431
10394
5069
1717
20230
10695
15587
11400
4282
3106
11388
4663
14165
17526
16441
6338
2943
6655
20394
19011
3284
3725
2481
13103
5674
6732
3761
15708
16149
12279
2215
5431
15657
15166
17192
1642
19537
2469
13240
18660
3699
9462
2530
8773
13796
15165
6540
10298
8433
20788
8405
13185
7936
1705
7444
10328
6619
9935
8382
17893
5419
1981
11680
18162
19284
1729
16216
11668
9135
14771
17463
6310
12103
13370
4935
10628
19159
21403
7831
21108
3193
3030
11447
17223
11607
18680
17143
21530
15740
14797
12063
5979
5800
7955
4409
19373
7072
21754
19345
9954
7975
10192
8241
21080
18261
1861
14599
7950
18485
2755
9482
7013
11714
17505
6507
14302
3064
18098
14295
9823
20491
12669
5773
3345
10023
20006
324
12105
8508
21794
3658
11570
4980
11488
7508
18410
7948
6825
9800
15752
18815
6853
6334
17982
2828
3647
21009
1143
17286
8303
10624
17052
22376
10740
19256
4290
3418
2555
6133
8196
1475
13625
22235
9969
17123
21857
4106
10290
10229
17678
22438
2977
9866
14322
1925
5315
20661
17699
7596
3161
993
19808
13079
17609
19508
20925
14336
17428
18496
2551
771
12607
1893
6030
7326
14382
13064
14567
6692
11567
13527
18355
16824
11715
4268
11511
4620
3288
14656
2867
5884
20563
21122
20658
9432
9014
18761
8622
10948
20082
11879
11138
10133
2227
14066
4730
13587
7756
22119
856
12736
20532
18070
17375
4504
20054
6989
15273
9904
6664
14354
20052
6170
11934
21753
18008
3652
20652
11945
10336
5015
14104
5902
13790
10007
2191
11990
21815
16285
5534
2665
12386
3120
8063
1420
9133
11518
5936
12245
7112
2885
1646
4255
9835
5722
4557
4937
18666
18974
6747
4665
10533
10993
7704
7926
10241
5901
1155
13022
15379
18996
20484
2593
17751
10875
1216
8707
21804
7774
22
13636
6624
14197
2944
6697
11321
15352
7175
1060
19163
710
9010
10070
10587
8723
19111
15356
3188
13970
21866
21401
16852
7947
13542
18714
19401
4971
2827
1075
16166
7062
22109
6516
18214
19385
8172
5688
2320
17558
3931
18903
3796
8898
6909
2386
8549
13379
14867
7613
4026
21041
2480
21637
14106
6593
15768
12653
21081
20866
8562
10717
22298
7825
3822
19410
9586
21101
10780
8406
10699
11131
20066
17748
8506
9070
12922
6433
19460
10726
21103
19466
10086
9516
18020
13997
16384
1485
12331
12744
8278
1837
13869
6926
18033
21925
9781
11016
16861
15779
17471
19713
11956
3560
3099
3111
7470
12754
1556
14208
8190
5566
16409
12143
16649
2567
12967
689
10933
3164
9267
4501
6859
8751
21268
13567
6326
14680
2435
16626
3552
16059
4103
342
18696
6546
8154
2401
11005
8195
12583
8480
22348
18350
14226
11821
3401
16363
4422
14132
21802
4140
2855
22141
9791
15910
6660
3464
20553
7103
3850
12129
9289
13390
12708
9204
18622
2602
857
1832
13158
20882
5684
17679
18433
15274
4402
1021
15619
12489
6913
3574
17365
21487
11164
5727
21468
6378
20297
14079
16706
18212
16961
8071
5091
12126
8037
3688
14137
18767
21126
19258
2382
15170
14888
14296
18438
8020
21692
5834
20682
1140
13188
5466
8280
12296
4467
10377
18587
16731
5363
2896
19804
7896
12325
3197
16951
6101
12073
2483
5632
17470
2083
6228
1624
3058
11656
7114
18540
256
21495
10196
20383
3018
4727
15599
18157
6986
9860
2559
5866
4302
18389
21657
18335
3550
13090
12108
7080
12581
7304
20315
11891
12121
14670
5273
1306
16918
18343
16745
2030
15598
9424
16078
9494
5253
12357
2475
11855
18285
10768
5423
11271
1257
3296
2588
17330
14262
18749
7227
895
3171
10278
9900
13277
15322
3514
8944
7822
19195
8059
19263
20015
10733
15350
3008
5268
2945
20897
2018
11454
15349
11049
9911
3715
11039
8313
5928
19847
5447
5249
4407
16499
9046
6861
2448
16496
10703
3505
7146
8260
20486
22434
5746
4932
20609
238
10804
9693
16139
15261
17569
10029
5693
15814
8422
5769
16537
5264
17027
7239
10891
17496
3295
6874
4821
4952
4416
21600
17572
17913
7779
15913
14431
3227
18141
4514
9423
22377
3248
4355
12810
1942
5574
10474
20476
2039
20026
1435
3792
21868
8619
14740
7815
9778
16100
20860
7267
10894
4535
17995
22221
3139
15084
9094
28
20113
17066
4818
12442
2390
19358
16963
15832
2731
5052
2563
283
22312
20117
20735
9154
11394
11897
4448
11872
11338
2048
2968
482
18041
21464
5468
2829
12700
3818
10421
8093
10751
19924
6716
7819
10052
16373
1545
5116
7796
10354
2581
16314
10835
21747
17851
18867
2132
2553
18248
11089
16230
5812
10164
14247
5889
7909
2556
18883
14000
19018
14119
7611
1862
2542
2003
15550
472
4073
19898
15815
15147
15128
1730
22340
15411
10502
12633
4168
14704
18892
7159
8360
17283
9437
15031
4916
6337
21812
20933
10545
4785
5424
18794
7131
12879
2980
7835
4787
21135
1720
7826
19647
14366
11724
7519
10949
4534
15680
11690
21893
15247
502
4617
10416
16907
22133
7448
7987
9767
18399
11503
8962
20051
762
4005
15295
14634
12558
19299
20124
11689
15272
21924
16319
8141
15609
21089
3968
22420
11937
3085
4844
18835
8187
19210
10767
15275
11068
4591
22464
19839
7916
17586
16011
3105
6698
2912
14488
17322
9340
15893
20640
9481
20707
9381
13034
9205
6256
14274
15834
6658
15398
8197
4943
7767
15622
19527
2150
15967
8787
3853
18397
9572
20500
4381
9306
18702
1601
3249
2804
13226
10305
3812
16445
20259
8819
2266
22198
2728
13688
8306
21892
8731
12978
6315
15022
9157
10080
14412
10398
12446
12396
12765
21934
2622
12819
8298
16264
16954
11111
13854
13816
7105
17615
10094
1548
19109
15763
20690
8047
16618
19895
21117
18459
17772
18880
14794
8979
18110
17196
1669
5360
22186
11609
6277
3855
10876
7238
7805
19054
8021
12729
3992
17510
13910
2302
13975
20939
14182
2534
19902
17443
2734
3625
5753
11720
21072
2394
2108
8287
3592
15737
17499
16607
5638
10475
9690
1826
11242
2471
17801
10206
4148
4866
17930
3657
20787
17075
11904
13288
16765
14785
15053
15161
7649
16610
6280
18346
13330
5606
18829
18330
13751
19286
14349
9051
21302
9064
1078
15206
14018
16549
2179
9394
12788
15405
18728
11752
17784
7381
13402
7364
5633
3571
18801
21807
15462
4204
18759
19930
1169
569
3363
10559
16356
16501
190
9410
676
7190
15887
13877
15185
11628
21058
8716
22437
18764
873
10019
6971
1565
2111
14436
17640
6689
20241
884
13165
3702
5911
19665
10187
4522
17329
22016
18174
7882
7685
11044
6410
8167
12346
16276
6351
15050
21504
10464
4487
1867
1083
18528
18351
22000
20028
2815
20009
9503
22193
13454
16294
5814
9523
16018
18143
3017
7344
7380
14044
6779
7786
19833
21242
8342
10434
19273
6153
6978
10461
17500
12576
1853
8834
7830
14270
15515
11820
18251
20475
17219
12350
18506
20769
3820
3054
17351
4426
21501
18792
6020
2045
3317
3055
12574
16772
9324
5899
5036
5215
11161
17285
21405
22006
10485
17806
15862
19066
9008
16934
2508
15130
2474
21292
3297
8338
11571
6489
16748
15926
20350
21357
20598
372
12820
17701
13337
6013
8628
13882
15179
8497
6166
11384
14210
2801
12172
7407
18758
3501
6688
8724
8333
6267
13401
17979
13666
17972
17205
12642
19752
16841
12584
7116
3802
10543
14223
5648
4012
7806
3159
3601
9776
12188
20663
20196
1952
12402
14026
20321
19140
16938
22174
5414
15516
18420
2678
10758
9965
3651
22427
20200
22257
17724
13635
13988
17843
3570
20379
6279
3458
2821
9747
16974
12445
14856
13372
16370
7968
13376
11476
11840
2861
9672
10157
34
11029
19624
2772
4104
3325
6450
20627
12637
2044
8648
4847
18989
20915
4078
17301
13044
5554
15583
16452
21142
21012
11795
15829
21471
17872
5094
4458
8733
3534
15895
9170
460
2222
18623
18962
10753
15460
7578
6093
9332
10428
21885
21503
4429
1681
7272
12974
10550
4750
8468
19181
20972
18639
18711
15396
19685
7012
14886
14242
3972
13532
556
12971
18588
14526
20701
22332
2136
2275
11025
12944
20020
1605
17043
7992
17704
10170
11542
5886
10478
4634
17320
12018
20192
17414
19151
10776
21153
10209
7226
9957
21016
3435
17141
3642
10130
11893
6369
4543
2172
3206
1542
21120
7846
4288
10853
20441
9243
19499
5872
17425
8625
7688
9840
2919
17563
882
12884
14298
10472
2950
19025
12604
15662
671
2608
2751
16037
2340
19118
14501
18189
16160
10144
14347
4822
13132
7478
8390
4684
5883
2884
12016
19112
6929
5204
3460
8472
6122
13773
6832
18362
5279
6364
1466
2322
12877
22362
20887
4445
7378
10093
10200
4231
3434
7994
15690
15816
22178
14024
14225
13314
21397
11887
6345
10325
13282
18562
7946
21700
6515
7930
7918
14439
11784
14329
18627
22281
21521
10716
15847
10523
6382
3621
3962
18061
15123
7854
8343
15881
20802
8233
6172
9445
5789
18105
14728
9223
21325
2301
17515
8559
19228
21587
15695
10356
9945
5550
17644
9988
21129
4610
1563
20783
2199
19078
13749
1676
15541
17448
20339
10011
12537
15448
17319
18524
19147
3240
5436
6408
15357
7817
16680
5859
3532
11566
17061
20234
7659
20805
19334
8816
20270
9851
461
11445
13805
13623
10706
22182
20295
18149
16789
14950
17232
509
3104
17886
3920
2883
9964
6843
14424
9719
417
6718
4934
11556
6889
806
9411
12911
3751
14655
16775
19860
12164
17176
14019
12567
17115
19477
11351
11319
18181
2510
20063
22383
4801
6552
6346
4450
22343
13788
14085
2634
21296
18798
19481
1870
5793
1613
15414
16888
5699
10259
3905
3871
19721
9589
18902
4748
18776
2951
3177
15205
4909
1905
20755
10548
17990
15456
3562
12382
19888
3509
19696
10369
2453
22074
7865
1773
1984
3927
15858
8872
21092
12556
6281
1696
5395
2790
19009
3331
13490
4047
7171
17259
21382
2962
7594
5329
19336
18395
12859
22260
13586
18038
10655
11751
7285
6836
5875
7625
18571
4434
3917
8638
21905
5366
5404
11396
11834
16803
13430
22366
21148
8572
8906
3869
22409
7541
16218
1552
16794
2851
10115
11674
6463
20674
7960
3701
17475
7855
20285
18768
11142
19265
3089
15914
21691
3037
8479
7752
12206
173
20140
1736
13392
10532
15143
15030
10404
15682
3034
1622
19850
4509
20155
19124
21308
21362
9815
20605
6911
12858
10871
5616
17921
15513
20555
1894
22058
13085
6533
16141
5651
4151
2706
7358
8708
13614
690
8268
9296
17960
15078
8378
9413
7282
2431
19346
13650
22099
7984
13324
13028
13050
18845
600
4612
14394
5065
22050
9176
11896
8159
4988
15613
17981
9477
3118
9723
4596
6653
16637
8120
13449
7773
12852
15260
11597
1721
16800
15956
6598
17532
4997
14663
5081
12849
18778
7170
5358
7708
8039
20351
4765
9867
7009
3425
1417
957
19754
4768
19951
22076
7838
9322
7293
20194
8593
2501
5446
2723
14448
3114
12051
8653
1774
12404
4144
12238
22033
3793
9609
9950
16956
12253
4039
3260
3299
16115
7275
13070
1600
466
19123
9721
5973
19859
21253
1267
8401
21694
11259
14108
10309
4385
728
11868
14693
1315
18009
11621
7058
17662
20746
9730
6905
9265
13303
22461
18583
15079
14514
4479
17256
13596
11085
4853
18674
9036
1828
5138
12865
5586
10483
9142
18580
14684
3849
9269
53
18394
21728
21183
3538
14107
2414
6087
7963
14027
3473
21180
1596
4184
12901
8315
2035
5396
15226
19184
17508
15861
4356
14585
19747
6753
7631
15314
6496
13262
12352
22035
3738
9985
5276
19945
14734
4430
19374
6254
12344
3361
10610
4032
20767
6908
6032
21057
20576
841
7143
2762
13746
13063
1974
4051
19382
4640
13986
17243
7655
15811
8385
7425
9592
9930
11202
2816
7230
3567
14441
13546
15748
20506
2092
13923
4244
22424
19136
7935
16202
1887
7255
21941
13356
7560
14572
1976
15593
7001
6282
8577
15458
9416
18608
5079
17146
928
15038
17864
4360
9775
4970
6576
8972
9804
4573
16947
12298
8598
8041
9545
14573
11155
17575
10103
7766
17395
15220
10683
17636
21912
22067
2145
2086
2661
17513
21542
12072
19248
15741
12106
19816
3200
4556
18287
7287
9518
7485
9122
21494
18067
1850
19724
21034
11676
6505
7281
17947
4435
18434
13471
22183
3145
2121
22080
16722
6736
2318
13369
7214
6415
21930
17046
8867
12120
3575
7461
10252
1857
12313
4803
22339
2298
22264
13699
5514
3513
13753
13771
6527
21391
10020
3268
10652
1903
2905
801
1208
9405
1797
22142
13133
11927
19430
7814
15329
7603
19978
16650
15426
18114
6012
3441
3923
22314
6641
11392
21181
21244
17815
18270
8938
21981
8400
21875
2262
4481
4182
4978
20886
5374
22447
19209
16960
12461
9370
12125
19873
1260
12992
6105
21737
3634
8359
13437
4942
13850
9169
11403
2171
738
10720
6654
13732
11578
16133
20654
21428
637
2459
5377
10969
4482
2591
2241
17790
14555
13733
1318
21819
3069
5992
14836
3653
21406
16316
15451
8585
15400
5484
6604
14815
7717
8603
1367
16955
21483
17047
15415
1081
5506
15029
14348
16606
20111
7876
14425
281
16350
2084
3469
9079
9568
3954
4600
20264
22079
21220
3627
5933
12506
13590
5369
2396
14861
5006
20079
18465
5505
6537
18682
18128
1648
14515
7671
7915
15672
21210
10991
15082
3377
13996
18781
21554
20235
21559
19828
13721
21845
2641
3127
9856
13469
12823
11354
2013
6359
17185
15706
6309
15912
2871
4207
22458
18120
13375
13131
2427
4160
19310
3090
5863
11191
20867
3872
18978
7271
9794
17929
18348
3393
6054
7583
9479
10251
10738
17753
17537
1298
7873
14201
4757
8890
14632
1557
10161
22341
14828
22064
5120
3966
3910
16108
12439
21426
8212
3756
18653
2130
11581
9728
1594
1296
8978
16933
15997
20214
16970
22081
4593
4895
17814
2494
17904
21858
20342
3669
13528
8530
20120
3945
5117
10479
5029
1331
7584
18847
18519
16636
18648
14960
16293
22082
13739
19154
4252
18083
16526
17077
6423
15222
2425
19000
22379
6684
11199
8264
11619
4258
1623
13810
4990
20229
17127
11963
11828
21297
3068
5985
3167
9629
21211
17323
10277
8307
20864
20928
10158
19185
6421
17535
10204
17398
6879
354
4841
22239
18000
9409
4789
4650
7609
22024
15297
20715
13622
8913
5008
3355
11654
15977
7953
21996
20472
15868
16838
9906
5673
9489
17001
19419
18104
15293
13897
1536
4740
5043
13838
15854
2688
12069
12791
941
18899
583
18547
8863
20341
17669
18837
6737
20336
11114
16677
20893
14737
20413
18879
12035
15683
16089
17957
19413
4944
16901
7875
17702
8881
4404
1197
19538
17401
13851
7732
9431
6048
10197
19067
15395
2956
15062
22269
13941
8207
12198
4559
5734
17439
12529
3293
16711
6988
14005
15596
16367
14320
21564
7027
15548
13391
9634
17182
19442
2106
9575
2681
9347
7158
13563
4357
12909
14645
10916
9875
11464
20142
5076
8775
6582
7925
6761
13442
16848
13202
4245
13274
9245
9375
2065
9237
6881
309
16704
12397
6510
3819
8551
19566
20970
1897
19434
14808
8200
17300
5818
5702
2490
13573
9179
8052
21003
9987
18345
8007
14133
5853
4820
7845
6523
15368
2131
7538
12631
17454
18147
6884
20310
12343
13823
21419
20183
5887
7689
14798
6236
20324
407
13210
2947
4607
16699
2548
19813
14633
21783
14623
8841
19328
10312
7205
10217
3880
8442
20710
5271
19954
16439
8386
11743
1888
16376
13782
5434
2383
22105
18264
15473
19087
22160
21411
21799
20123
15253
16312
4442
5319
13007
21263
15140
13579
2758
8771
6652
19024
19022
19745
18463
1505
5565
20479
20245
19606
8762
9673
17993
17233
9727
17158
15870
1117
9722
13333
5100
2198
17180
12449
7600
16980
11832
8616
