20239
3263
8916
14926
20776
17876
20494
8242
19931
20832
5788
12250
16339
10238
10302
8336
7617
19734
17564
12503
2749
2319
22368
21904
2645
13522
11457
3022
18807
12530
9854
8364
4745
8862
20821
537
1343
7851
960
1940
22027
17032
12055
1560
3057
15833
9229
1186
8248
18912
542
5287
21245
16660
5845
20115
12619
3426
6819
13416
8423
6092
8345
716
11895
836
14343
11492
10651
13665
20359
18596
16516
14161
15003
21988
7525
8213
15809
18687
22151
11793
18338
21149
11322
15193
19831
13092
16040
17238
21552
14449
10227
19617
16792
7904
5471
8952
17406
21021
21658
2499
15057
22159
2699
6313
3142
18753
21792
3444
1392
11504
12995
2231
2151
2955
14852
15115
8747
994
2964
16147
15799
4386
10296
19819
21811
11858
855
12554
17502
10536
11948
20470
21285
14496
22292
11194
15241
17267
22400
6039
1522
7172
20672
15924
21597
1405
14123
7157
2113
13744
12596
18498
908
21053
22426
8645
14200
18642
2738
15661
7772
11121
16212
17298
11409
20901
4285
549
803
14732
9257
20172
17894
6834
1502
11361
11033
12701
14233
12658
8267
17552
19894
2696
17138
8001
13518
19365
21345
17222
4284
5729
9298
18533
21488
3442
20391
4261
3112
7616
13876
16621
20600
2823
2376
5717
7073
16129
8361
9047
18484
413
15442
11275
20265
19144
5626
9421
485
2195
17423
22063
10287
19077
15354
3603
20501
17418
2476
534
550
5976
13646
15582
1131
16734
12157
16330
12454
15916
1724
4856
17773
3175
5537
11268
14371
19232
11864
9092
6308
19069
19128
17372
4961
12089
571
19695
19189
8805
4378
21749
14860
1524
4159
16489
12480
19465
12227
19376
14694
3312
21119
1146
14820
5058
1204
2843
8851
12681
11548
12520
17696
21486
18769
1945
1173
18591
1286
7929
7573
19391
13628
5497
272
4968
16331
17344
9920
17648
10802
14583
10596
17200
6163
22132
8886
16540
12767
18230
1050
15563
18213
7340
20471
19479
11757
3843
17477
21666
21901
16027
1951
1537
8958
1385
17941
19042
12226
1804
22299
21589
12409
20073
543
10686
20956
21695
8791
20981
22231
17650
21439
11780
18069
20745
3617
10025
22131
5656
15623
5304
11857
9944
17389
2285
12620
2557
20948
20814
520
1540
1849
9674
7605
1663
7563
22011
3217
21361
9271
6332
17397
2333
6585
6144
22267
694
20615
21238
18307
13077
13888
16488
12443
22452
10346
9826
18058
10258
10486
6135
4414
9863
15958
5792
7018
7648
17040
1128
12949
1896
17239
9004
14512
16347
15591
2605
7771
693
16428
11045
7679
13807
16753
951
12698
11618
15137
17112
1079
14055
13713
1835
17373
21195
20452
7303
11082
9486
9975
1000
4536
12961
21047
1576
15285
13947
15335
8753
12766
604
7540
5442
7464
782
22215
13900
901
22175
4723
6871
2379
4340
6384
12835
5310
15042
15879
6393
11041
21757
9579
10705
18494
6081
2304
10831
1746
4645
18500
5181
12167
4493
2324
6786
528
12184
7885
3801
21201
3544
3376
638
17152
13323
8147
22372
5028
3019
10603
13702
21843
4833
17124
19950
15720
21562
12544
1455
11263
21580
6480
3005
12947
1458
1488
5960
5703
12359
10725
12711
7528
7493
15381
1368
18283
11801
8116
16738
4721
19008
6987
12366
3879
20225
4628
9081
708
10262
3306
5309
6545
10675
6958
2988
11696
15700
18697
14144
10480
16795
7319
1005
15100
20165
13222
4227
8558
13982
6815
14793
1957
6793
4156
1799
7715
21791
9366
1240
5833
6828
6165
16591
833
13957
743
20546
10361
4359
16940
9076
989
570
21453
586
19451
19417
14912
12616
15256
6314
21967
11823
4263
17248
9015
17315
18546
8767
1919
17562
17733
18007
788
21455
11708
4889
12646
6691
8821
6557
19150
10844
3042
9476
22156
118
10082
15781
5584
15891
20737
1598
1436
22419
14642
19048
19349
19783
980
15517
9172
20578
16889
1907
13281
14812
1229
11532
22207
936
14063
18139
3379
21507
18435
15020
20323
20713
5485
9023
12591
19788
15584
16616
6204
16252
3416
14014
2279
2484
13995
4030
20236
22071
3941
11067
7265
4287
5155
5473
10662
18956
12293
6524
21547
1149
13712
9546
11778
16611
21563
9700
12112
6147
4238
915
1292
20998
19755
19363
19462
20935
7192
1295
14733
1290
3624
7054
2528
8929
7546
11953
9687
8347
11952
10371
11465
21576
3740
12097
13918
19407
10367
7176
11118
20206
21265
1358
876
12058
7757
20220
15907
7675
6417
4388
22234
20760
17504
16723
11629
20361
8542
12302
14688
17120
17429
9520
4901
575
774
12334
1269
7318
8321
2895
8081
7638
7388
5243
17235
13159
4185
13055
14564
3412
4540
8111
12615
19512
21894
8286
18741
1219
20198
11270
12511
16084
19806
14414
5647
3044
16532
13120
2412
11265
20968
11506
14035
2569
16991
14156
1446
10955
13841
10392
10618
1013
13801
9498
21591
663
15142
7432
3973
4424
21725
4646
6021
18745
1411
5820
13740
18382
14637
19510
5604
14700
13320
11746
13935
7477
7669
21346
20665
15316
7853
6580
20430
4622
18407
14870
8412
21964
3777
11262
1207
1884
16579
13344
15445
10081
17030
7726
1179
14783
19917
19867
14635
10442
12228
8836
6848
15939
5787
15043
4510
13318
907
2719
13943
3195
6702
12081
4195
10898
1096
22088
6599
15292
9403
8199
16976
18564
6182
869
5256
532
10411
17264
18507
6025
7668
10268
252
4222
3194
5807
13455
559
8713
15346
17583
8494
3828
13524
22334
1500
3826
713
6079
5274
7897
20629
19585
15655
11681
16033
2385
9037
20859
11577
2237
16236
1735
10704
2892
5033
18977
2236
8556
22190
15631
5236
5313
11192
13293
4717
20644
8831
17531
4618
3939
6128
1752
5420
17457
4660
4886
14306
10810
20287
2858
1259
7683
7151
21283
19780
9459
7465
2628
16875
10112
10530
765
661
21348
2415
16474
19875
14212
15401
14660
14937
12483
13059
7991
706
21443
11069
17359
3773
14598
2328
3208
15859
5258
18975
13577
19953
19639
5172
10766
1202
17839
4637
21423
12941
3410
21777
22179
4369
16414
7635
11502
12579
6991
18508
10087
4511
22308
21616
15164
6526
8323
6214
12825
2312
4899
21831
6849
11777
4965
18426
7302
3619
3096
20959
10042
20727
13493
21872
12219
18922
1178
21234
17362
17518
13150
13218
21655
18630
17045
2305
14094
10384
18556
19293
2166
4243
21622
8846
5412
1518
17600
12468
13697
19361
6192
17468
13341
8064
565
3689
6052
2635
2862
13348
20932
4733
16281
18865
415
11481
1188
21723
5615
5569
15342
18932
13533
16454
21718
14556
12260
17125
14301
13818
10537
11883
20268
13208
16957
19240
8675
2020
21833
11133
6904
11055
14665
2522
17557
5283
10546
18532
15171
9861
5482
8355
10090
1375
21390
5168
19145
19034
14683
3498
14690
1064
18294
19281
18780
11670
13781
14606
3582
12747
19955
15824
5037
4710
18076
21993
8876
14692
815
20468
3645
14417
12333
9293
1284
11006
2504
13006
4812
14261
9591
536
10396
1949
17116
14506
15061
2246
6227
8715
16554
10940
19812
14869
5932
12519
17919
756
20058
16858
22138
6406
20463
6725
21672
8070
12304
13474
8596
21038
15775
15041
7233
15812
9762
1941
4215
2219
6194
1057
1432
10647
7234
17073
11640
8462
3918
14333
853
17063
5975
19908
21132
21198
20128
952
13994
16547
19545
3772
21558
18367
14610
21462
4405
10942
10216
15937
13707
14251
16663
21492
8703
18862
12107
18423
13362
9808
15032
2103
890
11413
11798
6799
8354
21251
18215
20954
16444
13182
19656
17234
20376
14312
8256
14865
20002
8536
7710
11677
5060
13553
981
456
18364
2781
7232
4403
595
1716
6637
18094
5816
17527
9065
11030
11080
21215
16539
2507
11414
6951
15075
8680
13180
6626
16113
12096
21830
10970
21582
12165
6590
15375
9895
10644
16802
2429
12413
7370
5426
6742
15443
19079
1276
11742
22136
15804
3989
9226
13032
5862
8995
12565
7829
14253
6349
19763
20421
20947
14546
15324
12193
4468
683
10451
18598
6927
4996
8973
10962
14102
8312
1790
15950
8634
8971
4904
17931
2949
19021
9953
12004
19927
15208
4091
9852
3220
1325
21744
2380
18314
13017
16523
585
20502
16426
12934
10415
11932
7071
2175
15377
9233
19514
13889
9433
1109
20514
18797
3007
7016
11288
16179
15877
4312
21556
2978
22280
10034
15124
13181
3637
1513
12587
21579
2024
4697
13541
5692
4954
22051
9506
16422
14334
6876
20515
14853
8534
619
21696
1085
1246
3144
14426
16893
6414
923
20931
6365
6869
3605
10796
5588
18985
15660
14178
4973
11877
9195
9948
18125
19674
7580
22395
17332
1359
5934
15311
18774
7964
2713
17297
16053
11405
20568
3856
22333
14093
553
4057
3540
21355
578
19103
12981
19612
7457
3607
11421
6224
2032
7634
651
19749
1847
21680
14762
6109
1102
15353
16472
11090
12083
7037
21166
22153
2695
9191
10291
4470
6452
1366
930
10700
1592
4946
17341
5698
10619
12612
6855
21333
13973
10525
5408
19603
6388
2662
20032
1065
9841
17567
11490
11939
8251
4313
15843
12208
4763
1841
12983
13351
18195
967
18743
2259
21603
7219
14122
22087
8254
17645
20738
3133
758
2626
15067
1539
