10572
19719
10187
16385
1289
16504
580
6158
190
7261
141
22033
10948
20365
6104
16593
13052
4542
9416
269
13418
17204
14311
20259
7703
14955
3201
19020
10454
8525
16036
21103
22266
7378
14517
6642
21943
6133
13798
4645
20839
16870
3085
10340
15333
17638
20379
14968
6216
6267
14299
13294
5507
4313
6450
3102
10270
17134
5527
2275
8643
904
10396
18611
6718
14378
2038
12288
17060
15256
9664
18353
1785
19092
20506
22463
13041
8948
496
6817
4911
16089
9034
14410
9948
2507
15769
14302
16532
12729
18530
11049
6713
6193
18784
16456
11019
22372
5767
5819
6835
7468
7711
7530
15900
17040
19413
4018
10432
13323
19399
4515
4939
4814
12917
8871
17301
5369
3151
1520
12474
15331
12750
923
17651
20967
16541
15911
21236
11745
18089
17177
5889
21221
19357
10419
2928
7994
22006
15958
691
9800
20662
17601
1260
18906
13906
7128
13833
176
15952
19803
490
11946
14376
676
16125
15390
9748
21788
11504
13814
6211
531
9520
6032
1218
8916
13030
17994
5912
9903
10253
4942
7188
2632
3570
18610
19765
20859
13503
19295
16257
1227
6700
14853
5840
11462
8411
21412
1590
11954
13566
17171
4365
17153
16188
10517
2212
10706
4195
12126
5639
7783
12685
5036
14006
21842
6830
19124
5920
22001
14839
17072
359
5021
13944
20798
20209
22237
16639
11272
19111
14229
5605
17229
220
8589
20208
19490
20200
16255
21767
14584
10651
15556
19608
1040
5814
706
19819
12848
2783
8866
10290
7960
17444
13085
12253
4835
1143
3402
17346
1584
12670
16445
10715
12656
14808
5286
465
295
14260
16306
1563
195
21285
9797
7917
4020
15949
1519
9404
11343
16877
6268
8807
21102
4760
12988
6185
17741
477
2776
7137
7170
11304
4375
3939
7659
13560
5100
19758
9171
5999
12858
21937
11549
19418
19999
22301
3836
11786
10816
5310
11164
13505
9852
20973
2751
21803
18419
16818
14351
1158
11148
255
10800
20935
4957
7312
13067
12412
10738
1309
18328
11600
2376
11876
17788
8233
544
21446
19430
10128
14116
1466
13850
17185
12313
12031
10830
5793
1959
7820
16421
9461
7156
20194
12963
13200
16372
16018
13992
17573
2591
15847
7274
2599
14167
20649
10721
21546
11111
11388
3022
6655
19914
14605
20898
12951
19763
15287
2242
21881
11120
6337
3977
15379
6839
9755
7371
8428
5514
15064
5069
20422
3081
13535
12402
19495
5714
8129
17757
20007
8594
13076
813
19723
14126
8109
10685
14863
16774
19091
638
14476
8677
4594
6649
21224
7462
19923
9455
10775
1045
17055
21443
5228
11680
15309
13994
3812
8855
21709
6076
10087
3383
17373
22433
13046
6440
10362
18347
10990
22074
7854
3276
12784
1581
1170
18897
7909
19274
20185
18536
21521
15093
1308
4458
15330
16067
7539
7858
20122
19524
14416
17104
7649
20484
5991
7767
3483
17973
17059
5865
942
20123
2015
10031
10052
3083
922
11299
20644
8680
22054
13579
3787
7163
49
8269
16634
3248
11137
20439
3850
13610
6960
19784
22268
6252
9447
3457
3623
18915
21388
3190
2164
18483
14622
3267
3862
21665
13243
5408
11284
21436
3652
10068
11403
12198
15104
9970
4748
6727
3800
15466
6725
13739
20903
16644
15279
2066
8846
21820
13059
20817
4219
14673
5151
4504
11041
11123
10287
10325
2027
19540
3435
13812
16613
19658
21490
16129
13218
20131
7063
4954
10919
7658
3001
20243
1277
13570
1054
855
15001
8506
17782
22053
20376
21057
12945
14831
12970
18035
3659
3993
11098
9173
2846
5146
3824
20324
5779
5285
2968
20161
10589
2178
11008
15739
6496
21308
18821
20819
2810
431
16903
21739
6491
5602
19237
3162
21758
7346
10064
13676
19595
12836
7207
2411
1760
4657
14759
12701
3550
15022
21860
13262
17648
7839
18844
14866
15797
19743
14300
5116
4424
19030
19808
20280
8373
3349
13153
20360
18257
21036
2574
20917
4420
8708
8281
13852
9253
12376
18761
10130
8939
12720
5032
21853
15142
10592
21190
8491
15817
15102
10972
14560
21451
5835
5329
22045
21829
19467
19419
15183
14096
396
14579
13222
5744
13051
19941
4319
21648
14478
17391
1286
12364
13113
18936
20180
18919
7455
14143
16562
1130
17709
16964
20301
8644
9419
15285
15712
4583
9258
14106
6893
1614
16938
10077
2368
17993
15010
9328
13341
16769
7042
22316
9853
12357
7311
15503
17518
20093
12189
10200
4611
4793
11498
19716
12924
9669
1648
17330
18498
12118
21484
1717
19892
19291
2374
5187
13281
16208
17914
17256
1211
10740
5204
2300
9172
9957
17401
16962
3065
7348
6825
18033
6239
13898
14772
4878
1426
4511
8258
8857
20404
21110
14843
14846
5323
12732
19533
16947
13574
4548
6722
2786
15135
22357
21158
15077
16050
18684
13696
21574
17547
21027
7416
4479
20466
11326
4993
16006
2315
21567
15782
1446
15874
13795
19637
10359
16652
19143
18219
5863
4714
22244
3719
10479
5090
1784
20559
7285
11197
3440
17893
7310
664
4268
21511
10286
16680
13306
13813
14100
7784
21884
13178
6879
12249
6224
14758
12187
7569
14442
8203
8175
2746
4
7132
20500
13805
20734
5059
12697
14496
5049
13534
73
21597
22169
18814
980
21298
5425
17570
20972
8614
3212
1313
6949
13274
17715
8248
18444
8061
20617
11674
18865
12518
21599
15084
12789
12491
1331
12509
8945
13762
3111
14198
5535
13754
9139
19885
3277
14210
21851
13390
841
19118
5930
3337
13006
18207
6537
6101
22036
17405
13074
2722
1595
10203
20864
11311
8566
9549
17879
15674
18467
18301
11251
10955
17640
642
18316
4094
18158
5792
10608
18606
18148
10778
1839
4500
4544
14978
13904
1019
7123
20367
17786
13835
1178
22272
12449
1062
695
8171
17050
19259
19250
21230
14931
15120
15987
397
2053
3593
15260
6258
535
8252
14162
10796
2586
16318
16101
6772
8423
7629
10028
15343
17485
16155
8909
1604
13926
13196
14296
3895
9054
9578
16121
22201
5012
6575
6375
5264
2860
2039
2515
6487
13021
7097
7590
9937
20992
11615
9916
4038
16439
5256
7950
19624
21197
19591
2113
17684
20925
955
7779
17671
20705
18464
6963
2633
10096
22355
1273
7769
21902
11271
12596
17351
13186
5353
19145
1416
2398
21271
8246
5445
12843
16132
18675
11242
19253
13804
1819
14692
11245
346
9410
12447
16522
11147
8769
14852
21906
944
6653
9188
21414
12958
6368
11465
10757
6570
10865
15735
5092
13493
22198
7821
14207
21611
20105
8962
1904
19481
18691
10455
2557
19718
10138
21341
4853
22142
20877
11155
22
3609
12215
12018
19094
9035
19859
22222
33
3235
5047
5197
6432
20
4815
13664
19526
8940
925
10046
8070
4794
2298
6927
17935
8779
13127
12592
5797
18435
16832
13974
13581
16157
13859
22223
14129
6794
16668
4913
17555
7357
16197
15457
21123
3964
1878
6502
18870
14644
14142
22075
11071
4321
11884
20621
14320
12623
973
3459
7493
13884
9872
1569
5895
758
10324
18478
15548
15752
3241
20053
15036
20199
18829
7181
4750
16082
11144
4684
6538
8801
11167
5830
2512
14544
9785
13377
3306
19037
5211
16786
10795
15476
5497
3849
1805
10296
7491
12619
5384
3820
5344
11534
1108
9168
15597
4086
21119
20835
21041
9503
18604
15437
22084
21241
3665
10767
19180
18563
17333
10292
10901
21719
17078
18762
2924
9747
11413
18202
5724
15928
569
19843
15573
20614
11868
9952
21836
9441
15406
11440
16227
21331
783
13753
9448
14557
3893
2607
9713
17542
21297
17981
19163
16665
21494
17140
10188
13202
14629
12406
267
7792
7652
6516
2299
8355
2657
13131
12759
15079
6210
14274
17794
13354
8084
19031
17851
17527
1624
5128
5827
12726
21652
21837
9411
6190
5201
8750
18790
20479
844
22125
842
13612
19209
3938
18173
18589
5913
22295
14896
10587
4244
9131
2536
9211
2443
19722
10060
1630
265
2958
3680
256
9806
2031
15053
12586
15082
9409
2831
11751
2487
19191
12332
98
5968
4744
8230
11733
14259
17847
15737
12581
16472
21445
17517
7101
2356
12295
16898
10609
18385
13670
4711
19070
8407
20495
20004
17183
11045
9033
14137
21785
21833
21214
21923
16042
19908
15886
18106
15781
1200
1296
12717
8425
11941
16143
16705
21972
3026
14885
16243
20040
2490
6023
12213
12117
6478
829
13417
11598
5471
14946
16057
19555
4889
13369
16863
2283
13506
11130
20114
3610
16869
21225
2018
4130
10003
6300
21933
19978
16078
9795
7448
17358
20893
9122
8217
14796
9096
10826
6436
17486
6654
14088
6822
8654
19850
7215
12112
9575
4737
13826
14417
18983
11193
16087
11500
8942
11486
8662
15376
15040
4927
18562
18019
16346
1456
16956
12770
5407
9925
21759
4346
9219
2453
7714
18186
5392
20669
799
12164
18374
16245
20400
12997
13960
3387
4368
10879
11215
9326
11835
13068
12833
4150
22029
18491
10491
5833
13735
15762
13734
9476
21461
11300
8604
2498
8054
20755
9931
2622
22190
12530
2801
14144
5293
14556
9324
7665
17861
15610
5884
12731
20278
15274
13278
15670
20224
13885
5363
4947
8770
7174
18050
8886
18693
7298
21969
5163
4822
1544
7519
2882
17167
21415
12578
9337
5450
16681
2772
14728
2734
5319
5747
19634
2071
19834
4372
10299
689
14163
3309
10764
12314
14559
18458
13861
15189
21276
885
4940
10944
8478
2803
5723
18666
6808
65
10498
2195
12276
11044
694
22308
2004
18733
5218
10743
11439
21978
20977
18851
8696
18922
3907
4952
12928
429
2805
10806
9243
10973
6561
13766
5013
8876
10476
14515
7949
10847
17417
5035
17583
8754
20718
3259
2826
13364
11872
1574
18727
5332
5484
3284
17663
21770
15420
16027
3983
20716
6130
2107
9010
6426
20933
8412
13065
17533
11896
4430
14482
8380
18964
14303
17731
11288
7135
15230
11715
20792
6803
18417
12454
18706
18531
12519
13775
12363
109
14324
2917
4347
6364
9436
13082
12197
3346
1339
836
10610
9552
8497
16699
14238
18514
13623
19543
12219
650
13628
15934
18532
18127
2303
13130
12372
19860
15878
5811
16303
3988
16077
19339
9345
15296
4507
9366
19648
9311
9367
9415
9433
17515
22450
10858
4699
3144
17107
17610
1479
17047
8198
19261
1163
10669
15869
9052
13666
17737
7167
17562
13128
2284
239
16220
9128
17758
13483
818
16268
5079
3326
15531
7025
20947
15814
12127
15783
613
1060
11218
8802
21122
16873
20642
21151
983
795
16810
15372
11175
20130
10752
2424
22043
880
8415
16819
12245
15058
21129
5958
14872
4861
18638
5089
20532
4339
2614
1315
13860
14093
13528
19017
12526
5482
6088
17863
21955
21031
19575
18760
8943
18622
7541
10123
4274
4589
16285
14914
7679
21964
3883
16281
17947
21856
1162
22123
3923
10301
2448
3916
7032
1039
12066
1714
12812
5287
14930
20596
12559
10563
13513
16249
14791
11579
21654
10471
8516
6045
6638
16704
4466
16993
697
12879
13121
18370
2154
15983
2273
16447
17294
3260
14793
21358
13266
6202
20736
8053
5453
17066
4823
6799
1800
13778
10034
10618
1718
420
19674
5518
8753
16548
5773
16367
118
12185
18002
1327
1553
8607
4766
6826
18896
10328
15845
9325
18099
22333
17849
10586
7263
1345
7438
20118
22214
19445
15204
16338
12287
11996
14522
1877
17706
20545
7084
19616
13020
1724
1807
21839
18615
17227
17612
11327
15511
14653
21634
15281
3692
22101
8990
20129
15416
17370
7343
3094
14027
15112
16986
1699
19370
6994
21237
22312
14689
14396
15559
5349
18346
2006
19215
12501
10110
10154
2150
5802
13132
18695
4580
3256
21455
16436
19268
6896
19855
21056
17842
17871
1917
8023
13719
15950
4374
5691
20066
17226
20779
9752
17740
13751
5634
5922
13638
2989
5735
10082
470
15019
15193
21703
2757
3266
18685
8796
17689
11998
2581
3678
14596
11250
19532
1677
1411
5101
6679
20418
14614
9268
20982
15534
22378
21850
2210
21077
1103
6091
21042
15537
5238
6935
7728
19087
12758
8944
11850
8490
17320
6279
2620
9592
10438
1636
14766
3840
6293
454
2219
5108
5261
20398
8649
1359
14415
502
13927
8457
4824
20487
13442
15367
18423
13063
16824
6301
4605
4638
12180
11557
17428
18343
21023
16287
22226
2949
1301
4525
13818
21116
7633
2677
14284
18422
16154
16848
15115
11638
2950
21604
18317
6466
1213
9408
14338
3195
5345
19376
1335
9194
21765
5192
17970
2098
17875
1122
1907
6304
15324
13374
21545
3479
9603
21292
122
5660
7615
16269
18791
19382
15132
12640
10369
14749
15632
21007
22221
19095
17266
7525
3897
10677
4054
5242
22238
7107
14483
22048
16846
18820
9405
11411
989
5273
10709
13796
1964
11435
15304
8756
14360
14753
12795
14693
9831
6358
10395
17899
21670
4968
15186
7915
13471
3721
5664
18377
6762
12279
17811
16734
13518
1567
13529
2314
13781
16371
3186
7358
15130
12954
15964
13283
17069
21393
2331
6204
21319
17150
13285
18952
5105
13108
17667
20603
451
6393
7837
19893
497
737
14657
14789
15272
19254
18578
19707
1413
2103
18546
2123
15219
15660
19894
21792
19509
11518
21928
9928
15795
19670
20012
20752
18512
20542
11000
19033
852
4231
17615
8134
7226
8151
12711
16336
14358
8900
12595
10810
7359
5385
19177
17504
7933
7045
20454
17631
21519
14639
13684
3286
2493
17127
14649
6498
12349
8720
12648
18259
17385
4024
16545
2116
22262
11252
8656
18383
9671
9994
20410
2035
7192
16605
5812
2011
6127
7477
9300
17480
7304
9222
7287
14546
16585
2521
20570
12212
6975
9015
1435
21748
19247
1340
10925
22061
17870
11912
8196
8157
12783
13624
11558
2318
8001
2680
13232
5703
9449
6192
12076
1027
7253
20503
4214
19691
21164
2789
20980
8798
1625
6982
10341
9083
22070
6933
2916
2698
22031
22191
809
15314
22337
3822
16600
7548
13357
11917
12343
19845
11580
13745
12659
1719
12661
14941
7245
20702
15088
17858
9933
2717
18994
22276
4362
6976
18227
13129
7125
17013
7043
9517
5715
12470
17255
18899
5879
18052
6135
21595
7755
5950
17048
9382
8551
2114
11880
18719
8998
18888
12138
13443
20235
7688
11577
20096
5365
7955
2231
11531
20395
12813
18854
4816
11061
11345
14698
7922
16629
9041
15815
2907
5688
1320
11939
7654
14230
4035
14393
5943
14660
9247
7484
20381
15544
13004
13879
21071
4143
14717
1439
15835
9892
9278
22305
20023
17889
17146
13029
22179
7086
7264
9346
15293
6787
13584
629
14368
22275
1622
13325
4802
5971
14661
9417
13546
11945
19678
11581
21610
16740
14282
21377
4885
8858
16951
13251
15932
11836
14976
12694
13621
11021
14898
6089
8579
20946
15849
1825
15494
9473
20512
4859
394
4106
21166
3385
16967
10010
364
7259
6336
20274
20251
6598
5921
12347
10302
6736
15123
17523
2397
5501
3063
3436
1105
20873
3057
8745
3044
4259
16798
6672
17813
16959
1654
4633
8357
10458
1404
8530
12154
11815
12990
16411
18070
22289
1722
12823
6918
15288
22009
18541
1817
3503
4393
9693
21239
8105
2005
11700
21590
5419
6321
12950
9965
6786
3785
4566
14929
7231
21489
218
7685
2943
13254
9227
12980
13756
19690
21565
14128
17415
18989
10019
4870
7246
4960
22024
14490
10934
19385
19667
2616
19873
9585
17463
6962
8929
869
2837
18686
7808
6489
1750
15170
20446
12499
11390
17869
18945
11644
3105
3669
16573
6330
16895
12257
8669
16394
18380
1988
14
9829
19441
19942
13214
9668
8056
445
18802
10804
3804
15889
13117
13502
8024
22170
7474
14609
86
15400
4990
16976
9511
2121
5082
10027
18205
17397
11837
13298
4379
18252
20498
202
6669
12365
11248
1600
5740
18797
12426
10504
20038
18852
20957
8698
5620
12128
14008
21960
12570
14180
15761
15894
21819
14891
821
1155
7607
16896
1184
1841
1793
19538
19222
8043
12708
12709
9792
18656
21268
16330
603
19874
15535
13789
4977
21941
1850
12605
15027
10375
4296
21649
6578
12868
8652
8620
2953
16039
18751
1915
9365
3318
4034
17305
8549
8636
4887
21899
16594
19847
91
12579
10119
7724
19366
4027
13305
18776
21777
12922
20163
3941
4474
15645
8458
19236
20822
3373
16152
7560
18627
18892
1768
3361
1318
13253
3150
7831
15049
2524
11194
6162
15724
11207
17192
5669
11305
8762
19307
20494
5787
5333
11077
19320
4695
19653
14019
10995
18947
11356
13421
20895
8887
3096
20805
21385
3771
3561
17541
17014
6377
1157
16973
14825
10588
21403
4085
24
14987
9539
17768
9369
3315
19804
20155
9344
6510
9845
8621
8187
16942
9315
3720
20055
6657
2142
3226
5152
2596
5783
9619
8450
18603
14902
2823
12859
20605
17246
16236
17613
251
10372
8702
8810
14071
9898
2428
11547
20956
3605
7190
1538
8409
15943
7657
18581
13277
21028
14420
31
6530
1029
8660
16054
20035
8895
14092
9635
15533
16334
14011
2749
16675
1140
17872
4619
17304
14310
5558
14214
8573
17537
7373
5769
5661
6856
14327
1576
14947
16507
16364
7984
19403
11333
2894
18788
20682
17543
7604
8867
10098
10964
4230
8186
9582
16312
19836
10363
7216
1647
20693
20205
10317
7549
8623
8781
16440
15176
13730
7697
7472
2551
6620
19353
9779
57
2391
12575
3425
17724
3937
14077
10246
13359
11871
3347
6497
17502
529
14434
10809
15613
15167
7297
12743
9106
3329
20009
8835
15792
15047
6997
7017
10050
15637
9450
19144
2588
16210
14448
19625
17453
19360
16150
9087
9032
11672
21419
9485
5074
10831
10590
20245
3961
11915
12744
1974
6703
5278
2427
16305
4227
21872
4485
11501
8609
12498
12411
11893
15515
17606
20739
11351
1198
11184
17814
12626
9663
7660
22073
12468
5233
21106
12531
13032
7440
9988
1837
20074
13526
9894
10
12877
915
17110
6885
1830
13171
19115
15220
17383
19040
12204
7355
16790
19232
16619
9610
10305
2349
1842
9427
746
4928
5816
1913
18612
2611
21713
5173
19010
21094
13912
22296
12312
7648
19444
14894
16405
11112
2832
12925
5944
22407
3034
10172
11647
12556
11237
2494
4144
4575
16446
9547
14223
22103
17840
4473
766
4953
19606
14993
16754
21576
7064
12907
22243
10525
20369
17682
10265
8767
1771
5919
22252
7326
4764
4234
6228
7870
874
6246
18728
10927
20945
4451
12064
4498
4606
6820
17271
3218
20119
13183
14059
14811
19109
19338
718
13300
2714
14569
15227
10242
5205
7978
3292
16811
19546
12080
3752
14016
11843
19073
10732
16501
19713
12503
21682
19034
18264
21321
17743
16275
13961
1154
9432
14133
17125
4004
20918
2957
8851
8853
1066
16650
10496
6357
1657
2126
5263
10492
3376
18772
9492
19580
268
154
16015
13918
32
9149
1763
11517
11772
1651
4998
9170
363
5934
16985
14576
11191
16671
15217
2301
13985
18499
13229
6272
2697
466
8587
2915
2948
1703
7605
5600
13050
6036
12989
18399
6319
22331
8795
10956
5496
6225
18646
10209
22196
22347
10897
15050
2699
21172
11819
20881
9065
17477
12554
5545
7894
20919
8891
12240
20546
14776
5008
13289
7324
5964
4070
13362
13256
10280
12382
18571
14355
16074
2784
10996
18057
14156
18359
3620
14023
18687
12398
3808
22216
16653
4921
332
5873
20753
21983
6544
15192
1777
352
7878
17650
19167
7116
1078
14012
15264
16839
7903
21935
7624
849
4243
2100
8485
9624
18303
20703
6763
6950
8145
2715
3645
2617
9996
12081
1056
602
18026
17371
146
14467
380
15496
11981
1833
20820
9521
9272
19610
20070
5244
20690
134
15599
17798
19202
21532
16049
6521
11227
18109
6996
13449
18058
20544
15640
4389
15226
9775
20364
14135
11985
11575
3421
14353
4233
10169
11157
17457
19685
8064
1216
17963
13897
21887
9827
19322
4203
15959
17269
7966
18599
1529
6992
19396
11020
8033
11127
830
117
19735
14173
5309
3023
21242
11505
19807
3362
13667
5043
20408
6955
14700
13750
17900
17654
4970
12053
18716
5167
12615
14913
10327
19002
19746
2197
4151
13496
15305
14345
5025
12356
20816
4416
18326
11736
10421
5729
13455
9700
996
9193
11811
1910
7765
7011
17953
20389
10941
5693
9985
8974
21469
59
19717
15614
14170
2612
6812
19039
14967
13599
8780
13070
521
15513
19432
12819
10689
17115
14551
9740
2323
9418
13081
13509
5739
12242
7591
20525
15386
8821
11475
4581
18996
15848
17450
1117
12144
19407
16116
1041
15159
5208
21004
18639
19427
4608
16806
11058
1818
15832
10139
9397
17182
7655
1451
6634
21342
20147
8520
12707
18287
21442
18394
9329
15387
10751
825
12817
21365
8440
17774
11204
7838
3642
1511
21000
12678
20949
15041
4976
12026
15417
20351
15124
10605
7282
3635
22278
8829
16888
17619
6343
8611
14055
2897
124
3789
13842
17913
5651
20639
8370
15944
7034
18738
9294
17365
10599
14565
18838
3055
12045
13767
3984
10702
21753
18354
12801
7272
18692
20076
21406
6428
233
11854
21640
20373
812
20321
12460
6207
5358
2809
13957
8459
11973
1415
16546
7376
19898
19011
1204
7776
6903
10192
3157
12315
3310
11006
18703
18245
2243
4665
1924
14306
3856
8596
1592
7704
6238
21381
21362
12936
21967
7589
3863
11332
17075
20248
20187
6984
8665
19333
15740
9009
4881
14024
19466
4773
17887
14888
17119
6060
872
6887
21471
15043
10829
19666
11190
1208
16529
5054
20748
6768
20803
5046
16294
20186
15208
4265
10382
13317
11869
19868
19554
17001
21408
18442
17028
10196
3429
10449
17915
13026
10088
10116
2961
14118
10314
10485
1476
974
8865
4448
20241
17141
4987
15310
1230
11262
16935
8870
20643
16084
13212
19246
20900
8047
5226
10239
5927
13319
18085
22217
19872
20363
3504
15828
19199
10383
14956
22130
9508
9179
8193
7377
2111
16995
13710
12897
11702
17154
5906
6523
7090
16834
2744
992
17818
17934
20256
13777
17910
6197
13499
19805
7280
12560
20823
4712
3386
5156
6940
12492
4472
9132
16267
12354
3972
12695
19982
5423
17722
19458
12542
16353
4183
5837
2032
14404
13760
745
14524
3032
15322
6254
2367
2510
14001
3536
17389
1319
11316
19107
5209
18953
10486
21125
10966
2797
3216
14989
13098
11956
16750
12995
11259
8732
12544
16308
17968
2927
16145
19830
20534
11735
18237
19799
3398
20612
7041
19753
12874
1076
4631
9919
18454
20711
1990
1256
6580
22367
9938
15523
13296
1217
17233
17124
17258
15834
1149
1423
15777
21136
2088
14871
12549
995
15311
10824
21607
18726
14851
20787
4057
3072
13955
9881
19422
50
13482
5834
3067
6369
22365
4072
13424
4555
19270
9085
13036
16378
20015
7367
10967
12638
11027
2400
8850
12040
4728
13451
2352
21273
18515
14171
12057
13797
20257
18297
8210
21423
307
281
10513
6318
8936
4799
15259
11269
7129
13934
21662
9673
1151
14608
19262
7540
14611
17494
10867
13645
1961
9572
6229
13017
5584
17511
639
2513
197
14007
15653
14051
15882
7896
21883
15843
4784
16954
12153
12024
15061
5380
21508
5229
2384
232
17833
2254
9289
9299
4360
21754
22281
2289
9109
6760
11839
7003
2780
22400
21544
18873
19154
15642
11255
15474
13815
62
12821
4115
17236
6509
13539
18775
7575
11940
19218
16965
90
18018
6243
16493
12853
8390
10820
13845
3294
3020
18001
10493
14672
17626
6597
139
7964
17672
18780
1368
11664
14224
22133
2656
15060
2228
1996
15462
15006
21311
3527
6346
17566
4836
1003
6698
2834
21030
15902
11085
7805
8009
4315
5097
3755
16013
10739
1992
1201
12208
4846
1175
4909
17946
21936
22096
9858
11442
21088
7640
14334
10541
12693
19725
10205
5768
1783
11010
12622
243
13909
7523
19248
4409
18302
19663
3391
17362
22211
18155
3894
14251
14480
8588
19750
11823
21349
13111
2055
2131
18795
5315
17789
11924
13275
5530
12025
18834
13206
21892
18256
10364
14937
17005
9495
6429
1100
8323
6908
9647
20845
21686
22434
18524
14457
4506
771
15891
19922
1688
14755
7939
16247
1431
5557
20358
13564
11053
4526
8689
19592
5818
6690
6761
4595
2728
11741
19818
19924
5909
18128
20880
17422
8809
6978
622
3858
843
19164
20874
7316
7995
16917
4845
18392
22339
20323
10264
2220
16357
8904
12182
10161
4995
16933
20708
208
4406
430
11532
12972
19570
1312
1255
18575
2462
9618
2546
11161
12267
11445
9945
10274
18773
17933
7334
9251
10346
11613
2235
16617
407
16060
19628
7664
9587
5745
10971
66
21757
16147
7954
3339
13320
15368
8353
11703
12671
17054
22421
20968
3613
22079
6412
20391
18388
20166
7437
14800
16781
20886
20579
10445
19815
14678
6370
18255
859
21605
20423
18108
7585
7005
13157
15238
13209
9804
22187
19373
22155
12391
11457
2099
19831
19650
555
8488
1948
15872
15062
6462
4971
3261
10763
3933
3079
958
4073
2001
8877
5412
13690
7461
17006
1918
20073
18529
14280
13342
114
19278
5200
14366
17219
19219
6334
7581
19816
6275
12806
12867
6332
14637
8313
16716
10559
6842
3236
10374
7022
21988
13791
13705
19078
9660
19752
19448
20352
2815
13945
9978
5067
18566
11894
1826
17332
19539
2016
17908
13627
8533
15051
4011
13115
15530
21260
8559
4395
1702
11697
2412
12738
6765
641
12613
8648
15197
16804
8308
5372
17878
12562
16100
299
10779
2584
15667
17939
10838
16387
9221
20858
17011
9630
14239
11805
10473
9031
6576
3480
1102
16092
10571
5449
8020
12225
21194
1134
1712
18770
4813
9212
20489
16479
22396
1857
5613
11015
19884
16444
15065
5803
10776
16324
3693
7807
15196
8091
16868
9469
11838
8264
3215
8413
1150
16083
8218
1601
20678
8173
1314
5058
17977
6074
14884
5566
13964
8489
21070
16763
463
18785
20515
18564
13339
2615
3869
11002
3331
16365
18510
15424
20811
7753
16096
20991
2362
21536
21852
20188
10557
19954
12878
10394
3572
21457
19379
15661
11942
11182
5725
17655
619
11607
7672
3240
5876
3975
6729
6425
3524
20936
17237
13868
4273
8400
3881
16206
6406
17969
15101
42
11185
5162
9720
17925
7095
4929
20775
8143
889
18801
11200
17369
21885
10298
9394
15868
21050
22025
12448
5437
8397
3482
3441
18162
12004
19207
19240
4336
1645
2021
11174
9596
15563
16401
12228
12820
15191
11177
12929
16578
9279
4154
18618
34
21793
5826
17467
11425
13810
8791
21163
17922
10474
12328
20462
16123
12716
7056
