9072
7292
12938
378
21690
358
7046
6031
8873
5120
2112
2120
18585
6480
13259
4650
9794
2072
18327
18020
6266
3599
19985
17209
1316
14103
20841
11776
18363
19846
18337
20676
18350
7446
6098
15292
7162
10802
9434
20931
4906
11877
18721
19298
10015
20558
14775
6316
20033
12620
3415
22269
9401
3556
5534
12250
19824
13905
667
21870
9525
14500
12722
11374
7212
10248
6878
5214
1478
11920
7450
12380
18355
14604
15126
12259
18228
2054
11285
6894
20567
11746
17306
1560
12737
19106
5321
21743
15805
19664
11812
1297
4520
2738
11066
4867
6379
2995
15541
19629
8612
21032
11619
8502
18319
7531
5348
296
17166
103
17779
448
11841
21437
9606
9217
312
15268
8255
19279
7890
7325
5785
20565
20300
11476
5652
20216
4910
10463
15532
11415
9986
18840
7555
11712
17807
21779
18768
21524
2573
21861
21109
7521
19633
17678
13641
10832
424
1261
2460
12409
21181
13755
11328
4307
5237
7757
17897
16470
7764
12339
20016
3311
4918
8135
5381
19050
4465
1250
17056
12108
4123
3375
10672
12550
20875
16897
8537
9825
19863
13012
6906
15163
17160
9084
15892
3779
18560
11360
1751
19368
13411
11681
19363
18827
19178
11614
21811
3000
8972
12861
9090
7023
5918
18665
17382
16928
3573
19990
18538
3273
8021
16431
16787
19014
6848
17634
9241
1448
14648
16141
9590
8159
6444
18006
10547
4063
20926
18053
2692
14119
12220
4159
5847
4444
16207
2188
3424
10579
14166
21742
17729
16131
6615
11404
15419
13318
7010
12909
12967
13091
1824
18547
2983
7740
5277
20490
19516
20560
3174
5900
19321
16526
15706
543
2157
16860
10868
18239
12087
13269
22049
1871
6371
19417
21575
16497
13657
7634
7925
10415
10104
3758
8004
21971
11934
9390
6677
8128
3029
4518
22336
8318
4014
1428
10040
2010
15887
14455
9381
15121
10843
14148
15146
8650
13668
16687
5336
17783
9555
15246
12763
3367
21916
18805
20098
16135
14464
11048
6077
6728
4917
4519
11833
19726
8481
12394
1099
2012
17193
11319
19227
7793
6719
3113
17096
17714
9579
10654
2271
8826
21396
5355
3891
9835
17546
15852
4738
8167
4237
15351
19147
14975
21244
10817
10555
4435
5698
4503
1832
1391
17641
8090
21003
5230
7
20191
16534
20652
10101
4075
12527
2060
21616
11335
3389
7644
403
8563
956
17589
7384
12964
8170
14389
20346
14679
21409
17565
10062
19052
7351
20338
17810
17901
20088
5727
12621
21517
12243
11201
10451
4037
15760
4164
11100
106
20465
768
18965
18028
12608
6917
2578
12341
19604
18198
7419
4573
15401
12424
1946
593
17838
14858
16937
13182
10178
9574
8207
15787
15901
8575
11368
13386
19103
21683
3952
9466
1775
14323
2451
7680
6685
20759
4009
20650
1671
5476
3544
19450
7571
5575
9086
1518
1034
9641
18877
15241
16307
6217
6188
15700
4850
648
18934
11933
10624
873
15484
7033
17707
3945
17015
4309
10073
21199
13407
21930
13706
18594
22417
4707
6220
4101
8063
4213
16518
3619
22332
6514
5883
19739
5576
20689
16473
433
13003
15173
1732
6071
6723
12079
2047
18850
17856
17159
20664
20655
18410
14122
19152
3733
10309
2167
10020
1568
15823
22225
18090
12548
17881
1195
14337
15858
20594
22348
6824
13038
9726
16902
19235
11587
7620
15327
3393
22345
508
19700
19905
1207
7958
6628
12472
17688
16286
15340
16165
28
14711
4704
18759
4487
37
3431
17443
8304
8576
5742
13494
9874
2941
9020
1223
5420
5465
22257
9616
14039
3380
21340
1791
374
18231
15879
12948
18539
16519
13673
4825
3508
15206
15266
8755
16343
7708
14720
15057
17488
1298
4791
1895
21
10437
5382
1043
1119
19933
2479
14419
20695
8116
20582
8435
2029
8096
8094
20904
5832
13445
17097
6833
10707
17812
1239
17680
3636
6714
14521
20160
19514
3685
7668
21620
4246
12226
9338
7806
8760
58
11028
6895
211
14585
14228
18356
15488
10974
16289
20460
15709
14026
15636
21929
15237
21787
11692
13817
6122
9330
7739
1580
8932
8759
12280
712
14095
1713
22152
20672
10961
22002
7356
9256
15251
17685
13119
21791
2709
18832
21738
8284
8752
11241
17008
15726
6010
2853
7612
2043
21659
6755
7254
7600
11310
13155
10085
20724
11626
13654
2830
1455
7899
3828
13321
2257
10431
11656
3675
15921
3622
7083
19909
20019
2436
13071
10380
1266
12479
8147
11012
16335
7619
5628
18893
18928
12453
20808
14305
15283
7256
17030
21186
17151
16641
7353
20478
19620
20483
19579
7114
3969
8039
19821
19795
2074
5282
7719
22271
5674
919
22361
20081
17002
9634
12002
19098
19671
5461
7856
6640
19857
13611
726
21153
12032
16835
3807
9842
17661
14444
10470
2013
13867
19454
2849
2868
12146
10442
4019
3203
9979
19492
8875
6326
9796
14397
5106
2355
1377
16103
18121
8979
5492
1123
11094
14232
15915
9958
11953
13620
21400
22034
12077
3617
20714
4092
8640
18987
10648
6057
3865
13514
3683
17114
17328
4810
16122
5955
20657
19597
7382
15675
10725
21520
15871
15212
6600
11168
11267
4093
4351
11463
16722
15152
21339
4113
18214
3826
8619
13675
5485
273
18118
7077
13402
7597
14315
11548
10797
14638
9813
8981
912
7252
19571
9758
16175
1068
8363
11800
4694
1168
4316
21438
22328
21869
12934
22460
1557
17992
5976
19853
10598
14702
17907
3403
3170
9670
8444
9943
22012
353
20902
15609
10684
9019
19386
6325
13663
11208
20178
20940
7562
13685
19049
1796
15796
5867
14494
21098
20433
5199
5002
864
8067
1908
17522
18102
11514
14176
8504
14414
18642
11004
10247
15673
19256
19626
8311
16770
8280
15714
7001
21480
4000
16038
1268
6402
20566
12437
11728
2650
22175
22292
3877
9774
12171
2779
9947
19471
21288
4166
11757
703
20357
7551
12062
9783
3851
22119
15298
10338
19660
13532
15377
20382
10929
11467
3574
11173
1084
5658
16747
2843
21366
21895
19586
15552
19341
19406
16105
20146
7885
18386
19790
1234
9743
15342
6002
17876
16030
20267
6930
6323
22381
794
14921
20065
17828
9228
16535
2160
19646
9053
13932
3736
5102
12132
8471
55
21539
20964
5677
5902
11583
15948
7687
9101
14233
10176
261
15664
4840
3182
5848
4527
7606
5615
5813
906
4419
4082
16654
19233
21804
9277
10426
19732
16980
13990
13456
22140
9687
18474
17948
3012
15435
13954
18079
13217
6958
20660
13084
9653
15631
13126
18339
214
7836
15683
20083
4561
6052
2127
11489
10953
16066
17468
1004
1083
5362
19687
20754
3179
4482
10611
20674
16502
965
13420
14382
7130
17038
15818
7456
1342
10636
1104
6811
20914
21140
3295
21248
17804
13822
8889
18080
12010
19754
1144
7265
18659
17568
22044
12139
15957
18960
10097
21462
759
3557
79
3776
9791
10556
19136
10355
8374
10453
4167
19480
10318
5276
11096
3723
21727
16601
13422
12270
1628
3066
5864
5376
1089
21354
21097
11283
17296
5901
6921
11234
8140
15630
3512
287
2371
19989
13740
10344
14640
13727
14633
6560
8741
5733
8920
20890
8815
10644
2187
732
4745
2829
5042
10267
14335
18413
18111
17548
9890
12179
11306
5356
12214
6125
21629
9030
15255
3371
8633
15213
8553
19387
7524
12534
10094
9589
14881
9120
699
12969
8312
14962
6423
5388
13134
7080
15198
18320
7816
11143
10615
3918
13227
16799
2876
5762
1164
2814
1981
3653
12869
12864
16468
17747
7986
17388
12300
2730
162
6913
8885
6828
14237
14340
1868
6583
5736
15765
9424
17176
3848
9051
19474
16265
368
449
9705
15054
15578
21889
19224
14165
5586
21685
5924
11701
16751
21658
10718
10005
11129
21715
5478
7559
6227
13634
6614
16939
1977
2694
6245
12705
12545
4423
338
13565
3445
3614
1228
16420
16137
12141
8447
2619
8127
7153
13728
10391
17831
9897
15596
18817
16238
15161
7497
15434
10152
12947
15185
10497
15073
14701
16638
6447
19963
6161
4147
1985
354
18082
372
3098
11023
18944
20568
19529
13228
1675
17461
14951
19334
18013
11611
19158
21540
17276
6205
130
18901
21945
9913
19559
9007
205
9529
3920
19537
3217
8630
9741
762
18673
22467
15024
7981
5220
5561
21744
5655
17718
13890
7205
18430
20773
19980
8605
2236
21795
17162
4157
13679
11677
5607
2383
2597
17352
13388
4470
17801
14185
21882
16572
17645
2437
10893
1882
1629
4229
17526
15134
13969
20240
15319
8235
15568
7347
8685
16080
2689
5443
5538
89
20785
13773
11624
21691
7111
3409
19272
11275
22380
15606
11412
21977
10741
10012
15145
5145
19216
6665
1203
12688
12768
15812
10595
246
11009
7075
1412
9321
6035
4471
14533
3059
12830
16925
8240
21932
15166
14010
9204
2320
3887
19041
16034
15155
20327
13272
13348
16333
2176
16968
14716
11479
21922
21104
4402
19611
5780
8446
2463
11422
19461
4359
13744
185
15776
1933
21582
14812
5597
16505
2739
17339
17732
7866
20415
17262
20473
12345
9286
649
10417
12598
3323
7969
16093
21824
8439
18272
12719
19741
3885
16277
2403
2373
18477
16889
6297
6936
11512
18384
21612
1486
11468
6863
3396
1766
11401
16073
3954
5267
5308
19300
17754
5194
4856
8307
7146
5503
10360
14674
15986
2249
15801
20319
3774
11265
4923
11080
16457
1010
18502
8214
5328
13802
8473
9710
15866
18046
17686
8951
11456
11437
22109
18713
6248
713
7220
21624
8360
4076
8278
13380
6265
13923
294
20456
6627
21505
13093
8006
21541
16626
16402
19431
4936
10977
19684
4111
1847
21375
22003
18974
11145
20645
1545
14547
8137
15771
14255
17633
17690
15598
18843
5031
18147
19966
13393
3211
14830
15278
165
20204
39
6307
19346
13764
22375
14329
16063
21306
7561
20670
11695
4627
22011
20213
13363
4455
21384
5905
22151
22219
12207
6883
2760
18688
4261
3213
6030
5359
14451
14539
12796
4192
13689
10304
6433
4783
8535
17004
17941
21402
4352
6739
15267
14380
2922
7926
6403
4335
1617
8263
43
15831
13712
5464
7268
13687
3802
11722
16558
18398
2736
161
950
19244
20921
16766
18276
8704
16117
11508
9674
21012
5522
9060
5722
19814
20696
2756
10313
1983
15693
3943
5650
8169
21044
7168
20615
2930
13920
18608
14421
4137
13423
5215
19345
12319
6946
2051
16743
7039
7171
13854
1972
13452
7513
2985
4763
3427
1496
4563
212
17670
5525
5506
18094
18857
14487
4774
1459
7802
3515
18588
2959
14736
13999
6255
1708
9866
3123
14370
15464
14469
9514
6018
4114
12860
3131
3994
9847
17986
4290
16215
21957
1681
2492
18682
645
17277
19696
8339
10939
12435
7432
12749
21498
10562
3880
9509
15091
9553
11606
3400
21855
9657
132
6039
18520
17074
16460
1745
2891
21192
18807
1161
11156
481
3528
8052
18081
605
12983
9927
21047
5788
18295
3430
15171
17808
20018
10398
18199
4184
10002
9343
19631
7344
6584
20540
15969
7603
2517
3114
16370
12048
4285
3521
4171
17892
9047
16512
3663
18077
10985
15908
11281
5223
2777
511
5590
1524
9844
18368
10614
7884
17441
20107
9058
3852
19425
1774
6056
11219
18732
16610
9059
13911
3868
12054
21626
15689
9981
2711
2835
2406
18663
13484
15105
17129
6592
20723
15035
2643
1020
13659
4079
516
4077
10266
21773
7333
11918
9336
4898
21825
9939
11719
14705
16151
7331
4190
6455
13049
14983
11758
15970
17250
8256
186
11029
14917
10756
3404
11405
7852
1943
12049
17102
8843
11855
5696
16780
1453
20993
16847
13643
13140
1248
17983
2014
18145
16631
10983
1875
19302
6251
19861
4468
764
21985
9064
19632
16430
2982
21107
3147
17239
11443
1357
611
5960
335
10660
14519
13516
6289
10049
20425
9990
19930
10107
19600
13919
11389
10215
19121
14082
10413
9100
16467
3565
5621
3138
11601
15937
9949
4426
12268
5973
18122
5952
9707
20254
3130
13149
10457
1330
6547
10606
18427
20969
8376
3580
18008
40
4456
9656
18808
4640
13327
19867
18938
14401
1079
11276
17536
20132
10914
14065
6776
15425
21763
3541
3178
16156
12083
2851
14923
22445
18714
11261
13150
14588
738
13538
16756
18338
13066
16890
21282
10144
7421
15265
21175
12334
7145
11365
19773
1070
13688
16994
4475
15798
6093
5970
20760
15046
9236
11887
6264
22399
12898
4415
5467
12649
21453
13124
15696
3587
8211
1305
9973
1676
11151
957
18875
17952
10986
10001
21448
6396
11451
1892
21209
18534
19228
2511
21006
7401
3120
19063
22068
5888
19460
4091
1700
5403
14907
20763
15092
12419
8231
1251
12927
1514
19499
9697
4036
12735
10323
10727
7092
13722
21512
4212
20401
3472
1759
12106
13504
20218
1795
16201
5784
11005
16016
7028
19712
14018
16920
20601
10079
8715
17435
10480
7985
20683
16673
22027
6034
2902
3761
3084
10018
2758
7760
11571
17432
2781
7814
5019
9536
16449
2194
4649
3555
18542
20374
6651
15361
17466
14477
22020
18129
4491
12692
4208
5088
63
7923
14799
2456
8117
16085
12884
13556
513
21376
21150
11694
16377
9358
16689
1660
1136
5574
2684
774
7833
2264
19372
3759
3795
22354
21588
20640
7158
2237
14794
18266
19384
2139
20501
10949
11473
391
4607
15402
14045
20630
1281
9177
9650
9869
10703
14153
18932
22184
22134
12646
3844
21708
6877
9778
21178
423
1160
17806
16862
6751
9361
9884
9784
19081
13252
7470
20242
1492
10582
3043
21245
9004
6454
929
11929
18283
13307
6439
17561
12029
7934
3035
11588
10667
9037
6136
16195
9738
14209
14893
14877
13828
12563
17630
3095
14908
1537
7980
3092
3030
21771
9126
5078
21144
3360
7877
5052
11408
14623
3966
3530
2413
14934
11244
4741
20706
17919
15345
20844
3694
11591
15003
557
4345
13347
3700
18104
9098
2162
8456
5829
21873
6990
18406
2201
9807
21993
2138
17850
2644
827
8362
11919
2482
9145
4769
17888
18567
4361
17643
10245
12177
6341
3957
15157
20846
6535
2969
13280
20442
15507
20622
1358
5430
9293
20666
13329
1197
4659
6123
7073
7798
20238
158
8468
21380
8290
8451
16859
13587
6112
7321
7200
19060
17720
15116
4543
9625
14361
999
5536
7843
6882
21981
18696
14912
7260
1457
21332
15034
15933
7118
11559
6111
21591
22106
2084
19173
5820
20051
2191
16797
13188
8296
17032
1187
18765
17793
14423
15844
22148
19817
12740
19838
17996
5130
18921
6849
5240
5360
17379
3227
9612
18167
1038
12657
5821
4447
16466
14910
16803
225
18942
19798
19066
18988
1306
6625
11496
12946
15222
9210
4535
5511
12529
18881
15452
5929
10164
11784
6503
2148
12291
19993
21038
17198
9114
12090
10602
4648
568
9364
14211
7463
21155
6200
14713
17704
21348
21609
4620
21661
6046
18087
15685
3097
10224
6471
22150
13873
18475
9526
6109
12481
1421
8902
19200
10604
18636
11062
22110
18247
19768
13351
16564
11686
19119
21002
8099
15284
19641
7859
10071
12528
18117
16139
11748
11367
1356
8123
7495
18068
9452
21222
11978
7175
16462
17927
2872
3158
21976
14330
17675
678
14901
7457
4831
4292
19715
9055
7342
12237
11317
18657
7673
20637
3835
5124
1447
8391
12201
2965
4693
17347
10510
6898
257
1434
20843
6424
7021
2417
6660
6797
10272
20008
4412
14495
5850
19477
12686
20626
1285
20318
10863
2973
6554
13846
5926
7516
16381
6137
156
4508
7745
20613
3976
6701
2625
21013
7473
7766
7196
2326
20869
1024
12680
13630
10235
13462
1979
20458
14714
19602
3890
20045
6656
1132
5627
16196
11338
14459
8906
11118
3291
20448
13487
4376
20244
7366
11976
14832
797
2311
14130
11663
6874
12199
21072
5182
6555
1831
4660
19365
10461
18330
17076
6235
1107
102
20552
5253
22404
4400
16694
12033
8903
1891
6860
18262
19987
18226
12957
8721
1678
18553
14892
5188
4134
4565
16523
19508
4338
14723
13370
6706
16941
12926
8975
21694
8842
20469
15067
14431
14244
18689
16718
17354
2458
14724
7363
3352
5302
3974
2395
10935
8289
5683
625
13430
12788
8079
9356
16628
11249
7935
14883
4678
9546
17165
10532
22284
4855
12571
4982
15695
6974
8622
2806
7686
17433
7957
7303
7232
10312
16908
13444
12233
7886
18774
17766
10195
15111
6966
20597
12254
3991
11074
3834
17971
4052
12857
20380
5185
7913
5243
8431
5133
7337
16041
7127
18253
3370
15697
18845
11417
21528
3437
21940
16443
184
2431
22236
3668
8725
2828
17865
3493
19289
11544
16321
10140
3734
3397
16979
9074
16568
4464
7799
7987
5672
6867
3582
6916
13288
15525
5157
8512
7364
3518
11669
18271
10336
15540
15032
21353
14823
14433
1462
13530
20776
1982
4851
17649
10042
1835
19992
17781
6038
16045
12445
13537
15627
4320
5907
10769
16224
20421
21780
9896
1192
4245
21160
3775
12746
20989
3268
16490
7803
12601
4719
12186
7059
15059
16527
5996
1321
2527
2523
1743
2944
3011
15221
7956
17721
7747
3225
6630
17496
6846
16453
12587
981
2889
13118
17291
1822
21692
20883
10864
845
8164
10193
13517
15000
1380
19493
4329
20064
11797
1302
4528
12591
11211
5317
15668
20112
11114
21251
17835
3655
21389
16160
3616
8295
7099
17744
15549
20335
9699
5402
7962
17073
14200
13763
2281
20910
7647
20737
15362
7410
19530
20600
18949
9535
22469
6788
16205
16448
11553
18884
19733
21585
10840
5992
3149
14876
6453
16198
18045
2225
18911
4930
17043
5755
4450
9654
3148
20094
4585
18614
20981
15439
10728
556
20024
4888
7815
4839
19502
3272
5314
16813
1821
21411
11063
18749
4441
8848
18890
22107
15731
8238
2589
18007
21325
4963
15275
16495
15098
6888
15239
13644
7642
7386
10269
6886
19157
20838
21379
21807
13925
4357
18764
11400
16177
1701
18076
1390
4215
9530
7976
16191
18957
21169
5853
22256
9816
11645
20826
11362
18441
14742
9229
472
4148
9137
7730
20113
15429
683
12061
7502
317
2505
20027
19047
14780
20084
13801
15329
11866
350
17223
5429
18453
21154
1485
4884
17506
7910
1113
6831
781
4191
22418
1790
1310
9632
18871
16565
13953
17210
17307
20334
6923
11202
1916
13333
20279
1276
4894
13166
13219
6215
4622
13591
8104
8910
13226
20780
4084
83
14815
22145
21351
18596
18601
1963
20625
21730
7134
22379
2635
13064
12641
5640
7892
12088
16288
3696
16575
14161
6925
20048
15615
19780
14317
3576
22451
3446
12089
6474
570
22164
18349
5606
4060
16820
7691
8013
5246
12512
9560
6646
17957
15961
21531
2704
5324
16088
5638
5210
17436
12009
7203
19174
21669
9318
15698
20405
21696
19693
8955
9368
11621
9537
9777
7617
14708
21578
9751
21828
4656
12971
19649
18378
755
9692
19783
19
15907
20684
7335
14285
6295
150
4284
15644
6919
7151
17200
12999
16779
10273
14676
2641
3746
19156
2317
4524
20138
6676
21265
3749
3691
19734
9963
3316
10693
18822
6451
17003
21747
2415
3136
16963
12014
17329
9936
9906
11657
11585
21904
2702
22388
19515
200
14725
22282
14685
30
5897
15819
1735
13440
17456
6230
4222
8973
19042
1707
15824
22193
3722
249
20687
22114
17116
10912
10697
8703
4512
16477
13474
15926
15394
2198
773
5532
15729
15249
12232
8714
331
22228
19689
20020
1547
9250
14032
14768
16114
1142
8554
20685
1749
1336
21250
13779
21559
4552
12741
20060
3552
280
10514
21499
10933
12027
13935
12176
19896
15929
3374
16003
2997
7289
5377
9301
14743
15005
8406
19531
21138
9640
17595
18779
1527
7052
20530
22203
13519
14650
9786
18438
13749
18507
6738
12781
20127
19599
11331
13366
2768
5435
17231
14654
20167
13490
18739
21086
19729
1016
2875
14461
11824
2140
2601
9614
6299
19598
264
10691
2707
6599
9225
4146
7299
5219
10870
7209
17587
14844
19223
9940
260
13015
18787
20697
21317
15364
21989
4331
14925
8418
19812
4438
11566
7066
16616
14935
16807
491
21724
7576
6203
4223
15551
5056
17723
3904
21562
1927
5087
668
18816
21335
1037
10908
12310
2040
13979
15721
3827
1388
17139
9216
21073
7944
7098
13910
9235
10456
15353
20447
10631
20812
22334
17295
11210
20688
4043
7993
12734
15052
1997
13365
2869
14263
7653
11260
10907
9412
4390
4723
10673
11862
21082
2688
9532
14413
18321
9584
3981
19676
15570
3809
4736
5096
3770
12399
5245
2936
5603
12721
15481
6452
18017
990
5034
21076
15374
4012
17325
17635
698
3571
2390
3322
623
17085
16295
13672
10384
9836
17940
10793
3884
2778
19794
11710
4832
3753
2841
14822
16621
11708
18737
4031
4632
14922
10822
6119
18694
1232
434
21208
11086
12258
14314
18238
3444
13360
18074
6926
5260
11648
17605
17178
3183
12774
12078
12698
16732
9459
17582
11051
13263
18825
12593
2434
16010
19918
20575
18986
21233
20031
20355
2345
6459
6270
19698
18699
21368
21143
19640
8668
15143
4480
19910
533
10834
9519
16599
796
5666
5680
17652
8268
10174
6905
10981
2353
4275
5213
3806
15011
8035
2788
1445
7726
20375
6472
3520
7288
21231
18709
17280
6072
314
11834
2469
19547
14291
19694
17920
4286
11627
7397
15604
15037
1603
8449
15360
18308
1662
1491
7900
20884
19986
18290
6541
8266
15850
7006
19330
10827
8521
6486
8583
11814
15732
3942
12780
6876
8718
17821
11724
3641
4820
13231
16900
2827
2238
15263
20953
5717
17697
15956
2089
21295
7436
1475
13900
20743
14262
19623
5477
19349
7568
14134
4545
6395
11752
19504
21305
8766
301
7699
21642
16627
3915
6618
18729
14965
14865
7139
14630
22349
17909
9383
1575
10354
8223
8712
18463
15269
16469
13558
8328
10999
3932
17719
0
15648
19965
19692
19709
13072
6410
17815
10080
11696
18300
14990
19841
21180
18212
1949
5371
14814
266
14479
19395
2819
4646
16570
18630
1894
16363
3377
10803
19391
21084
2133
19769
12073
16418
20368
3558
9863
16999
20950
18742
10007
13695
19486
6419
16475
7294
1572
4112
11543
13326
7249
500
2037
8658
18789
7143
17507
17749
6702
18016
18101
20909
2555
7777
6026
16319
1836
10766
14212
1804
16320
651
13279
18613
5914
456
21413
14387
18748
2058
18462
10065
10903
3754
1860
20586
17730
18484
16408
20197
17315
3997
9621
17009
12577
6910
5885
2587
4224
5265
15033
751
20856
20139
854
20750
20802
21681
14821
21387
8455
18043
4514
15151
16454
18051
19902
20758
17459
6601
11352
11870
3973
1353
15617
1729
8996
19352
7847
11716
12476
16809
10105
21646
1410
21718
14731
13981
16452
2059
8120
3718
473
10991
5618
11759
17710
13872
18744
10017
19810
15699
7278
11297
13297
12434
15352
2727
16410
4367
14834
2244
14665
14972
13849
13245
12367
15912
15071
455
8433
11397
20424
5995
19760
21613
16919
15300
9163
20623
4578
21908
12016
16936
16213
19404
18898
10774
13054
4915
7723
3739
7057
11922
16314
13105
11778
5670
8474
18767
11848
10910
15554
10261
20173
8794
15865
3670
10708
4812
1767
18924
12643
5340
20168
7202
5451
17799
3627
10787
3453
10553
15179
9111
7322
19576
16724
18402
8788
12589
10045
5495
4342
21033
8959
336
5526
4758
17118
2269
10698
10581
2168
574
12916
11047
21790
21762
8342
11222
15399
9967
10490
17717
6855
21302
7361
4792
19009
7391
20988
22389
948
8595
2675
17345
10630
19371
998
8839
15347
12393
6805
823
13937
9026
19681
21504
2472
4830
440
290
2693
4819
17597
2214
16833
21986
16194
11958
21229
11570
11348
10744
13477
21638
22080
12404
20738
12600
3366
18781
5569
13437
7379
13622
22076
4844
10300
545
1548
14697
2342
5564
16279
17712
9339
14322
1508
16767
9292
11683
18887
19220
8917
4396
13151
8764
3554
9839
12504
15822
6479
21444
2600
5368
4634
6743
16988
5923
3243
17122
5060
3562
14264
18136
10163
15833
271
4282
6070
18248
20680
20837
16777
14040
10962
19809
9357
21281
19785
111
22270
26
20322
897
2668
7389
4961
2549
2364
18296
8350
12523
18258
21132
5487
4671
16614
12852
3319
17149
5350
11339
8617
11861
19383
15370
21867
18667
16904
7846
5024
10373
9862
20730
16485
10155
1474
2137
16133
11322
12851
19536
4974
13929
9944
20518
15977
11562
7943
20032
13891
15328
13268
14773
2261
3651
21105
10443
14199
3946
5316
2181
12181
12272
8087
13652
14411
16140
13776
13808
1620
36
2217
5817
8466
2425
3921
5858
5953
19125
8332
18279
12704
2306
12142
7918
4238
4558
4916
6282
4096
13349
6290
19724
8077
6954
1606
12109
7435
6182
3052
19275
19928
10970
13479
12265
9233
6689
12557
9822
9457
3866
22167
17380
3202
3126
14861
16717
810
708
11592
10791
16148
18100
6384
12017
4959
14452
20432
325
15601
18793
6186
10150
22176
7067
6556
21130
17024
13270
21915
10597
18092
8155
74
4062
274
14671
20451
18863
14046
11756
18725
4869
13692
15381
17701
7051
192
14730
13258
20288
1513
19283
14778
10530
20942
4090
7413
19556
19506
9709
15114
17756
7286
11668
11119
9567
2575
21183
10828
11187
10600
1074
5023
8786
17238
630
11550
17101
21141
9331
17662
14541
1116
20577
3381
10507
6852
12754
11395
5117
4574
21301
5933
20393
20417
11779
17348
22317
21283
7442
14774
4108
1120
10121
9274
18409
2509
22018
20190
14472
2992
16189
10411
10289
14663
21672
15202
19997
5524
19761
14900
19792
14090
11359
22429
3626
22129
18263
9327
951
1
7465
18318
1685
908
16481
2182
22274
8584
6840
9463
9929
16875
8922
14489
14250
12336
17039
8911
19766
16620
5143
17464
2935
19266
13984
16360
14760
20214
17773
13096
2999
8180
12902
16428
13709
17424
7070
17891
21145
9038
14089
22353
15620
22428
2884
1673
10994
10254
11569
4133
8372
21315
20761
12899
6746
13761
5712
22030
4161
8498
13039
12703
19083
7507
19457
3027
5446
6550
8738
21813
20581
17499
13213
18982
15605
12096
12351
15567
12325
15149
17931
6314
17311
14295
12160
5472
395
18452
2718
6804
20496
802
17065
3559
7825
19393
22424
12298
10072
22066
4105
11017
13903
6511
5982
19112
15572
18528
13453
1497
19426
17462
17026
11522
1806
5519
18433
7534
17094
15357
2663
8993
14151
12330
10278
16124
3432
4876
7047
12150
17745
70
12610
6448
13122
18420
22007
2266
19475
10601
3631
6648
9209
12590
19932
12038
3688
19415
8476
17290
6533
19433
6172
9686
2401
19578
8122
6780
11765
15430
9594
11873
5993
5338
3071
16563
4743
5542
17099
15853
7794
8901
18436
9833
21010
4755
3958
1799
409
8188
13083
14827
16272
17776
18874
1658
1587
12485
17027
8334
6199
6390
1641
14343
5974
18426
10335
9165
12055
3334
4005
14371
12013
10594
18306
18958
5756
20282
22232
13978
17762
11238
286
6078
20744
6212
3763
16012
4732
9167
4562
765
14703
5009
881
19252
4232
12761
7968
4155
13284
10928
18208
13112
13567
12984
19155
11687
13101
21093
15763
1311
8358
12629
20371
16347
19459
5673
20290
11060
8954
11162
877
21668
464
20788
6080
14752
173
18215
17070
1682
9493
2025
1231
18024
3497
10284
18660
4509
21671
444
10320
14063
1299
3298
7141
2674
4716
3189
16731
3299
12681
6568
22205
16509
5225
3082
15808
21764
13282
1288
8694
6721
22118
12576
21464
21196
10230
20089
6171
17985
8115
16186
13467
13056
19891
308
8547
8597
10409
8429
12790
12131
20699
5499
19881
19679
5488
17576
5313
253
11860
22299
11292
8515
284
17742
1876
5283
5537
20361
11690
20768
22115
2822
14141
2545
3861
4604
12489
9523
16053
11665
14240
18168
16392
16887
21372
17
10760
8381
1609
9972
19229
2845
2259
16978
5436
10092
14094
7341
8792
3244
5051
19956
20507
1073
19305
19886
644
10124
7113
20030
6796
427
1502
696
462
14354
13047
2042
22326
17787
2895
16953
13608
18211
14492
2799
963
5911
6629
1098
16571
721
10545
2438
9676
6843
9798
11485
4897
7940
5604
11398
18916
13536
6694
16678
9112
11421
12231
3005
18580
924
20938
19496
6870
16831
17746
21492
15509
5001
1693
22182
2631
20080
4250
11632
14029
8321
16199
14256
21347
15480
1752
18624
509
21168
11796
15654
8254
12777
21699
9234
13416
3867
7557
13975
8066
21925
18753
22177
3882
3359
12420
10862
5140
4407
13881
7842
7698
3341
12469
15369
6616
13888
20810
10544
17598
7584
6586
16406
13107
14801
14809
17936
700
5029
2590
11794
8385
15072
7823
10730
21463
14068
3713
14042
1589
2912
10429
18280
18616
15672
10560
18139
6154
11414
1109
8565
6303
6546
17309
19964
21441
2630
4158
6329
7662
17437
15423
3681
21426
8898
566
12553
14847
16686
5174
4522
12414
13142
20836
2666
19059
13656
18632
5061
12122
11957
5937
6705
9430
14570
15382
18943
11859
20195
16299
16842
9995
11828
20951
9528
17044
14726
12223
9115
12521
14159
4414
18617
1325
8971
11067
6807
21022
11962
11438
7149
10819
5426
9422
20182
9392
9226
8028
18445
3088
19961
17559
20504
11698
6469
20770
10135
14998
13215
17419
3643
10122
17378
3813
4536
8062
18583
13631
2466
19044
8820
8872
15962
17521
17676
13618
13793
22356
17564
13880
13191
18455
15201
21984
15153
16696
9308
14298
4588
10612
4789
20281
12561
5500
19748
2737
17987
17510
22042
13936
8558
21684
1637
2213
20044
791
9959
15790
19585
8561
2239
18869
10993
12690
20264
853
8679
18641
13184
11840
2552
20762
12095
17795
2919
9082
4868
7646
4767
1375
8395
20868
14398
8270
7147
20152
15938
16380
19900
5656
3464
18313
10647
6875
11478
2117
8141
3819
4341
8336
18234
20646
10607
20976
15727
16094
9196
14402
20745
7510
1853
3177
1726
7845
19657
53
7185
13000
22021
3949
7811
3312
8102
2106
19243
14833
14944
8663
18730
19032
5474
10109
10550
17113
20595
2665
1873
10781
8522
18415
181
7895
21184
4877
9571
2798
13533
14124
7315
6354
5910
12511
14085
20126
8224
8377
20818
18912
21805
9480
18993
19394
11817
2748
10262
21583
9263
8602
1530
6106
22095
18701
19621
8417
14234
8166
7893
17368
22102
21304
12482
18416
11110
7390
15935
11121
5171
7677
12941
8728
5591
22071
12443
12689
11036
21635
8638
8822
1326
15646
3947
19875
10275
21371
14996
9091
9550
1764
19565
11646
11499
3768
17152
20583
11762
1900
1323
4401
19004
8869
9871
16266
15579
3657
17404
11768
8905
7827
147
5073
8085
8837
10770
3099
4325
2516
6534
14076
19906
13970
10593
11180
2792
5084
14575
13882
1392
13303
6241
9893
18049
8879
15038
4796
7716
16112
3922
20457
2253
10952
6717
16119
1661
7399
1816
19380
19079
19639
7770
7173
11799
8692
21174
21677
13408
85
20150
17292
8153
15925
20772
16602
14466
9591
21858
12456
14266
2205
18931
410
14132
4847
16924
6340
12271
15881
4411
14288
5166
5515
7999
18984
8183
8219
539
17197
16845
10773
7451
6868
10131
14269
11935
9025
14746
1128
19351
2404
21500
12350
9600
7054
20636
22293
8941
13434
13809
20529
21555
1781
18342
16396
14763
8351
20011
17194
4637
7443
19563
7813
11827
5432
15497
20079
20328
13601
6081
13511
17206
1594
21726
3128
10502
17270
21049
12475
22294
4025
6798
10807
10348
3024
4298
8645
4209
7638
2359
1381
2998
4431
17454
7228
11141
4729
17029
4854
7667
16031
5598
12262
11770
12847
8637
16552
14508
8040
3934
10059
1828
19129
14553
18710
16072
6608
18496
15800
5550
9078
2655
12886
8896
2240
11890
2658
1978
5969
2336
14204
20308
2064
10652
21115
13257
6242
21416
5099
17864
21749
9355
20377
7855
15678
11597
2380
1174
16492
9310
8914
4841
17155
3644
16263
17203
9655
10768
8206
3274
790
298
11031
2399
2052
12665
11564
14164
4623
12196
18495
5824
6398
3163
15363
7717
9057
4591
2908
15722
9184
17903
6345
15587
3159
3935
15702
2173
19522
5984
21162
14652
13361
3305
3985
1408
9349
19381
19710
5891
3671
371
6957
1141
11392
6114
14562
11073
10958
10294
13792
3673
22091
1937
21195
11576
16409
9599
13678
4462
13799
12968
10212
15301
9984
7029
21844
6208
2824
16544
14765
4207
11926
13037
7715
15524
13045
18235
4586
19284
12178
10992
10181
5397
9398
12599
8678
9387
15603
15864
12457
1317
7953
4050
1153
9146
3648
10653
21680
15676
4811
21215
3794
8913
11670
20054
20521
12514
938
22370
540
21608
21062
13144
1086
10011
20870
8234
15190
10448
6144
2077
19329
8065
8555
4394
7572
21991
3926
16883
5594
13314
4201
1454
5080
16648
12825
10747
5799
12815
19234
15415
1920
4795
4848
1063
11433
17452
4734
13790
12986
14784
12637
21087
8717
7293
8316
5479
7801
6103
8042
6532
886
77
13073
7024
4434
9421
9941
5190
6359
3629
9819
21917
17549
19488
10938
21359
20441
16520
15021
8354
7189
9712
19800
13899
17964
4165
9746
10896
4385
17976
22310
3730
12625
16701
10223
436
13475
12974
8068
17448
4278
20207
2063
11554
16322
20536
10950
3511
12871
5431
10263
11084
2203
3463
367
2522
3829
10450
5352
1385
6889
22441
21217
10332
11731
4378
14528
21707
18382
9541
17531
12011
11108
9987
15628
9282
6400
655
11460
11909
13681
18213
21018
18644
14586
16677
21280
3998
2873
17683
11324
18595
11270
10260
6871
19665
20712
1870
7631
393
19854
400
4277
15641
17012
2639
12269
10093
425
14973
6320
5657
6789
16592
7542
11480
13720
18281
17691
10258
2970
21343
17322
9133
5268
21320
11593
8322
20514
15688
15277
5626
2627
16090
5509
7422
6213
8825
21619
12034
17484
18941
2177
2310
10650
12911
6609
21092
12609
2567
12855
18880
21537
8300
18014
21391
22136
12633
1723
1384
14895
15233
20618
3006
911
21741
3210
21533
22412
4332
20077
14425
14385
19181
8542
6603
7906
19026
9802
7388
10561
8477
7305
5859
1209
5700
7988
22387
12145
6781
587
5158
15838
5062
767
12217
4641
17416
6610
16949
8709
2990
14970
20331
6492
6269
15995
6308
153
2553
2787
11760
12776
21059
21577
389
21893
7914
7795
12366
14333
16341
9563
4333
5839
6365
3857
16115
4697
11032
4053
5983
7876
17997
18509
4567
17755
6821
8519
9393
19651
20786
18261
11286
11947
716
2796
10808
8593
14624
5994
3914
2913
18376
16292
2461
22057
11982
12891
1183
10984
4172
8352
5757
13806
22008
17520
14995
95
6339
18066
14686
1355
21628
4668
856
21755
13125
15527
11329
21950
19442
11560
21473
17945
22077
7563
10225
18110
3109
8508
17130
7458
5608
1021
19564
14203
19797
20930
12465
7556
6271
10316
21778
18521
10965
6366
16259
1481
14003
1970
2293
20330
1498
21676
2065
3661
13863
18242
18103
20289
13468
14732
13235
8036
17189
2761
7862
4692
9342
14602
15181
3220
17659
7558
748
13989
19590
22321
5571
8245
8736
9729
8639
3313
7142
6626
5164
10199
6401
14904
5713
14091
11232
2984
15658
12733
4787
8671
14572
6434
14034
3041
19742
1689
21910
8414
13500
13598
12306
16957
5648
18803
15517
21454
19828
7796
12931
9930
11302
7035
17188
11007
10033
14617
22116
16458
11419
4163
16389
13758
4538
9545
18265
5010
11928
6118
2226
404
8287
129
17478
8545
11727
18769
19833
116
13338
2358
11951
12157
18629
6542
14049
9013
8462
10681
12728
21798
6707
13332
5855
5249
7273
16185
245
12072
13941
12440
16506
14889
20547
7785
15178
334
5161
12292
7912
18036
14273
10777
12167
12102
18799
6389
12149
18833
8177
19165
20342
276
9846
10509
7690
13886
815
9736
7865
22368
17855
3257
2483
12748
19347
8393
4271
1179
2878
6167
2847
13748
21161
20606
9113
6344
16425
21894
1608
1956
893
15779
3200
5494
15975
2033
3348
7735
435
19505
6508
6704
5965
4679
18950
15778
19197
16723
8291
11584
11732
1332
12730
17772
20302
4914
3601
1114
21479
18401
4782
12021
8055
20588
7398
20172
21840
5357
9306
17938
7415
12506
8511
4041
14331
1402
3134
9242
11268
7198
20350
4476
18447
17826
12714
13223
10637
8988
801
13636
18835
20440
2022
18548
6800
2554
1758
5998
18902
12444
17735
10945
16214
19282
4197
12266
14247
366
21074
2144
19614
8078
7736
10238
9771
6463
20562
21781
6027
20572
20609
1549
6890
16901
9849
4002
3269
14147
4806
882
1898
11704
3815
6525
14313
13959
22401
19429
22005
21211
6022
12696
11152
6131
15240
10833
21769
11416
7222
14574
8811
10137
1118
13368
22181
7621
2940
11538
18387
12273
15228
12996
6557
10032
450
18172
5985
19494
2525
5342
12278
6998
976
11927
8419
16162
11040
4216
15177
7329
5948
12808
589
10459
7179
17447
12299
12462
19015
223
11725
7848
21705
7133
12804
9081
6816
13965
4496
21891
6312
3747
17727
5800
4569
5949
18963
17508
19730
15438
1565
21810
11530
14595
18411
22302
13765
9350
19943
56
1292
4724
8632
9027
21644
14125
8484
14882
8727
10488
15478
4042
9377
21835
8297
6942
13895
8337
14739
20246
22055
17423
2867
13481
11487
10389
3407
14958
22288
3551
9478
5179
15140
16990
2028
20971
11857
13757
17174
4302
7430
12873
5411
7313
5668
6506
64
10102
18078
10095
12574
17202
21530
19622
10234
8737
12316
9566
21266
13177
18260
2560
16173
9504
283
4516
5874
16729
6681
8220
19359
3209
1666
18683
20354
2840
5760
4674
8346
5137
17245
1923
1748
14187
16047
6769
12756
2914
22016
1085
6147
6845
12702
5288
3711
4880
17873
675
10132
13794
20548
18285
10772
5642
13616
16051
13770
19470
17591
11730
18623
5398
18533
5470
2660
6914
10536
15346
16762
18340
379
19521
16567
3607
13785
15042
8277
13079
17658
18375
8628
15903
4263
9008
1156
2678
1618
1461
13782
3075
4866
9920
7861
10428
12567
4281
10932
5749
16666
12584
2495
18479
15097
9543
16657
19344
17286
13099
16606
13942
18288
1643
19770
9374
18798
10860
16435
13871
10377
6236
9309
1528
16966
10900
12113
10641
15501
21996
22277
19205
8464
10008
16554
11115
1135
6581
14829
12423
11753
20226
259
6621
1366
10117
11616
7544
13139
8918
9117
12337
3745
13962
9312
20261
5932
9953
6107
12143
17207
10329
2092
16662
21486
16040
7360
12370
4537
9270
14177
16649
119
18998
6361
7038
3525
22163
17784
4735
5081
8804
18336
19225
20756
3666
17067
13807
13405
327
9718
3307
8695
506
357
5555
16163
11458
7508
16304
15846
13869
17020
20438
19162
13002
10623
1172
4576
20295
7195
15867
14610
20922
18012
15365
1942
17112
14206
7897
16384
19013
10056
12463
13255
666
6094
16422
19510
21733
9739
3014
18196
3384
4727
439
13683
3477
11308
11963
1075
10643
17764
2817
6710
3535
18549
16024
14756
18150
17532
1886
6505
13922
2363
20591
8
14503
7374
3265
1171
12403
6001
12205
16894
19728
20217
1543
19775
894
9348
1515
11642
687
17588
21737
832
5416
5870
7835
13544
2610
14645
11639
1182
7218
12583
4644
4991
8015
11726
9732
16553
8285
17880
594
6117
20978
10400
4488
2945
2802
9637
15276
9934
8688
16415
5040
20383
12221
21201
16855
20326
18794
3363
22358
6082
16130
8387
18891
11754
15749
3523
2726
17268
21046
7756
18153
11104
8434
9666
9269
16622
4768
17327
15225
3841
20275
11024
1430
5732
5844
1212
5807
15576
11025
21717
13655
8487
13328
9834
18171
19613
4074
5030
12123
18722
17137
14441
9483
18651
10639
2535
16450
6944
883
839
14957
3009
7481
19201
12915
633
6692
10577
8361
20491
15520
1731
5539
17904
17557
6809
15593
9883
1362
11278
8956
11229
5303
12408
15
16899
4145
2241
3903
16588
19528
5572
13469
13352
11603
5272
7494
14783
82
13576
10591
15107
7752
1173
21327
14994
5577
8697
10969
15294
12305
3028
8683
5551
1210
4119
824
16491
51
17007
4682
9075
16923
20165
2193
1586
4008
5528
7004
7160
17679
4089
5176
11117
20266
1294
136
18425
20296
22280
4153
10885
15820
3010
2833
900
22224
3714
8608
12483
7788
19231
10617
17736
5521
5144
11777
166
2508
13840
878
20158
21897
19472
6971
16020
4200
3050
11483
1968
7632
8160
7381
15066
7907
12973
2861
20715
18620
20223
10881
21203
1838
20111
984
20943
12416
4429
7812
1980
18754
1957
21121
18179
20222
20861
6168
21826
17091
12569
5294
12618
7201
14439
15455
1399
515
14485
7609
21157
11444
9554
3537
21173
12658
9340
19093
9735
13346
7271
10665
16608
12794
21171
3476
1810
21417
5149
5678
14357
15218
20990
22341
20219
1738
4966
16359
6287
6065
1307
18783
782
2654
13464
17769
12099
10240
8301
11330
4204
21456
15585
8396
15756
7385
14733
8119
15980
987
9730
20746
15856
5111
1954
13276
14905
5801
18929
14341
661
16607
3037
16386
20573
10047
10016
3275
18443
15512
17090
1559
17366
15199
15681
5033
9814
6675
10006
17100
17342
16046
2083
2647
355
21108
11889
18885
4521
8325
9956
19212
13921
10233
3909
2070
9513
11785
5510
20215
9961
10975
618
15085
8215
14395
4131
14860
19645
3592
8253
6097
6865
14810
3484
16240
6791
719
6306
4021
3650
21789
18221
20137
18165
3672
19832
17785
2307
4713
13009
6907
275
8454
20193
21622
10310
13527
19421
14870
8860
21815
12566
14514
21261
11628
17376
19638
7227
7375
5055
3401
17230
17359
11955
3473
19947
8392
20801
16815
6338
17751
10444
21369
11822
21927
22192
2125
17293
4326
9070
3797
5003
5856
9731
18792
16926
10846
14677
14715
22432
671
16120
20862
9080
20610
15358
5050
20116
18723
3522
20616
10081
19601
21386
12838
8831
16670
19915
8338
14432
1346
8931
4964
5406
2550
19890
20913
16730
9588
5625
1467
7485
18999
13061
13707
4323
7616
16212
12050
7666
12387
2357
8244
21124
10670
5645
4267
16991
2816
5764
5517
22320
18735
21091
3229
8560
1802
12616
20192
7400
19813
10208
20782
4618
5588
15998
1030
14104
22330
13665
21800
12896
313
19401
15909
13168
20412
15560
3290
20533
15397
10531
21507
10761
10334
9583
14727
8317
498
18671
8184
8448
20620
15634
5635
16059
7308
8012
9288
865
8260
15339
14005
11095
9218
5005
20840
3308
15860
21931
1088
20882
16398
1181
12056
1845
19006
21202
20006
7880
16274
13738
3187
18278
6938
1238
8265
17912
14988
5632
1631
13344
19324
7317
3253
10783
328
10722
5165
21318
13603
4967
4463
4048
4550
13355
19919
19308
1101
1252
14835
9507
6884
20427
10946
13299
21495
14597
9586
14980
5547
14668
1206
18771
17884
17516
11901
6995
21149
8897
21570
8908
6582
2230
20025
2862
15885
6972
9564
10249
15045
2967
15671
7368
13244
15586
2679
19557
5148
10839
9593
16761
21294
9840
19912
21274
9505
19447
14867
9332
19100
14836
4300
15355
10279
8460
20341
560
10997
7267
19149
9982
204
5961
7013
18631
20175
21068
6431
19913
14606
5468
1190
12745
9049
8152
20144
11565
20513
1365
1773
14318
194
6128
13426
8603
6572
10023
6066
20399
1274
5038
9542
13190
2439
20485
4095
17639
12342
14928
8813
1573
20887
12216
20303
616
8283
4033
8349
19226
3422
13102
2109
19501
19584
20286
13857
8572
14762
18273
9266
22351
20889
12371
17578
16858
5845
18861
17251
17852
21874
21383
7772
18905
22213
8045
19935
9895
1493
11718
3618
5777
5438
18200
18652
10142
2743
14407
12446
15015
14304
2838
13236
2954
17079
14845
10719
8799
17240
17297
3089
8687
9951
542
11186
10755
1224
17545
8212
4658
15125
4344
17077
20476
2901
9012
10352
16099
1458
8534
13947
11678
12200
18909
20037
22178
11555
3575
7595
13677
18508
19877
13075
19325
16226
11396
2048
14289
18393
15522
1055
11842
14102
22166
2938
20828
6029
289
15557
5504
1626
19054
10229
17882
18972
8356
14501
8994
16158
16350
373
16970
10904
16755
15592
15870
16487
21238
6059
14868
13092
6151
11070
5300
14374
16843
14074
14948
5404
1488
10873
16514
20725
18143
4382
1053
12960
8168
17191
15748
20923
9045
11881
11806
3470
1199
9861
8080
5138
11165
15160
20629
3474
14087
21218
247
13501
21614
10243
12361
16775
5716
18396
18204
3533
20059
20700
5599
4318
19245
21799
14112
19561
13635
14803
17249
6
8463
6055
5665
19483
2094
1322
17848
297
20071
20611
5731
20590
5196
16167
9570
21309
523
1854
14797
19848
14664
19907
21329
16712
16913
10871
7743
9323
19077
7710
21509
16095
20221
19948
10954
988
21643
21026
16181
21946
1697
4058
4001
7919
3498
11410
16556
5039
10483
6143
608
19779
9124
17399
2793
9118
5737
15223
20097
18517
10350
1387
1011
78
9271
16203
13104
5139
20563
9848
3502
3781
12603
15893
756
8838
8130
12390
9244
1222
224
20201
2996
18743
11659
21594
17923
18939
10861
17367
22197
9458
11502
8199
10469
16603
17035
180
5946
6244
14319
11432
9144
10349
21496
1950
9347
21711
20128
1958
10794
8000
8250
7791
20863
5301
8405
3751
18976
2255
20901
15936
11874
9691
18134
21522
20710
3417
7062
11409
2556
20310
16703
19074
14506
15020
5609
12082
20157
15414
68
3845
4905
5796
11602
6632
19127
6391
3715
6422
15094
11990
5771
7971
993
2102
18000
15877
10792
16496
19287
15030
7187
2086
4994
14248
21133
15757
17173
16342
21720
1909
20747
12841
11376
2464
1746
4997
16290
15018
19583
10690
13717
10219
10420
21243
6823
19677
5610
11667
12256
5871
10524
4283
20757
22366
16482
14279
17053
6747
6142
2870
16916
11279
20196
15738
2603
18640
