6699
18763
1899
12975
835
3725
7434
13044
5334
11515
19159
14806
9684
22283
17524
3684
1133
17979
890
17471
22156
21477
11429
16633
10285
6604
8982
20212
6280
10091
17809
4873
7797
21606
4317
20698
17052
9097
11883
12933
20580
1653
2265
9287
1111
7030
3451
13413
19952
10911
735
17225
14982
12321
22350
4554
10184
9658
4328
10401
1840
9275
12490
11057
8272
6967
18246
20437
20511
22373
2592
11221
6259
13156
19117
19008
22449
15723
8075
4489
18022
13197
14493
14748
11711
22314
3560
7180
17063
6735
715
3233
12810
9388
1848
10268
14058
18973
18048
12170
5959
4601
17199
1468
16812
20894
4366
11315
14365
1814
3568
1094
15555
14326
5247
5612
16170
7204
19802
8952
15389
2672
16830
4598
21987
13714
1782
19636
361
13555
375
11830
11914
16574
9935
2430
12307
9454
21418
2062
14175
8341
15583
2034
3053
11290
14390
15207
17637
16577
11228
5184
12786
21999
13512
17620
21523
6317
6985
12092
20042
9966
17924
19277
4731
13583
15299
15968
231
6226
18395
19048
18842
16433
21566
19560
860
7574
11441
18189
19880
14463
21561
9993
6633
14897
10688
2452
14850
2234
19323
19878
22160
5596
12293
12764
2951
8008
16726
15720
22430
997
19950
7538
12525
15069
12900
14002
13987
12158
14616
1241
8601
4371
10534
15595
2251
18741
2118
11801
18156
10888
840
1007
4289
8722
6178
11247
16190
18705
6851
13870
6277
22023
5236
9487
15141
9908
2720
13625
14658
13742
12824
9203
4980
14154
105
10710
17109
6291
2
21768
4903
5122
7408
18473
5573
9659
17372
6484
17708
13982
22064
11258
17421
9757
13893
19377
5481
5941
2645
22279
17497
5611
3181
11655
6256
14984
13865
12826
18500
6311
16025
13114
8359
4225
971
6892
8805
12136
16707
12537
20851
2045
20109
20481
7291
8500
14632
6483
2562
9878
6639
17837
4170
19921
22386
7096
18059
7393
3859
7219
2626
17168
5053
16407
17386
21048
5375
21794
8705
6061
11706
13372
14150
14386
17949
18568
5142
11420
10629
15927
18282
16918
5641
19166
8399
5568
10066
7182
2563
18414
1905
2196
1484
10321
11428
14566
18910
8606
18782
21079
19116
11166
17148
14709
1452
21560
14683
21061
10083
16192
19552
7404
3129
4220
19238
9006
12417
8845
19194
610
3468
12137
17244
10884
8734
21420
3735
25
5781
7243
22127
22322
7169
4510
1044
4446
21919
20177
520
20232
18003
2489
17442
788
8992
10619
2813
7526
7506
11016
15895
16219
13572
21992
12914
10854
968
3207
1061
15243
15448
7946
18545
15129
15883
3726
1922
15100
10393
7248
9442
4410
21206
1354
2223
4833
18878
5395
18220
21942
10111
11426
11747
22248
5304
13592
12303
9885
16880
7514
10086
3454
19745
6150
6731
21586
18107
3487
4559
11294
5415
12785
390
17283
4999
1471
8076
14283
2880
5694
1087
12274
11196
16019
4083
20271
1803
20145
828
722
9498
9522
2152
15169
20026
4616
13594
311
17375
1540
19673
11900
19476
15095
21786
22017
19097
20955
11844
7712
13588
4541
13058
17147
21806
8236
18229
17668
15273
21502
18643
20853
3912
18634
1570
19046
7932
7970
6512
262
12502
4251
13090
10160
22261
4664
8144
21693
3054
18334
3100
14497
15139
10539
3062
16549
16107
4740
20386
6067
1096
8208
12547
21142
14979
9386
19582
19299
21275
14021
21656
14246
16760
17629
14253
15234
11771
13741
16264
9403
16874
10397
12202
5843
6443
11495
21432
9134
21816
7748
19388
11217
21267
4270
4570
814
17822
7651
4236
4547
1093
6477
19265
16998
12607
5790
9824
3301
9014
20799
3173
1711
17614
19018
15619
18597
3456
7301
14252
240
14349
9162
4417
7306
4348
13018
21675
16759
4629
5447
7109
21543
17316
14073
4312
14169
15044
22461
16836
14945
5393
1507
21728
7774
16742
12395
1667
17081
13838
7927
8107
5838
18193
7552
16413
2215
20169
13752
19170
5170
14909
1257
1638
52
16693
2742
14458
2155
18823
344
742
8112
2082
15682
16682
5690
1650
13569
10331
17563
15321
16646
9158
6602
10680
3821
22050
12152
12006
2151
16225
20294
6313
16910
7594
8693
20039
15716
9169
4962
3603
19507
5636
17264
14950
8552
12392
18966
17966
6222
9414
17232
15719
1546
14932
11767
2394
13541
7853
5331
14194
272
1494
4384
7088
9119
14271
15612
11430
21797
10185
20347
8907
7622
20713
9891
8823
5878
20134
71
9703
11132
14718
22413
2500
20899
5006
221
18859
9815
19776
13582
15317
19193
6015
9690
16282
20912
12229
20426
9161
10723
19937
6309
17089
604
6404
16486
11923
11342
9200
18195
6155
10771
7352
408
9821
4255
15023
4956
17158
12114
16302
1737
18839
13626
11371
14919
2440
22183
11109
6360
5704
20774
13225
19736
138
17181
9769
7157
8072
11418
6792
10143
15774
17943
3567
17108
8383
939
1952
19603
11636
14265
926
18990
1551
20508
16309
19489
5758
18456
15349
13743
4539
9068
3996
8475
2863
17356
2638
20477
6595
16355
14710
21015
13633
11354
17479
2423
831
10583
526
18125
21732
3764
15187
14669
5227
10546
15984
5444
13836
11355
8335
22343
7336
461
151
16733
13031
12282
18005
13446
2158
4358
7350
3304
15407
16344
11723
21725
13271
11572
2729
11825
692
14435
11693
14729
15096
14486
16361
10307
7482
19479
10061
3419
16358
1523
21089
3118
12840
13204
19759
4879
9141
4642
6611
12184
733
17816
5986
5306
15569
838
248
11897
12381
2825
6250
16805
15690
8912
14507
14384
12597
21551
12378
18661
1002
6179
15741
12856
322
2648
2598
21673
20564
15581
3025
10204
21111
15468
13087
3184
7916
16488
943
10753
2609
2519
1193
11350
12799
7681
11093
14593
11908
778
12953
8420
9843
14375
13176
16784
11225
19527
14583
17577
3724
11461
8539
12849
11689
2850
13161
6084
15335
22436
9622
4540
16764
4242
3944
16179
9285
5775
19731
167
17519
13966
6682
22260
7826
15759
8783
16757
1820
1510
9214
9164
169
11357
14511
9524
12952
19110
11949
18381
21096
1930
6388
20189
8626
2478
16183
7091
9011
744
10125
13877
12863
3790
3455
14626
16390
21651
418
9888
7131
8625
2696
18758
13383
14069
7920
8108
6959
22406
17596
14580
15629
3486
9954
12324
14446
11661
17057
1844
20659
4651
5085
3156
2017
19972
10288
10687
19958
4403
18314
5794
3254
9465
18979
3931
3702
14083
2795
18243
14020
2629
11525
15584
12043
20842
11789
11018
12373
5475
20554
601
16118
15973
7428
17624
6234
18800
10089
6054
6695
19498
8616
4899
11902
13820
11948
13025
3086
18105
6033
5957
15109
13013
15280
5094
2918
10890
17653
5754
17765
10216
20299
20628
12084
10584
1324
21191
15318
21137
1725
10406
2186
16055
22206
6017
5057
4790
9577
19871
18569
7789
12679
9017
19297
9016
1424
12263
7244
21055
21548
11853
1469
4534
6163
19888
7454
14509
1941
6164
19642
19957
2594
13033
1403
8176
1962
3630
10570
2662
11296
4617
17312
3583
3333
503
14213
5373
12752
387
20800
4602
6838
19974
18292
19793
8011
18565
5439
16911
2091
10025
21220
9756
343
17257
12779
10057
803
3699
10236
12604
421
11529
5374
10894
107
17355
8097
8126
3317
460
11325
14599
16982
4356
7439
14309
4228
5791
1333
16009
19198
12628
11136
21370
7849
9559
10063
13553
22390
13330
3491
6745
5191
11170
681
3817
1396
10165
18490
15354
10148
12624
209
4710
3545
14567
2529
17906
18946
4314
14840
654
16234
10635
14183
1862
19866
1166
9646
6652
18345
3166
8946
3816
11991
13146
19617
19550
10315
20794
20428
3351
17018
17611
4181
46
13661
15910
1556
9257
19581
16950
11336
1441
16261
16547
13324
13035
4051
10408
19774
5770
12415
9767
16260
4700
9089
21966
3516
14488
11434
5250
6405
6854
11423
3682
11699
4746
8345
1125
5177
15498
12727
4662
22425
21134
4087
757
11256
562
20366
729
6383
9617
4676
7483
16423
19096
22335
17921
3539
15826
9708
13580
20589
19337
8673
19612
4950
15565
13619
6969
8073
11673
12487
84
21513
747
3388
19113
16037
5295
2685
11892
453
3008
18681
19711
3542
9742
16745
19969
18626
6573
21783
21529
13731
18039
9926
17660
13892
14915
4837
14281
21278
10646
15356
9810
2316
15235
17098
11291
11744
9728
4788
22264
5109
18063
14603
3506
12323
7236
14054
14062
20067
10074
6779
3413
12478
14191
22047
492
1623
19420
11139
19058
14400
16029
9859
17088
2361
2754
5091
4624
11864
17832
12115
1705
20434
10661
4068
27
14222
1398
14782
2344
14078
11239
12085
10466
4989
16159
10070
10376
7372
3426
5772
60
2294
7790
2570
21938
4291
14121
1057
22194
15802
2537
14450
7012
3509
14350
2432
19523
3264
1025
13414
17135
4135
7281
12030
14057
21113
19464
17642
972
16561
14181
14043
1739
17844
12910
12751
2667
14242
20304
13169
18119
21801
22015
9974
3007
14986
21127
1756
10859
17778
8969
20283
9425
20378
6589
7206
6184
22458
2569
8443
16397
643
5882
12281
17512
18718
12652
13062
7008
20430
7543
576
10330
11236
862
19607
3729
8259
5502
1152
9372
15326
1386
13069
1679
11831
21390
19644
15422
20966
8817
10737
3016
13379
8369
13238
20528
12340
18152
17087
10880
10813
14308
9753
8034
10478
16711
4125
13170
11662
8026
19887
11826
4643
5904
20005
8814
14460
12798
21554
19772
20312
4762
15550
11307
14737
14113
468
6012
16881
4175
5624
5560
13136
2576
10075
916
5028
9335
3927
2811
5810
887
16709
6305
9039
4786
1928
3146
9595
4613
4182
18088
8098
17917
19497
8746
20449
11116
17260
16021
17916
10220
21378
10048
12923
4152
20056
12937
21621
2145
2366
10452
16961
18501
16885
8707
2703
10067
7505
15600
13968
18160
8088
20549
19310
15210
2302
12246
13855
13550
18123
19131
11264
4239
13203
18985
4934
20416
10425
3038
17552
12166
10237
18708
819
2369
10051
10671
11107
8744
15447
14465
3654
8509
11691
15916
16508
12035
69
1015
13649
18185
1736
15388
1246
11567
15286
10501
18920
13120
16149
19491
15691
4049
2143
4198
12124
5880
1583
22286
17434
7532
6105
10917
5076
4189
10127
11382
8194
22325
11682
2548
9215
646
14152
18389
14475
13993
22088
14647
15626
10642
3046
7339
15348
1566
316
15436
14037
2036
2068
21428
12887
11370
15009
5216
11950
9183
20420
3731
14498
19327
3905
8977
647
15518
14403
16772
21450
902
1131
5917
3782
17859
12715
847
11650
17196
10250
17687
15996
16200
14518
14738
9472
8719
18113
414
1815
15491
8641
14540
11064
18044
5026
19771
8585
11068
8768
22273
12193
18677
14000
19988
18309
14218
8195
6397
7150
8742
21589
21678
17593
15211
13167
5798
940
10227
12432
5254
2857
2153
19242
12107
20184
5637
11033
11178
7778
19484
11528
21287
21232
1064
21314
2279
13725
17000
21131
1400
16136
2009
3936
16822
19065
10574
15821
17753
12982
12379
15590
11764
12935
15081
18183
21045
3328
18715
10704
18658
1373
9175
467
18216
19756
2101
590
5326
11131
8890
1797
20781
9138
21645
2280
5222
21449
8505
5894
1196
16230
693
12551
8999
994
19534
3979
1869
12093
12285
12723
16584
16604
1757
16022
20069
14788
14761
10915
14454
9488
18486
786
14373
9230
12075
3332
9391
19675
16865
16611
17868
617
13669
15733
14625
16172
2534
752
8185
20679
9464
9351
9969
8113
2485
22462
11135
1036
6691
15442
14449
7596
9467
12156
962
13547
5592
2180
3743
7702
1006
18137
13780
16692
8892
20159
15453
2338
22394
4454
17950
16313
3300
7121
14581
7586
14429
8856
17590
10495
4715
19439
19089
21572
17705
8836
19043
5399
21176
5044
22258
1921
19520
936
8518
20531
14422
17215
4185
15780
13697
13524
6549
21101
19409
10849
9971
9886
113
1017
18485
13460
11150
10580
10115
22120
8416
9048
2377
17695
20402
16237
2723
21165
6328
4834
12052
18312
3408
15703
10558
15426
12467
7720
16062
682
8432
9431
1721
7573
21901
14004
20220
7533
12094
20653
6777
12845
3710
9601
19176
2770
17877
11436
9182
15029
15493
6090
21863
13450
5114
13247
851
13637
3553
21398
8816
3013
9980
635
6372
14031
19239
7675
6083
5893
11081
406
13495
16977
3548
19108
4206
15444
17761
11160
10951
3595
5685
20661
12374
13163
1674
7020
1852
21083
11424
15404
5972
21542
3
19749
17064
18268
6810
7124
7613
16352
4809
18351
724
21666
13589
11936
10521
4122
9764
2724
4829
5546
701
3221
7108
8532
15483
6490
8806
19482
13827
7741
18289
725
8461
8710
20488
3112
19981
3970
15262
6284
2542
21549
19114
659
14140
19615
13901
5741
2426
4803
16235
3732
13834
4564
16329
7234
17796
14841
20450
5483
15458
978
13461
3986
22313
3281
12218
21363
17472
21633
1440
20293
8667
6000
9428
22227
17398
14795
7197
8864
5684
13747
18519
8083
6016
7102
4647
20452
13647
9373
8324
4975
11960
20181
10682
20510
18023
10379
16463
2274
1008
12458
13733
4422
21830
2774
4065
17285
7081
1934
6347
17965
15982
1686
10877
2322
16503
17470
4690
6678
11792
13005
12286
6545
1864
9354
4817
7744
15214
19951
18151
9750
16323
9706
20830
12809
7515
5212
6988
17584
14022
20010
18141
10388
6872
18286
22403
10277
18174
13476
15412
10519
1129
5726
14591
7850
4121
13768
3674
19423
20117
18037
18471
19967
10823
16064
210
1300
6159
11542
3205
11176
17381
19856
19316
10848
11782
6636
9870
9462
4023
17972
12442
2865
12580
15992
7582
11224
15851
12894
15836
21472
5320
19920
15031
9107
12110
201
5583
11313
717
20848
4370
14267
6051
11968
10440
14688
22402
1350
8964
22117
15158
7426
12644
16837
846
8384
5459
1646
816
16850
12835
13159
115
22200
13732
7583
20638
6753
8986
413
21421
9360
14769
5041
140
8701
10356
19140
1127
8740
20784
1633
9148
5938
1533
21189
12612
4924
20719
7830
19281
10026
9496
19286
21069
5296
9968
16296
585
8162
7639
15408
15939
11124
1730
3727
8007
3579
18836
2256
3018
9079
13100
22267
6043
21117
5427
21336
13639
13248
21712
6260
15344
6837
11878
188
303
21167
9689
8257
6565
19661
2295
10628
8133
12383
6170
7115
16256
7279
6827
2769
4780
3633
12677
8859
21262
5903
20143
12866
10427
20907
15905
19221
19996
21838
632
21112
15791
17427
9942
1265
4140
2019
20058
18315
5383
16002
21118
17728
2007
3810
15025
1376
2227
5469
15890
2501
15055
12961
4546
14641
9208
9887
11937
15174
1613
8775
17503
6194
19133
10308
21364
19135
18806
4529
17281
4533
18525
14168
4958
9105
7140
20203
548
9302
7211
6866
16376
7085
21272
17644
8314
14667
19258
1048
10387
9865
9246
8546
15271
16028
7536
8344
19285
7257
14015
1607
7911
10392
2334
21812
739
10201
673
8690
9042
17338
9477
16669
8930
5299
7782
17928
18190
16940
7478
3796
21641
2447
14342
22448
3698
18662
8785
16432
18449
2593
10786
18648
15487
16483
13924
19076
2122
5676
3379
19301
203
4670
4304
2821
6420
5327
2134
14114
1509
22126
11172
1490
3846
5347
19348
9882
7650
9400
18731
8388
14635
8154
20963
22220
14974
1013
22300
10720
12572
7072
5454
11742
17958
14080
986
5849
8646
17580
19968
8774
6014
15991
14499
14184
18298
10412
6740
1664
5434
15253
15257
4383
11046
8294
7635
12308
1472
13609
13313
17725
14744
1846
15359
16310
18149
2994
11263
17046
12359
5617
7818
3087
5206
6756
21346
13508
21568
384
1596
16892
5529
15499
15625
18230
20815
17460
7511
8138
15393
12802
7883
10202
5341
16710
15542
9254
10627
144
2179
9379
21374
17716
9964
7224
21535
753
22285
20043
499
4142
4698
3004
16853
5862
6818
3978
17111
8222
21148
19938
8541
10638
8276
10222
2618
100
20340
8958
5361
14155
18404
17665
4413
9900
2291
9341
18487
16776
7225
18933
12713
4294
7931
12747
18607
6924
4194
22453
8501
16623
1220
142
19293
4603
656
15897
8731
12865
19953
14906
10251
20444
14545
12129
21949
17819
17279
7392
14470
17205
4310
10468
3924
1965
13784
20681
20057
22235
17131
6524
18324
12362
17824
12647
1872
9569
18305
9781
21864
12331
7608
21099
858
4979
15508
19609
7733
5298
10151
21290
15855
15014
9598
14316
11652
110
21888
7015
6465
18341
1059
11122
5750
13198
12173
640
19160
2613
9838
12098
18027
1880
6900
16284
1295
16566
653
7136
4781
1014
1267
12912
5364
381
2926
14985
16223
15611
485
9608
4297
14563
6687
16510
6785
10664
21982
4173
9652
6292
12639
22327
21997
9370
18331
2885
6175
16098
14111
18209
11490
3365
7238
10424
16252
16789
22323
9715
21312
20154
11829
18819
19343
1971
16581
9297
8041
20305
532
8408
18031
19879
12565
5072
5104
14854
9491
9768
15931
9856
13425
377
17574
16373
12876
14598
16909
21822
19697
7425
16530
2211
17944
6947
9860
8880
1704
13787
7240
14347
14179
7593
704
8142
15236
2671
21553
20142
6004
12700
9110
8659
776
11384
20353
12850
7891
6206
3239
21467
17825
3690
9316
19036
13185
15332
5975
12425
7184
7079
12753
2418
12466
13381
20920
21961
16388
17843
6413
9071
3606
9276
13629
7449
10566
416
22364
4778
7754
16893
5409
1477
9187
19899
12209
19695
18504
1419
11952
7554
14790
15403
4551
6759
9914
21296
21360
8125
14481
7469
282
5378
14618
21252
3271
11209
16983
19186
4505
10551
2184
8111
9873
892
10207
19075
6048
7636
8191
8267
4022
3598
11679
7208
12451
3960
959
19319
1989
21563
1535
6460
16872
3106
5217
2800
9568
12320
8777
21465
22137
6552
22010
16007
9399
10982
8049
20101
7154
1526
7992
17361
9482
16441
6134
10255
5748
15772
9093
9745
8739
3263
20453
4691
10805
9265
13309
3638
21750
19195
5705
8110
17860
19405
20707
5549
8275
2445
1033
174
21395
20891
20985
12893
13387
21259
2877
2321
4460
20867
16929
18576
16969
5806
4124
9924
22056
19979
740
598
22069
1023
20832
7738
20052
21410
18178
1394
13520
22153
14186
3416
8445
1146
17259
17571
15490
6965
4896
13980
14041
3709
9140
11484
20406
22383
19926
19001
21198
16513
17501
3831
16727
21300
1552
679
16332
19138
4445
135
10447
16169
16838
6285
4592
584
15337
18879
8161
4925
6593
7275
4117
19005
20821
18098
7694
19835
4032
20063
11481
6527
22083
15743
8239
7019
9024
8600
16996
17498
8526
5963
4459
14548
17334
21596
9899
7411
15418
19342
14220
7678
10920
14445
20407
2285
991
20658
1794
16228
12885
12222
20997
1966
15786
15840
834
17693
18140
2135
21878
22426
14258
17224
2956
16258
14927
9837
11038
18439
12318
2347
17759
8578
14362
12230
17086
20463
15247
3791
5456
3124
14621
8743
10084
15799
1437
9298
10798
13267
22037
11803
7661
2441
16273
18593
3962
5701
930
18407
20336
10403
20461
18956
607
7369
4305
2637
15315
7841
1843
18991
8496
17331
10852
3968
15180
14873
21187
2923
11102
125
7277
7700
8824
5728
730
5466
20497
9512
22255
3830
10218
5231
2971
17282
12772
4221
19939
3285
1578
45
6953
13109
14294
6350
19789
422
3324
16841
9749
17410
8037
10528
10282
7546
18457
16690
20958
12192
4055
22291
2571
14573
5765
4759
17839
2170
15789
4176
20170
16748
21435
6563
21430
2750
8121
16630
11895
12674
17600
18592
2435
15804
3600
12816
207
3395
4249
230
13825
3803
20550
5928
22397
172
1367
17278
10666
16187
21476
18360
11402
13658
14127
9088
22172
16144
22149
4621
19721
14064
16958
4349
4838
12346
1420
9628
1640
4162
20975
702
21664
18923
13373
11863
17092
5886
6437
6574
16489
10959
3604
3171
18858
16735
471
1999
1347
1082
16793
11142
3303
349
19842
1341
10937
1881
16400
13378
5908
13398
14468
13680
17932
13515
16399
14886
19630
7239
7191
20553
985
6380
6108
11906
18450
12248
16521
16291
2925
14075
17025
22229
9518
376
1503
2708
15113
6662
16728
18391
21334
1270
21488
20527
4926
10968
1429
16851
1534
7580
9633
2161
22431
7166
8003
6964
6859
11582
12070
15989
10366
3510
9077
6053
2370
13851
20486
6351
19825
438
19895
10183
16033
20356
11043
11653
13726
899
3742
20253
6315
13716
2649
13145
13708
4478
6631
2221
22086
20604
7300
21152
18379
684
16540
4919
388
1293
16280
5020
772
12283
22041
10441
5616
279
12111
13724
2526
16647
6832
8298
17883
17827
11340
4306
5730
9901
18698
3798
7018
9711
20709
3488
175
17272
20733
5424
9130
14050
7879
12431
20741
11623
11523
6757
11320
5689
761
16542
22111
5979
9437
16048
3873
2268
6115
2282
9095
2296
8382
5753
16796
1032
14035
10244
15242
14277
6152
19130
10326
14013
14066
5815
586
11988
11181
16076
5697
2276
476
14707
2375
5774
19587
13086
18176
8366
21475
3135
21831
8730
16014
17413
17324
14201
4258
3104
7705
728
21898
7065
2621
3185
9198
1914
16891
7577
16802
16168
9501
19208
13401
20090
13165
7394
2049
22249
17618
7656
18690
356
13216
19849
12119
1065
16713
5131
8965
17357
15750
10845
16328
14656
7037
20231
18882
3963
21766
7330
15898
9912
13693
13523
4687
3766
18405
12913
8237
8273
21100
2078
11301
13210
17482
3788
17082
17594
5014
19955
11303
9186
20252
10357
7937
6041
19257
12369
16778
777
9613
10692
1512
17408
2343
2582
19727
16773
7262
8510
2484
7068
17702
11533
2681
10853
15144
4028
21009
7423
1579
4937
826
19542
19434
504
21760
4015
8778
20691
16825
1352
12386
1406
16655
5614
18488
12097
11875
4696
16943
16043
2636
13617
11749
8666
3345
5890
19309
20916
1194
13016
17022
3989
19003
6415
16026
14997
4739
5585
15502
536
7868
7942
8847
3249
1000
19071
15489
121
6470
19518
7663
145
13412
11138
12977
5947
5175
1397
9157
4532
5548
3478
20258
8375
21948
4257
2076
15607
12046
1955
1243
2579
17551
14549
2387
6688
8017
11658
10228
6980
4902
13908
2204
20297
5354
12510
5279
6482
16300
7417
3475
6007
21603
17978
4944
14364
879
4709
2061
3191
5103
17201
11910
9976
5860
14590
18918
2514
21875
10921
5692
12834
19069
8983
21979
21914
2382
2044
6750
17340
18590
16817
8452
13510
16109
14017
920
10729
10053
14504
18241
10675
18184
13024
18621
7349
3495
9313
19273
5629
21185
12522
11604
4098
14221
16725
2766
9875
10887
19104
20061
20475
10407
18161
6173
17980
12507
18535
19566
5127
18177
3219
8833
15162
875
18637
12668
3602
13022
4205
2808
13164
6742
1137
868
13472
21397
20392
11773
19331
15252
432
18653
8071
14534
21345
8733
392
2410
9152
7875
2842
20062
4457
8482
12
3139
18540
10892
14751
15056
5325
6664
13737
2465
19064
20284
9561
16166
21404
21573
1644
9220
2664
14474
3355
10620
3814
1698
17042
12051
16278
6449
15725
17475
16222
20538
13930
22307
22298
14804
9823
3289
13395
6160
575
15913
21177
13604
9828
14981
1219
6139
4666
3625
12037
9864
7828
14268
483
21478
15941
3232
4047
9695
1858
18251
2963
4677
2233
8074
14275
2050
5619
3948
15392
3624
4380
3660
12195
17800
21277
11493
3164
12429
15172
4652
10186
14592
20272
3514
14520
13343
19786
9223
6937
10825
13837
6273
705
20793
8827
5852
7758
13552
9438
3161
1501
15048
17062
15862
9453
6219
11101
4702
4683
13497
12699
21625
16244
2854
14312
13646
6126
6989
12762
15164
20247
15816
15016
11448
16708
12206
4254
20092
12068
10855
21474
19356
20099
15492
13803
13194
19465
6619
495
10891
11537
419
11769
21258
17133
6881
16459
21736
22362
12921
17575
13602
12238
13698
6281
288
11381
17265
15302
12760
12672
11885
10976
20814
20307
3452
7387
2559
14197
16801
4612
9156
11076
17602
4483
6841
20766
16715
22311
7982
9444
2407
8165
10987
12260
20648
2286
20561
12104
3002
12513
13154
760
7069
15106
16559
10100
1861
6085
1779
6013
3462
20309
17221
17528
16560
13816
7959
17326
8580
2716
21782
17780
1110
22098
20726
15692
17243
8422
7176
11709
76
5707
14225
8402
222
19764
12573
17664
8881
5258
15307
18194
21980
6435
16499
12778
14388
12289
6407
16044
592
11788
5251
16005
6120
16785
6915
8367
2393
5828
8148
11220
11494
10645
3110
21205
21253
9683
189
6594
10166
11
4978
13488
7844
3667
10030
17700
7684
7598
12908
16474
21657
4801
6438
5508
1047
11469
16383
6891
10276
21422
16339
8841
14643
1616
22456
18959
20911
13431
6901
21330
5160
15561
8726
3119
22014
8747
18466
4262
15951
20852
475
15577
12086
21534
3442
7522
2888
21913
4241
15203
13973
20574
13772
3818
19335
1052
22168
14999
1734
12993
953
966
15810
21834
21802
10874
7155
21470
21827
8465
12684
1121
19141
15427
5351
20443
20668
21019
9023
8286
9576
13116
7490
21697
20673
12998
9317
11882
13034
9580
9359
12536
3566
7722
1138
19596
9468
16672
13660
5394
14344
15623
7888
507
11054
15539
21016
5711
6658
16232
5940
18364
17184
1092
19844
17016
234
1571
561
820
17083
9099
5962
12210
5581
13293
18095
11964
1395
7087
14600
17036
19306
20313
871
17406
11455
12769
6294
6352
11334
14079
6770
780
18115
7832
9991
20897
7701
13988
14392
11083
13290
17505
15119
15684
19358
1975
3045
15128
2136
342
10622
2189
12546
18
12252
17942
19369
18047
17344
19314
459
11159
21571
11617
3649
11821
5990
10322
17396
18602
7611
4597
9239
8758
1139
11506
92
4303
3169
4571
6257
4753
4948
21440
15745
7365
4178
1720
6637
2141
14510
18461
4377
21700
20233
11802
9573
5671
6445
21911
6028
15519
11163
6635
12174
18831
15803
21439
13478
14236
551
9642
15571
3741
17241
10342
10433
10818
263
5414
11183
14053
9307
15334
18587
6409
6861
1147
5168
10979
22416
636
457
18224
15138
10385
22437
2304
11466
12471
12920
4805
22440
16325
13549
4174
9997
14336
7221
7213
3792
18680
806
4669
4126
198
18550
10503
4013
19705
9876
11257
17748
5643
9000
21556
672
727
8928
11763
2974
3656
17738
4428
7199
3461
11113
19213
14471
3188
11513
17750
2069
2691
17157
582
6232
16416
4293
12459
15431
21618
6836
19057
21598
412
168
15566
21854
3467
9909
13265
22382
18679
17790
11761
2673
5675
18674
2419
8262
20827
10162
9190
21053
13077
17218
11069
14391
18778
21593
21491
7104
9565
15679
22188
9955
18724
550
1706
13703
21552
22414
16248
20720
10733
10410
22158
171
18170
13848
7750
5925
21361
11545
22411
278
3853
5413
3784
9680
12125
18124
1741
126
9801
16609
10701
11243
10634
12284
5065
7119
17374
909
4129
14036
1531
9597
18476
11586
8205
17123
12611
15608
1960
417
13382
8883
18810
658
20120
22046
20663
14582
17302
10418
18755
12159
4636
18786
11921
13642
22210
11318
15974
11477
12755
19544
13230
15184
4355
21227
18465
18412
14367
15078
12428
11450
2335
3237
11714
10857
4717
1695
10353
8884
4653
13133
5898
8293
3500
3765
16174
1364
6934
20135
18091
20551
9237
1778
5570
14131
4609
16861
22287
4776
20948
21695
5290
11369
18968
2506
15966
9028
13607
15154
16714
8711
10430
19085
21352
2628
15461
17959
8438
21630
18025
9790
6671
10211
3496
14030
11149
20384
12905
934
2340
19917
13088
8950
6214
20325
7997
10573
10472
17982
17220
11030
8347
1973
9406
10850
11596
10662
5520
17841
11011
17136
426
7094
13221
20735
13699
18860
9808
8634
17132
6367
11050
9267
13983
4116
14107
5473
4680
9191
12614
17263
591
11431
17138
6253
21356
13774
18206
5997
13060
14757
22253
14399
15963
8507
15829
11509
6623
8232
16126
3762
18446
7721
18650
11212
2725
20722
2319
15460
3230
3070
12992
13821
5126
3056
5533
7963
5181
15919
22144
8086
14704
8757
18766
13234
2980
6814
10516
6349
127
18480
14949
19656
8933
19852
474
2392
10368
9677
19553
16533
14675
21808
11128
17954
15701
14953
18083
707
305
2747
18244
16008
21392
16658
14745
227
6948
14525
17805
22072
10699
21466
16972
337
10069
7974
6456
9854
13310
3982
8771
19172
22105
8789
19545
10856
17540
20854
5448
12932
22443
10508
553
20535
12520
1369
16395
1280
18558
3344
293
4747
19028
4066
9644
5579
12895
7338
21823
22185
6951
11526
4081
9902
17217
15147
4256
4279
6008
13356
18192
17142
6526
12594
7991
14535
2651
4276
13701
8550
6427
12901
21704
1414
14409
20171
9904
2858
20986
4177
8527
15529
7566
11125
20905
9036
6569
6771
22329
19858
2763
10759
2159
18084
19897
5202
21188
8562
13996
21468
12854
6140
2348
20333
17830
14952
7089
4983
10044
13438
21821
20436
11599
16590
6577
10658
4029
1344
13800
12433
2129
16437
19823
9857
1762
19148
9880
2583
21193
16414
15103
5554
19451
8776
11631
9103
2608
12683
1884
12430
15350
18015
16816
10506
1727
7486
8840
18552
6774
870
3639
1422
2346
3526
10821
11743
5150
1407
2422
1069
14097
18335
16612
9076
12304
12130
8404
11056
18954
6381
9378
18757
22108
1582
164
17261
2568
12797
14721
15306
3327
15068
1506
15713
12645
1283
16795
12655
13470
13489
5027
19973
19067
4128
1483
3744
20791
19263
4955
21394
12116
2932
22452
10232
9475
21814
1505
7905
9395
9385
2339
21014
7637
13089
2247
2229
16771
4067
15705
8957
4337
16349
17627
7327
14202
15323
14060
1176
19367
7625
17298
13403
12091
3854
6087
1372
4311
8772
6408
8729
15391
2659
10841
18903
945
6847
18437
17474
3563
10700
12532
1733
7682
14938
6353
9651
20771
484
3165
3703
104
16251
723
15686
19976
20809
12662
510
21921
14819
952
16948
11539
3632
1235
3494
8716
863
10133
20000
16061
13597
17411
2541
20001
5553
15841
20343
5007
8089
8894
10182
16656
9681
12880
9502
3051
20576
1225
17554
16906
3270
5869
5505
13011
16864
16791
3293
8371
17465
3549
6590
10256
12044
6064
17975
4003
1591
18513
22202
9174
18367
21020
13237
14172
16664
16218
22465
11713
7487
9626
6174
22209
21005
20104
8100
20765
4530
20517
11971
9153
18619
13463
3748
9290
9734
18889
5141
13480
19960
10676
19782
17299
2964
13172
11003
2165
17425
16032
14208
5805
5544
16250
10189
5556
20749
2202
7233
5016
3833
19837
22468
20276
9205
13824
16582
1947
6333
72
2640
16204
4069
14940
19975
16127
12058
14961
15918
3990
19230
20729
11793
1829
12516
17544
10632
22065
12842
20769
581
1564
4890
3372
14139
5567
13367
18818
15445
16254
19473
2329
2740
18625
8812
15224
20526
12955
10177
2288
12400
4186
20014
11966
17955
2385
12739
20370
21263
9830
4804
3712
17760
16886
11205
3987
599
20665
2741
1753
7488
21080
5048
3466
7380
17491
6050
13843
