2205
18957
6244
2976
11993
2529
6668
13809
15438
14207
4191
10109
11254
6110
11331
10217
8233
8506
1573
8712
6723
18391
12404
19064
20538
13104
4828
21326
1973
2418
12331
15586
19483
249
18235
5151
19904
15775
16290
5019
8140
9071
18467
21811
12469
21824
21701
15275
15892
20361
10641
14647
7876
756
8842
16701
16461
19415
12859
8923
2337
19792
18052
13746
15342
592
19804
12363
6544
6039
12593
12844
9427
5470
14809
9831
21674
21128
6048
19441
544
15067
6154
3871
8646
7329
5183
19427
4471
9053
16279
15379
19874
5629
14750
6467
14676
15432
3464
3536
15037
13287
8057
4498
21354
21717
13691
13029
21487
11130
4808
3537
4908
4707
1214
17280
21671
7672
10257
2545
1559
308
9782
4447
8832
17188
2757
1415
11142
15263
4558
15403
17939
15673
11862
10117
1981
15585
17850
10502
17731
8882
5321
1378
14270
3558
9177
15209
3002
22369
1374
17408
13693
17747
8406
4718
14395
652
13368
35
5143
14618
13862
2872
5756
11478
3669
21171
780
22196
5166
9207
1449
10672
20325
8732
15745
13183
11435
4030
2237
3246
649
21077
14490
12391
17072
14392
16390
7367
17041
12595
15751
7127
8478
3923
12086
7510
3694
19048
6518
20382
18945
18153
19274
2211
11941
5480
14353
7706
12692
7047
6070
4245
19679
16374
21005
494
5799
236
15207
3079
12537
15228
15310
9631
3240
7290
17611
16231
12802
6442
20175
11547
9140
21973
18872
10761
964
6814
18211
18349
7011
6907
17607
4251
2376
10487
13790
7512
5674
13661
19253
16989
9197
12911
10732
9480
590
8651
13302
4053
12720
10062
20330
13776
14257
7607
22407
6712
20460
16830
18352
9142
4748
5023
21401
2082
2561
10723
171
10036
19731
15237
15107
18651
2892
19028
12423
18866
14576
15648
1212
4897
4178
7889
7004
466
7630
5368
9550
18949
725
10851
3616
4824
7295
21864
5918
21222
3552
19092
16765
17254
9155
7503
15098
7835
18682
11225
14790
13349
22081
3820
7928
4509
5469
13061
12934
19965
6458
3541
15643
44
2980
18660
19951
3204
5591
19855
10854
4331
18184
20327
11358
6710
2071
19586
16484
20212
10227
4288
5224
6873
9915
14349
7361
8059
17399
9939
771
22318
16398
6639
13328
20012
13903
4717
18972
20743
7505
20479
728
6134
3360
3858
9733
20321
13692
17416
9400
5852
878
4342
19434
14508
7375
11824
5786
9171
10358
314
10771
12376
20753
22274
1659
21874
9797
16736
11686
17251
18003
15793
3450
17608
20166
19259
11834
20416
17687
18026
11646
5806
12145
18138
22342
21372
5768
16131
17057
10292
12892
3778
17635
18482
1022
16817
17356
11259
21167
7002
163
3136
14929
5654
15319
20555
16425
15665
1092
2271
5435
15232
4167
18540
3116
12087
22363
22016
12350
10980
5465
17284
231
18891
9527
13254
5490
22158
9767
2200
18834
21387
7673
7107
762
8648
9225
5405
410
14533
7399
5342
15527
13257
5922
2997
2882
6136
8175
13566
14146
19943
18642
20602
7878
13633
12172
8757
5377
15013
5063
4219
4548
11668
20243
5418
8649
17914
13093
4980
3704
6714
3400
16292
15447
7978
6970
7551
9514
11118
11206
1741
2438
11554
9521
10048
7999
6876
659
4456
8295
14747
21711
14261
9425
20606
7743
9799
9744
16541
16018
12216
11572
20881
7376
12289
4031
13240
15251
9573
3852
21984
2666
14183
11188
3082
14191
15128
8931
1358
12948
2367
12291
3949
13396
10326
20808
7395
20519
10524
6414
19414
14651
1568
3890
11630
12
202
16028
13837
15848
2483
20597
12766
3169
5963
13658
5104
19378
22375
633
18560
14762
4945
6031
18606
3673
260
13945
7235
6019
20421
2138
5932
19277
2387
12783
11949
19155
12900
9890
5659
10026
265
7997
740
6488
4770
6060
22099
20464
6683
1175
18935
9130
13284
4697
8588
5297
20161
12996
10081
11434
6128
3837
15492
21368
14572
8785
14584
22092
19107
20916
19638
8559
2657
5411
12097
12935
20771
731
21216
17325
734
11533
14135
1909
19623
12176
9263
6299
2122
11056
17942
19211
8355
4835
16937
4572
16783
9861
6443
6885
10951
2199
6314
21231
5043
4963
15790
7993
6354
12033
14796
7910
12991
8434
21887
13457
3480
1750
19488
12224
10451
16062
1034
12337
18525
22275
5821
7163
6758
10634
19285
11039
154
17103
7716
21329
10313
8161
11379
21192
2365
5303
21794
20970
833
15830
19283
8185
715
3133
4991
21808
20496
17151
7624
8734
19370
10735
18151
8659
21661
4782
21274
21994
11015
9648
15168
12414
21556
14593
17273
18112
13053
11448
2623
4700
14680
17917
4469
7583
9146
15707
533
3857
955
15955
12786
17534
12160
21204
12602
11542
18242
802
9798
18800
10240
2087
17600
4496
5398
11905
18601
20520
4939
1060
4404
15949
13206
22311
20521
4233
4239
1222
1580
22054
15814
2863
21529
16625
10213
10028
11624
13119
3017
15376
16868
13520
10076
17075
99
14968
4758
21985
2435
1104
1510
19768
12412
10466
52
22282
14034
1488
3813
21931
2686
9308
6269
14549
2605
3554
6426
12888
6978
20741
9667
12245
3804
16182
6509
12168
2063
1933
8901
6439
6186
16936
17576
20397
7141
4470
6875
7674
18951
2262
12181
6740
7035
6227
1249
8230
6733
9216
21305
17666
6237
22030
20890
6
2165
11371
19061
151
3206
6253
4967
8496
17956
5832
11505
9676
4043
11869
4692
16237
14641
8707
12049
12833
17468
4350
12761
7945
10319
11156
18791
18827
19181
10412
8296
13065
4182
4865
19779
18136
4805
19563
15065
14725
11389
19199
3610
5388
3522
8119
15149
4434
19366
8515
276
4137
18078
21334
13877
5173
21558
18266
15049
19472
12611
22019
20736
19339
7746
21324
2397
5945
13074
11361
7962
12976
20400
21968
14646
9556
4952
2524
11816
5328
11629
6811
12079
2487
11199
8151
2644
8565
3362
3910
4242
14242
4590
4442
1077
3595
17774
12574
9757
20474
17020
1667
951
20364
11690
4368
5772
5375
2485
12669
19469
10345
21669
15726
20625
10415
17838
8670
5010
15497
6993
3986
22135
19882
21476
7217
9056
22068
4574
8674
2888
3048
6886
16745
14819
16099
17317
1700
16992
1534
22017
14185
435
10122
790
6310
6676
14003
10539
4491
14073
15323
8692
11292
9895
21213
14489
16771
2343
9731
16867
2255
8784
8044
7710
10419
560
18570
2846
7039
10997
6755
6212
11244
22053
11757
6082
8657
10352
14376
12685
22264
14818
3007
9847
20530
9974
4683
6746
9081
19708
13643
13187
6229
14723
16683
9929
15979
18618
3115
11965
11923
10637
5290
16645
2931
14324
17194
6311
4826
13020
11329
4421
13362
21866
7084
10822
15197
20245
1515
14998
16130
8331
8468
448
3071
9074
3103
22319
9745
21445
10481
18828
18285
18287
8958
19660
9159
12136
10013
9811
2436
8788
824
12525
3764
2269
12918
17202
9438
4012
9741
14901
17796
2327
7774
13276
12609
5230
17631
22442
8616
9738
15679
11310
14511
12932
4259
3931
15399
20502
5437
6349
6106
5754
10868
7585
19903
2959
1972
5179
13175
11753
2806
21796
13830
14321
5588
19988
8871
19932
18233
2116
9783
5503
12442
19945
10424
4454
18321
15456
11706
1570
19101
20061
7455
10475
16345
20930
645
8718
10164
21850
19677
17181
11636
10349
12557
8227
22011
6989
19670
5635
510
1380
17545
10954
9860
15058
18009
21357
9848
4544
21127
20357
16624
15007
13295
19198
18454
15890
14083
8866
8411
2801
8548
15603
11202
10753
21069
21916
8858
2636
4917
4203
1133
16695
2894
7589
10942
19680
16326
14972
13468
3488
4252
8629
13019
12733
14008
414
20181
9636
19398
2583
3104
12767
11689
15437
20798
12256
21678
1264
15185
16372
9611
11677
3321
10692
4694
16664
16145
1303
14319
2819
4429
13122
13549
19574
4032
20345
9724
19697
15841
10007
2502
20423
13870
17713
18788
8851
8482
1229
19964
19562
15485
5696
6149
19979
9491
11584
3941
10572
10170
18638
20888
22450
3463
16703
13774
17245
4927
20170
13822
3210
17933
2203
4709
19948
11852
18620
22008
21771
14329
9040
13882
12396
12375
3046
11492
19678
14730
1254
17384
9120
485
20269
4224
22340
15027
19
4737
9657
9390
2625
291
21289
8687
1160
20478
18267
7507
3122
16622
8645
13092
16793
17475
9930
19119
17692
3428
3586
5670
11463
9883
22371
9324
17799
21668
16025
3915
20038
12955
20699
22387
21923
1907
20446
16322
13688
5769
12463
16556
7099
3722
19227
536
22393
10157
20468
3660
1934
12338
18251
7903
8275
3194
5782
21937
4122
13139
3047
19659
7372
16551
15327
1618
8147
16230
16127
9643
14958
18389
14732
380
18640
14653
14900
14517
2090
12958
2182
8729
9089
10760
1905
20103
1429
19989
21869
13470
5268
12088
20748
5514
9529
3418
938
4228
20756
13023
140
7387
3228
12046
9117
10673
19696
6433
12764
7242
10494
10746
9273
3765
10050
1457
5106
3675
11491
22038
16697
18413
7313
20791
8312
2941
11532
7653
768
6293
12940
8459
16696
14587
22243
11732
21818
2945
8122
20072
3322
14771
17991
7246
7563
12863
3357
7824
16681
6075
17200
15662
12922
17510
11176
21145
5195
12529
5429
3227
1343
20159
5541
18597
5318
15768
5885
19353
12801
3101
11911
1419
20718
11027
2052
2480
19344
11722
19371
4819
3793
7598
3192
15357
5430
19186
21024
19112
11218
4738
16629
11742
15252
16422
18533
9576
20750
12407
12567
19813
1273
1632
19733
17140
2702
21227
11317
21041
3276
6437
20177
4522
8547
21245
1946
12665
19080
4158
7708
10308
21438
11373
2712
9853
16134
2643
4935
10234
1142
18056
10939
18784
7968
4605
10941
11520
3031
8017
17322
3867
11077
8358
5793
1610
19780
13842
18324
14079
20444
7204
13366
3299
8173
17119
16113
19425
6706
10803
10596
12201
5495
14749
14688
7763
153
21346
12329
12800
10123
4444
7408
7979
10627
9971
11786
20844
7610
15981
6696
21783
12695
5248
6346
2541
13782
12076
17139
10999
1818
1673
2688
10008
7434
7283
20246
16537
8907
19580
9019
14005
7747
6553
8297
9114
3763
11894
15259
1798
19342
2094
17871
13364
4854
2634
6071
18688
889
16446
1295
17620
15944
2884
9410
13291
12257
16211
18075
6788
2705
21260
4325
10855
14836
20566
5178
11075
5718
12660
20260
15308
1875
21490
3851
14330
19229
13160
13445
19564
11223
17222
1493
6312
2780
12024
11141
4921
6732
4893
1954
10018
20647
745
14458
15966
12457
18673
239
761
19046
5867
14627
5978
5844
11289
11878
10523
10304
6258
18611
16694
17544
16789
18602
13387
2155
2665
7305
22063
14712
4129
2206
7605
14464
10095
22383
15688
15930
8447
21967
21840
7960
15620
2829
4995
19625
1120
18084
21672
15091
3039
9337
10915
21154
7919
3860
16383
17035
13972
9957
1671
18485
9005
11298
22279
21413
10457
12288
10626
8758
17667
20176
20739
19841
5939
7132
17969
12132
6147
15301
1861
10138
20558
6588
13728
13140
7808
11566
16530
12143
16569
1924
1465
20951
19063
10607
18215
6055
5350
4431
10103
12749
15483
21144
16085
18341
2575
3502
18714
16534
3268
13346
20724
20183
4211
10619
13858
4207
21388
5194
20998
9973
1301
6001
12756
18278
4396
21207
1628
20969
15199
11899
17634
19499
3182
3735
11915
7828
5526
4229
10446
7526
9489
18588
4527
20286
14671
21645
17601
1607
3862
5205
7825
3139
2130
5652
1045
5598
22245
6589
10957
7519
4401
2201
19692
8365
9781
1979
14138
18447
7258
3316
16680
16401
10794
7158
19971
133
18422
11626
342
781
17578
17741
4559
5951
2451
22177
17949
22152
675
22066
12690
9777
15958
6320
2096
17941
13116
2581
8818
18535
3385
15284
21915
6296
596
10399
22314
15590
17579
20992
19657
18189
7793
17743
21727
190
20524
21229
8272
10792
8479
8733
13839
5467
12183
4455
7270
3645
18348
6623
16190
20487
2535
15364
4399
5946
16368
6077
4875
12059
15300
17129
5708
9332
10738
9737
71
9668
16148
5747
1982
16685
16395
21277
5776
2306
10382
13716
14122
15621
13264
17690
10086
18361
2862
5022
15728
17303
12563
9229
12037
482
13037
21454
3848
16360
15990
12436
11662
16743
7531
16520
10616
4153
6778
14579
21373
21456
2613
6050
17712
11424
14108
18248
7991
1340
19940
18730
14468
16881
16641
5767
5540
4743
19968
17165
4125
7389
15542
6264
21903
17463
10620
15234
20996
8166
12178
15946
4462
8781
5645
13935
7880
3128
1262
5477
10065
10182
1382
352
17921
19535
20342
2715
4634
3865
21244
8802
3469
2837
6587
5685
3597
9507
17369
19537
15771
9424
5113
5423
147
6601
5009
15909
15533
4674
16563
10105
259
564
7892
22222
4209
19459
8155
5174
8120
14184
11770
11403
14455
16049
16087
20639
11715
9554
5272
2129
3980
7963
6871
17443
15786
15412
571
21294
13796
22362
7684
4120
3823
17897
8889
20467
189
6954
10098
21577
7212
8416
11774
15094
1424
10684
11486
14611
17132
2148
8770
13258
19326
10965
20490
828
18202
17430
10040
11128
19957
10631
19475
16656
20871
22218
7890
5738
14145
6780
10575
15739
5152
3198
16313
10515
8513
21834
14420
5176
9085
20586
14536
14335
9674
12472
4417
7430
4630
14498
4723
5644
16880
1744
11856
1085
5626
21564
6395
4871
20893
2855
22199
19130
4677
18499
13968
12961
18479
4561
988
5593
10725
18902
10938
4037
9705
15469
9517
16655
21660
21028
14337
13169
14026
14743
16943
8387
8691
4110
1771
4843
11909
12430
2388
21449
14132
20760
2627
3085
16572
16851
12699
16658
20836
20251
8061
10866
1957
5160
15426
18998
6798
15509
7657
22225
8330
9982
10962
14726
18209
679
13434
16740
4852
20626
573
9736
2238
18547
7368
18749
15867
2048
7587
21263
8327
4318
17488
411
3221
14798
3578
13823
6085
1531
4578
6099
16258
12026
19859
15482
6242
4777
7502
6116
19230
20583
1611
10297
3370
5295
4653
11187
13927
6146
2355
21965
733
15512
6064
21477
14770
14303
6254
9430
21721
19846
791
18128
6182
20778
5051
19137
6457
17809
9663
17909
12382
12279
3975
18552
21510
20206
6994
8558
10472
20393
6957
1558
15431
16990
9834
20857
17728
18613
3102
375
20127
3987
12578
15313
11065
2522
16366
18524
21220
7957
6612
7022
9436
1550
9996
5185
1242
22002
3447
21844
8058
22018
17751
20731
22088
14485
18309
20986
2137
443
22127
10643
11336
8510
16895
4820
13530
12837
16132
5182
13034
12896
18892
14254
316
10521
7476
13866
17729
13408
17558
16539
14494
15838
13330
620
11550
14548
13301
444
15298
4936
17090
13137
21634
17882
4407
12384
20721
20425
17980
5760
8306
19089
3049
1756
21960
9468
9199
17344
12677
21435
11673
5603
6355
2685
7881
17781
1407
4815
18840
14537
10277
13634
7131
20728
21338
4493
3306
4141
3839
7976
14456
5639
4449
3200
8862
18510
3855
12998
18375
5920
21480
9935
14499
8942
15622
6197
1708
8099
1767
12241
4537
8116
4293
17680
5461
19959
203
5583
13444
19665
1997
16206
10984
16456
17473
14428
22028
8436
4464
11798
3792
7391
21921
10873
12857
3438
5167
7311
7398
11170
15029
10176
22421
3628
11007
4139
15568
4419
8751
8823
15581
14562
11720
21053
17820
7886
6912
2877
14085
22202
12648
21608
19672
13758
19200
13171
6624
11186
14414
7667
8300
11672
15393
17455
20707
18780
19129
14479
12674
6367
787
5020
21057
13272
6151
15549
13394
15738
10057
10289
14144
21224
21623
20603
11197
14341
18725
15445
20045
6194
1169
12362
1400
8361
14397
18314
2841
12096
529
14001
9819
9192
11297
6555
7709
3323
764
10061
577
17931
16769
22106
16538
21774
3748
2512
3053
5472
6807
10357
20528
8138
11454
10367
11714
17548
15499
21979
12446
9394
13650
17025
1572
7215
18933
22125
9477
14149
15132
1833
8868
11364
2447
13667
19699
8628
1101
10973
8816
11005
14111
17604
8082
8520
2374
5150
11148
12424
14238
18308
12825
15657
14846
21434
7560
5752
21638
17272
4383
10702
17934
11208
4062
8723
20943
19411
18777
16635
608
4642
5529
15102
4949
1685
4001
19986
17582
20018
1086
8065
4392
8695
21150
17404
9362
4617
4844
11474
17074
438
4299
19150
19286
2055
19204
1930
17237
2108
22001
5349
2134
5792
11179
4291
8473
13277
7453
933
15808
1825
14278
21261
3317
6896
7370
12943
6806
13853
17854
17959
6207
3768
1478
16842
18839
730
12114
759
19461
16477
8421
17485
9916
3398
18753
8024
16184
224
1224
20990
19558
9851
19658
8787
9670
5
16633
1484
10002
10925
3902
16722
6431
14006
17118
16492
22010
14588
11928
4309
2009
3885
1206
11638
16435
6027
16433
12011
9761
10688
1320
12085
17988
15460
450
13166
20852
16647
10654
10544
7491
21247
15939
13243
20156
22025
1566
17760
21378
17996
15359
11863
12443
3038
391
5577
5323
21910
11855
17589
20488
20600
5315
16835
5294
3293
18881
18175
16621
10893
3783
14171
928
17599
8836
9504
7579
13769
9578
14631
19548
7912
19540
3315
21120
11590
132
14789
4100
14173
11291
15244
21129
14942
18723
6289
5003
1338
9073
290
13963
2281
8633
20819
6891
9944
10912
9725
4833
19803
14808
8363
1960
21902
17100
4565
16889
673
5008
4048
16761
6425
2793
2919
13007
15872
21741
501
9234
14148
21743
1038
20505
11440
20828
5914
8951
3387
7083
15361
4353
16
463
20062
5139
14693
20659
8430
18705
392
3733
17130
11733
15724
16755
17486
7851
2216
399
19681
2906
4265
20402
8395
7861
5348
2496
1764
10869
22410
21429
1362
10088
22273
10559
16073
18335
20409
7297
20094
17098
21420
6521
1926
15516
18604
5648
21947
7562
17255
4432
18126
4923
19152
15769
21731
8062
16205
5047
3667
20336
16671
18118
6008
20510
22298
8662
13567
5254
6017
967
7392
22184
4152
12985
5600
4011
5860
20829
11381
6444
1239
10870
15882
9356
22465
16066
20447
13259
1679
13578
4781
21166
15579
18366
13600
10192
2775
12693
2498
13745
19543
5743
8277
883
16081
2454
4345
3241
20936
3835
2313
10720
13562
17324
6343
17489
12836
4510
8696
264
2939
10130
8487
14842
1886
16227
11675
10774
13804
4077
1004
21157
5582
5837
12745
20427
2297
13215
16951
16505
17967
6825
11678
10749
4460
19238
16962
16893
18155
6339
7680
8766
1258
4966
19364
19491
20535
1848
3396
21541
2683
8636
5880
2904
11396
13423
17764
11241
6542
8045
1684
15929
4169
2453
14385
1163
5827
3599
18675
14139
6736
22305
3903
18420
216
15221
21158
2294
4978
14250
21569
7764
17007
451
16933
14734
18054
11284
478
20083
9625
17187
1669
6109
18359
13107
19033
5030
20679
22447
6743
3963
1196
4036
19207
17902
2351
8091
4025
12724
12631
16891
11411
10887
19565
6370
14856
14951
3367
13162
11973
18647
19890
17238
17521
21710
15853
4323
15216
12368
1593
16846
7042
18880
1246
4688
1693
17714
4379
14660
6933
8934
8055
13788
2604
1883
7087
13517
4227
19598
16574
1146
16750
7459
10750
18867
2234
22444
11578
10290
19508
1881
11417
19880
7812
4801
11808
11683
2335
11215
5452
6307
18185
20646
20179
12311
10435
5365
19377
11404
8209
15810
3274
17524
12444
12383
4311
1720
9557
22370
22308
5568
12812
22031
15888
6206
15318
2236
5763
21578
19649
9795
20422
5530
7078
13182
4919
11541
11204
16524
8921
20875
21882
2492
9172
3215
2304
5317
17289
17688
1124
15340
17872
13632
8316
11548
20238
10187
9720
17065
6776
14858
6366
3189
17874
6430
7773
835
9043
1197
20719
16288
16770
13080
20363
17493
1795
13451
194
9898
527
14425
3218
2673
18812
21468
17212
6230
9565
20300
19060
20817
15717
20285
10856
4638
1965
8602
13318
6022
14113
13564
2325
16798
10441
2603
15162
16105
14720
5381
22137
21595
3691
14589
3736
11838
9188
3084
19281
11797
21987
7425
10480
14141
17630
12815
7862
21004
13135
3919
2735
18022
10721
12003
12915
15018
7296
12910
6183
4525
14928
19449
16210
2768
20171
8095
7623
13997
11372
20964
6741
8666
2460
19735
21360
12465
359
12385
5407
11421
9346
46
16181
14288
9888
8879
13225
15155
9492
1215
4200
7601
6934
17122
17225
5016
3378
15668
14175
15146
5858
10097
9712
20947
11522
1054
982
20665
8974
7688
12501
4210
22294
21890
20452
5384
21046
11601
20695
17215
21332
12343
18468
11861
957
12308
7759
14925
10675
19521
12681
20096
20702
11555
9922
14096
16428
11044
2330
5014
6322
13575
13386
4292
14560
7950
20192
3836
4154
16176
20063
10201
3490
11587
5881
5625
9211
21976
17013
12946
16485
12929
10467
5000
12223
4413
19685
7929
14622
12014
7420
5103
14147
17264
17920
11514
20709
14955
21894
2557
15552
17546
20248
1430
19571
12526
15260
16764
4850
9311
5206
10789
15991
9350
10600
22229
20465
19468
19917
3005
13627
18127
10237
3090
15970
569
4623
11725
453
12299
22401
21868
15630
15548
6210
4332
13177
18437
21479
2000
5796
15879
18190
12099
7438
17241
18529
9106
6690
4266
1994
12073
12984
17249
20554
21873
1068
18954
18955
20698
4792
3933
18643
15024
16024
20472
12282
14294
9672
17087
16719
10154
5567
10444
10718
11082
12845
12287
20694
13028
139
9239
19763
13060
17776
13063
14361
5931
15463
13628
18616
13123
11442
8808
7172
2112
2866
21235
7522
20722
13326
19561
2160
1759
2661
6976
20308
4976
14507
3814
16663
5162
12521
13482
10390
3679
14066
19424
6840
3913
6909
18195
18808
11560
13902
16978
21734
16411
22380
8902
11974
20313
13765
11058
11114
17821
15016
19013
10142
21833
12791
13294
19445
19515
3664
5672
2621
21675
3212
11953
11203
17861
8317
7931
14703
7796
2700
3681
19316
20501
920
17380
13806
14384
14869
17470
20940
8494
10676
8074
2359
2588
11022
12637
8255
1597
1725
7218
2716
2363
3821
22037
15759
128
4620
10978
16299
7555
15680
12381
9875
2571
6316
7837
479
20854
19240
20128
6362
12471
1440
19299
4050
9838
3954
18665
7606
9153
17787
6272
5129
17947
12169
19365
9762
11420
21315
8009
13402
20195
3833
19644
9370
10267
5770
2525
2638
2185
12696
2239
1477
19542
17101
14304
5815
17528
2848
18959
17446
6259
12714
1316
6268
15021
17026
15223
14311
6616
13662
2992
11308
22071
7220
10677
21440
20531
12553
12448
18177
9137
7444
9701
15348
1943
9541
17643
8811
22339
10486
9813
21636
1561
12795
15852
4767
4237
12532
3174
10066
6882
3336
22079
20291
6850
20431
1641
523
3624
5494
7085
19356
1095
6123
11374
15530
13616
4271
18822
3882
19892
20129
6176
4382
2470
568
2828
10384
4763
7711
9206
2348
16363
15776
17998
13000
11359
4582
17614
17299
8693
2530
6278
16863
18514
2589
2738
19835
10426
21514
17259
3448
1381
954
22453
21070
3304
5924
11699
9349
13130
15937
17082
14561
16552
7406
6539
2563
11628
16234
7043
16575
4589
491
10328
5944
2135
3891
2247
22014
13723
702
4317
13375
7911
1051
18355
16473
14867
7229
15713
5012
19478
3339
8564
11670
22083
6308
17531
921
7930
11035
21763
9660
22366
14879
22280
11942
20938
13484
8305
3962
2493
3403
10338
1863
2240
16330
21852
19151
8803
20643
19646
1543
21058
19426
4112
18281
19016
4962
17678
21718
6503
6695
22334
13422
13676
2107
16820
18516
13536
11432
4716
16055
16112
5561
15265
12327
22191
15213
2870
5795
6295
17672
7686
4165
16857
17919
1736
7148
5571
24
7038
3211
15363
16192
13690
5266
14158
8840
11553
2264
11665
3508
19170
11449
21911
19919
7867
10012
8665
14656
7893
14655
6980
16378
214
11831
9471
19372
8992
9978
1906
6530
6175
11890
7504
464
8010
18071
1161
531
14503
14813
20477
5810
3981
1554
19829
21732
7637
4132
20805
15131
9386
8518
21318
22293
19009
11051
2293
4999
13224
10947
5415
19373
6608
1244
8180
11175
3826
7906
14301
14706
1451
10755
2043
21026
10685
21381
19205
721
11546
1820
18870
20689
12301
11227
12583
545
1920
15373
21416
15466
11778
22143
6939
45
20762
1467
20907
10639
21513
19654
9706
7065
4649
5781
10311
14782
14297
3884
13594
440
13543
8863
12594
7591
21395
5110
4221
19730
4957
15229
8195
5159
16314
16577
11473
7456
14829
11704
2400
5440
8018
9837
2935
13825
2111
16300
14351
13609
8427
18142
10932
15189
19311
5232
18982
7983
2189
7457
11885
4010
5925
5953
8107
6893
17591
5580
2177
20378
20746
20869
8582
22086
4371
6317
22118
14469
8514
12921
358
20436
17750
14354
16953
13618
8374
73
11964
15554
17338
20236
354
19079
18304
16284
6841
16287
6453
19333
8637
13437
1261
7037
7549
20293
16170
4774
20587
3419
12982
12126
18809
8981
17182
13393
12009
5964
13565
4803
3779
21223
7308
18842
4138
14159
9493
13656
14234
8364
18034
11766
3794
14408
10355
10356
21152
144
14102
4545
727
13103
7421
22317
20614
20449
9833
17339
19245
7156
7556
18100
12919
15233
8339
2505
7324
12236
3535
678
8260
9620
18440
8214
369
4452
13030
21754
6133
9261
3150
4807
9451
14827
15908
18218
3411
6235
11752
3050
19705
21939
5572
8031
22469
14201
580
13110
500
3087
15326
2440
834
115
8137
7055
5745
10538
12449
12504
7104
12089
345
7288
15415
21706
19065
21079
16151
1306
4948
18167
19531
18783
20326
9218
22276
5707
1692
556
17043
5694
1292
15654
12775
17574
17260
3254
17665
12403
22445
17610
20115
21809
10386
12997
6243
21954
9459
9544
21647
16779
7964
16053
12184
10649
1097
19879
1968
18750
1093
19691
586
5862
12705
18925
1888
6435
6640
4984
6990
13304
20862
5780
1348
17594
1620
15066
10823
20023
7569
3946
22435
16890
18722
18752
20579
19875
5823
5609
12044
12378
12416
913
7873
18795
18013
409
9912
953
2977
5193
1119
6095
5271
18555
711
8078
3809
14617
9001
6586
11903
13096
6247
9505
865
11943
10563
14084
625
20677
16721
16826
14198
6534
20780
20761
19796
10709
7955
3785
7985
207
9710
3056
3335
12566
21810
5247
1922
7298
15704
3723
6898
11614
4887
19331
18548
21516
11004
19887
6329
18208
6940
19401
13533
7830
20785
18453
4722
3225
7909
2311
11998
17624
336
3701
5066
975
18893
5216
11850
943
8509
7142
8318
6326
16207
17587
8844
11483
20594
2136
21376
11057
8932
21130
16738
14182
7061
22284
624
19998
2822
20931
6174
12128
2339
22039
15936
708
7544
218
10408
4714
15325
13245
17438
14539
12084
14253
12198
320
11172
22178
14754
669
16657
22432
8686
21312
20733
9772
1438
6661
4253
19822
16860
4829
7696
22111
11940
1030
20228
922
20102
15108
5510
22436
16168
6167
16593
9253
21257
14072
926
15517
4000
61
15435
20173
5845
14898
7552
21474
10023
15489
9429
6304
11280
14370
1541
21424
8190
1871
8938
9417
21681
8307
1091
5109
1984
10573
9208
5748
16323
18382
11452
6870
13702
3460
20994
19180
15488
10542
20227
13072
17367
539
20849
17295
5766
165
1199
15612
17822
15409
9593
9654
2124
16919
8537
6402
15628
4600
1660
20032
10184
4009
19683
16216
5420
2710
14921
1770
5750
20486
13467
16481
1158
11767
8419
760
9194
15893
8068
2755
20777
11445
3754
7662
16201
2481
14004
8589
18419
20627
8888
2528
12481
21193
22210
20794
20433
9764
20513
256
21100
15110
5453
15406
17495
21083
9376
14037
4361
11348
12090
12534
2042
5525
16882
21854
5993
8124
15819
17392
20738
17334
3146
10464
3436
3724
12658
14154
6775
3734
8572
15085
8935
12255
7604
13999
9412
9524
14570
8581
8815
15304
286
12042
10578
3495
6126
17175
7451
16558
21321
6843
9617
1787
16222
21712
20867
7203
10362
7379
21689
7079
7059
5505
874
8338
10592
21499
623
11845
10033
5301
18371
1867
9791
13421
385
18028
10841
13671
2197
7431
16110
5586
18577
18395
2323
16213
20214
16777
11796
1008
14272
14265
17312
22193
13941
14926
16543
5903
12608
3313
11958
9612
3371
2433
21530
19885
5158
18303
18948
19246
10617
6446
5908
19817
7664
19637
12656
937
19066
12787
7265
19492
2792
17812
1975
979
13513
5302
17162
12030
15796
8198
15113
2681
825
3518
14768
9260
1455
4098
12034
9323
12364
15964
15481
6281
4364
14418
8288
18407
20120
6202
12871
9921
22198
15324
15989
3216
12947
12293
6943
13670
7898
13792
1850
15911
3442
8786
12782
14708
21153
4868
2868
22197
5130
22384
15172
5746
1639
20818
20405
16212
22120
3802
22292
3922
10348
20547
19798
7694
17884
13811
19944
1281
17110
13859
15473
16517
10209
21512
15384
10009
17193
14565
4901
11209
10722
5299
15811
12635
10834
1961
11152
4445
18260
6605
10064
10577
21534
3934
17590
6974
5774
16347
13147
8638
8301
10590
13871
7695
9595
13384
3234
4400
17926
4427
18199
9732
14286
5374
6647
22320
16108
16932
1088
4940
4784
963
14137
13136
3515
8246
2353
16297
12098
20079
6325
4099
9820
19417
4547
5961
4007
15451
4107
20168
10775
12094
3619
10134
20312
2176
12796
7584
18837
6361
17196
1423
6454
2399
12482
13795
4284
13296
22034
160
7247
11977
4912
19676
7729
5125
166
20900
8322
13483
5244
7100
21769
995
17806
16652
13757
13827
10249
21653
15696
1895
12710
8220
7167
18523
4968
11242
22224
5024
8132
882
6491
13799
10566
19067
8957
16074
19975
21019
9910
8235
5948
293
13897
6084
7458
12954
11727
16341
1141
4562
19501
7994
386
14944
1425
22385
13043
21843
18288
17350
826
5855
8617
14512
1308
9842
10272
1944
15411
20542
9574
19369
12883
4914
14192
7198
6416
17930
16165
4734
5136
13587
1028
185
3229
8761
17287
20107
6694
12694
3185
5539
5675
13158
8507
10102
3960
6394
4097
11408
5283
9122
18487
6596
13588
6474
3355
22165
2750
12644
7253
18079
1709
1688
16501
10181
19937
10375
21404
18179
2618
7026
20773
8983
19255
15823
14528
8071
15650
9993
998
7766
18731
3479
16094
12095
2975
20796
20037
13857
14927
14864
1942
1891
21141
5329
16121
21439
13438
16067
21588
4592
8910
6579
2709
454
19490
12811
14689
19728
9876
2495
3873
17097
20090
2994
21355
2413
3698
1026
7720
9274
6348
12303
4614
3345
9328
713
18223
324
11585
1567
18924
15248
21639
11012
4549
16012
6738
7414
13150
11611
18240
10022
10814
11337
16129
1856
1112
7956
21132
3549
17063
11414
20870
8943
20788
11302
14591
13689
8168
19972
950
20295
17048
16949
15695
21475
16183
10736
8096
18160
2601
549
15976
20406
13591
17994
17051
2808
21781
17150
15537
5077
14439
9276
6646
13910
17603
6560
7969
5636
21857
4591
22067
3875
7160
22300
11107
13534
21791
14077
8904
21982
4294
6656
5133
10044
15998
21779
12325
16799
14822
12200
16440
14832
21060
7124
13041
22240
7699
6344
12645
10133
20445
14437
4085
4840
3427
18062
5455
10656
4441
16921
19094
16907
6725
6507
13250
8114
11480
17403
621
690
14871
20114
10263
10069
21110
7617
20386
19868
10223
8660
4367
20669
20965
748
18830
741
1842
19603
2099
11036
9735
2193
18074
7417
18121
1476
19918
9003
6313
4733
10769
1644
21629
1637
19689
6520
20376
7386
7060
12903
9051
21725
15414
16659
8949
19494
22194
5345
3381
21684
706
4147
8601
4241
7571
9801
5790
19609
5865
6018
4414
21648
22253
21308
21200
8713
7525
11978
2380
8056
7883
17797
20082
18055
18721
12667
5091
15541
5144
4074
16944
16930
13631
21240
6276
6620
16466
18644
3757
6144
1272
13711
674
11087
17898
15083
19368
6796
867
9470
520
20553
4111
2785
21665
14057
20039
10586
20963
10909
9384
14629
4327
16834
2669
4695
9103
11693
18388
5605
16938
15134
21755
1931
5421
5114
14521
15496
3080
19319
4197
16248
2248
11765
22113
9829
17302
16875
19118
22307
3349
21690
19108
17186
11847
18486
17783
5554
4842
19783
9259
4276
8106
5170
13134
1164
17940
5551
20344
17887
2699
9283
11046
18491
16008
14722
4563
6478
12700
5838
20565
5848
2893
13990
16260
3089
7726
11125
5157
19081
13460
19018
3019
2675
1714
10432
17849
16459
12546
22262
19093
18430
21020
20802
6535
8644
5677
11070
19915
19100
6932
22287
11166
10373
10485
5073
22101
20051
18889
15073
21107
2635
18463
9464
10230
12304
4584
292
2347
3866
22418
16726
363
18119
10344
18338
21398
12121
6494
4115
7748
14661
1874
13744
969
1046
3613
6769
17569
17907
10807
8599
1100
3732
13924
19271
11759
9802
5252
14120
14264
15417
21746
651
11237
14778
6291
3592
1487
10693
14705
14357
18147
7871
18534
2833
13531
21189
10928
1698
2593
18736
9509
19710
20807
2642
13487
20560
21549
13489
14510
4543
6705
12704
10246
19120
16162
18241
15217
5029
9567
4238
12222
17537
10072
10431
7923
17633
14860
3614
990
2102
8759
11713
19961
2852
11322
1897
7334
16749
4560
12154
13502
13278
6080
19446
12065
18617
17038
9455
13914
11939
18259
8508
17853
18581
5410
7192
8199
5211
4155
6697
20412
13545
22404
4644
11028
2403
4051
15347
8143
6150
12441
10295
12173
5285
2653
8237
7442
12899
14837
21470
20774
8127
10635
16252
19087
17448
7942
21065
18289
5127
7135
14891
20232
8828
13199
15011
8715
14430
13307
22160
14041
13388
5382
7717
82
43
13097
15241
19486
10334
14224
19002
2521
18351
14892
13657
4134
20575
18029
12906
5433
12540
2058
1574
5165
12277
5475
13420
16611
13583
2377
13121
488
11250
18695
20366
2849
8371
9634
11066
21870
3600
813
6046
15649
15020
8720
15190
5715
21971
15865
21765
5434
9420
8606
13794
4324
14573
9461
19901
18741
21183
11362
6411
5169
10194
8805
15562
15458
2210
21149
3719
17256
17080
2999
21430
19393
3314
13308
11037
4066
7136
21133
20973
8360
3209
2586
1276
15787
20448
15292
10894
8945
2718
9236
3636
3224
11839
1418
5866
9474
2446
2417
8829
437
16427
16544
8433
3088
1547
511
1908
22200
20715
6986
9519
2889
20688
22175
6234
15165
797
10570
15609
1727
17419
10645
17465
6897
8014
18446
5237
6486
5364
7147
20686
4794
3111
8015
4280
14398
6350
16557
9844
15794
17423
9279
6214
2843
20806
11487
11401
422
8343
21997
3354
13252
14060
18585
17412
1353
15344
1248
12262
15835
137
9979
15697
4632
2543
12470
17432
4983
2630
4661
15714
9918
9321
14833
198
1187
18279
9302
13709
12007
22090
20776
505
13514
19220
9235
5972
4339
8133
3932
16887
15663
14143
11160
2283
13188
17168
8906
17657
14701
19083
8924
12199
6952
6068
20550
8833
4163
14713
18845
2903
16729
2015
184
11685
11729
3677
16333
4618
2969
9594
4087
1172
6372
16598
2272
18921
161
14969
11485
14222
1645
18980
17282
18490
107
6691
3880
822
16097
7287
10020
18663
3521
2791
15956
6103
21460
7509
9352
14023
7244
16631
10436
9163
8710
4166
18092
8294
8676
16079
509
12194
16626
16592
22192
18962
20031
12772
11823
12017
15295
10365
2290
7532
1255
20617
16730
12307
2531
13984
18406
6508
11167
11267
7811
20003
6228
6972
4478
1932
3178
10696
18428
3582
18919
4969
7496
3798
8772
16453
20952
4961
15161
13391
10189
11110
19157
22029
12597
14568
16877
13174
11882
21905
12230
20824
8952
21996
8145
8247
8431
21034
8218
15767
13771
20909
9753
12125
15804
16972
1539
12334
14121
13463
5923
19346
9958
15471
1011
2821
14065
16391
10934
16583
22241
14274
17803
11258
7515
21473
4269
5983
19541
18365
12641
19805
16723
11320
12280
321
2744
4625
15328
7210
21626
12029
7495
4018
9457
5883
18713
842
7010
15694
15335
15500
10405
9675
6125
13734
11094
17886
2188
16853
20298
6472
11551
12884
1243
14978
4307
18572
15307
10691
13817
2143
5976
3009
15329
6286
6190
5013
19585
10661
2484
5391
12754
1063
20077
21047
6117
732
21402
11471
4651
4813
718
3476
10073
10397
20219
17221
7251
10686
4594
18807
7000
17233
1977
14095
1491
19912
6225
10165
5479
17088
14500
4274
7600
15387
6572
1517
14711
18545
5273
6703
3822
13985
22000
21351
5785
11921
10146
8337
5731
4281
3825
10630
3720
10270
17550
4075
14735
4884
19034
18995
10312
19202
8103
18674
14935
20593
21917
5492
1402
20193
2920
11654
3544
13727
8186
9721
5759
15559
4556
10562
6677
21836
18770
11427
21226
9181
18329
13411
4487
9156
8812
9548
4607
21363
4518
12768
11108
21728
15474
21831
11607
17899
20394
12271
6675
10359
6672
6865
16648
18114
13961
17664
20623
11772
16072
4488
18854
7631
9148
12828
20889
12208
3257
16941
13297
15525
8463
1777
2847
16973
10669
9635
20853
17826
8543
15832
22424
6750
12808
10395
17069
12838
17492
13982
6517
14995
20119
8477
14769
1446
19194
17952
362
16483
5131
13721
18895
15180
13293
14779
12066
8682
1298
10100
10751
9662
20188
20117
6852
6481
4285
2258
14608
17469
8630
16389
19383
17565
11286
15782
13101
12652
7736
7832
9552
9680
4170
12366
18826
16472
1431
14080
13673
6665
11268
3382
1553
16468
18456
16640
8962
2241
4503
7534
12195
11312
1730
3817
7393
17623
13219
14845
1969
839
162
3797
749
7145
15877
2553
10845
3432
667
16350
1328
628
10112
17512
576
10646
17961
884
5994
15588
13738
19270
20922
3029
15112
19206
3125
7239
11220
15980
4894
20432
2902
5093
8471
19166
4380
14906
17814
5661
8392
16959
20682
10705
20000
19140
20971
19428
16194
14055
14547
5673
19633
8303
2850
513
8585
22126
5443
18852
2711
20809
12108
2157
7096
8390
7823
3651
2062
2620
4810
10151
18101
9964
4157
3252
13471
6178
12748
4516
1564
13220
658
10571
2140
16735
16117
811
5305
11375
3598
3164
9673
12849
21498
8855
17551
1454
6722
6418
18973
8499
14544
14677
10663
4290
4757
20056
13495
1389
19406
3622
10652
5592
21978
7137
1707
76
14874
19037
8703
8979
16676
18990
1796
17698
4673
6413
17785
17535
14757
19883
14949
7754
18200
514
6629
12106
16093
19235
6255
22132
8067
21214
6424
2020
14088
15306
2395
22141
14870
21683
5863
16969
12682
7690
6232
14100
8004
7855
2338
4613
18626
15302
8834
5308
9786
467
11497
17061
419
17839
12717
6783
8052
17444
13996
19958
10770
6963
7174
19784
19122
22145
15019
17079
18098
19911
6597
11892
14267
952
16375
7816
1799
5255
3991
15061
16050
14838
11410
21262
10251
22246
11277
21704
4773
15374
10944
5126
19664
8492
8594
13255
21191
8546
3629
8990
3093
7092
2564
18774
4827
21528
14788
10366
17527
815
2921
21828
19790
10648
7975
20811
16968
2973
15948
7416
19049
2878
14281
3881
12339
11784
6277
21344
13282
3163
6973
8794
13511
13604
7516
7471
9997
9144
16236
5856
11983
21035
17433
21029
5538
17364
20034
2660
1970
13194
19760
2375
21613
14812
9790
9094
18271
3220
10966
7791
18793
1314
6432
20221
12157
21371
1350
1869
15166
18687
19408
19231
13
155
8681
16217
19387
3064
5192
4126
9184
10031
14445
7518
11811
10809
13002
14457
10000
10124
9152
17554
5289
782
2937
1807
22423
17133
6808
10857
19776
3604
19921
12765
16717
22012
12050
20211
10280
13970
7388
10250
16122
9540
6499
7437
3249
16759
16674
10173
7644
14888
7866
22166
517
4246
16208
408
18996
9387
18964
14386
1113
5099
6621
18704
7953
2441
5358
5414
2002
4788
416
10205
14416
20310
1762
4906
12202
4450
13915
17413
4580
3063
5911
13698
8444
15750
2300
17707
353
10445
20683
16123
21006
21861
2970
10842
14719
8825
19460
20437
7547
19337
7772
15450
4215
4499
12873
11618
18441
7944
9955
7122
8379
21768
3631
3561
6580
9186
16617
8404
1304
20068
11696
7175
16376
9101
19242
13075
6328
18667
19632
10330
13714
15475
4222
1053
1677
9035
1056
3607
10625
8446
13880
3868
14865
15520
11819
5775
4370
15926
15538
16760
19421
2228
20823
20514
6216
5841
10343
14985
9882
3524
18275
21169
22174
5612
7292
8654
3527
11345
4841
5389
9887
4930
3775
18268
11710
5691
10017
17766
8385
4344
11376
21442
17944
19289
19621
7255
7501
9746
2542
4553
3790
12360
13911
5640
11504
9296
21813
3969
20167
4177
15895
7670
14996
19799
8737
9599
14803
64
3179
5065
6365
2025
14070
10729
12148
11805
21862
7804
14163
19602
7073
1555
8675
425
297
10106
7046
10961
294
11647
13761
17523
19006
11181
9141
8370
18683
9027
18912
20946
9060
3404
6832
11562
3130
1170
20595
2701
3520
6756
6188
7987
371
14523
8414
18306
17793
20866
17067
21646
17593
17805
16015
12691
11111
8440
3717
14129
18628
19156
5078
19197
17989
6363
7845
12623
213
16340
21650
13849
2249
18520
3454
22236
14855
20783
21773
18968
20356
3573
20036
4278
7382
13710
8650
15754
7641
7363
6757
1444
20826
6436
2341
15033
5732
11391
18609
13557
15097
12462
19249
5501
3806
11799
21733
1560
6184
18898
13593
8708
12980
15605
6389
864
13700
19287
16901
12744
2602
17659
21160
10860
4575
365
507
13213
17987
19600
20371
20263
12399
8643
13102
22335
16450
15878
16187
13165
5850
12174
17507
8050
4660
5105
7054
18829
55
11933
1877
4312
2736
20225
21827
10530
4576
3467
13189
6684
16423
5282
22147
7483
17951
9175
6463
2577
4622
11370
9176
2574
11183
3167
17390
4381
22439
7110
3068
1794
14229
12569
4146
11841
14133
10477
9515
587
11009
17112
14178
10553
1595
4667
12743
7967
12599
18340
10781
5055
5886
11324
15802
327
5734
22431
20359
885
9275
1890
16270
21290
12920
16164
1959
14495
2345
10899
21651
7224
14227
20786
4505
2219
2509
13269
3961
7097
2227
12734
4090
18690
4955
16762
15314
2163
2991
9246
15935
3741
18905
14320
17192
1917
17725
18478
2278
18942
3375
10465
8963
4873
1778
4583
18047
5094
9113
15986
4071
18967
11966
9084
9542
6492
19017
22015
541
13780
18887
12977
4249
1183
1893
21295
16447
11631
20878
20985
10933
22154
11907
8820
4573
11540
11117
2357
4994
13164
14594
17281
19435
13167
17383
15764
251
4375
6719
20180
18085
8795
19896
2915
14116
5610
9752
21611
18817
14639
14623
9607
9063
21349
3108
18249
20281
2226
5992
475
18698
4609
12058
540
4475
13456
18760
11467
7666
7707
4403
15008
18066
22268
5336
5426
18706
12759
20574
12746
12621
16280
15977
6398
15487
14399
146
10557
9778
13538
20277
5717
4550
9867
5516
10796
666
18495
12077
19349
9865
11221
7030
4453
7119
10004
12268
14388
12890
19103
11430
16369
8443
8922
16758
4365
17174
19534
17275
15468
18298
5891
18594
7854
13894
17846
15975
2909
16175
15064
1005
2861
9692
13146
21784
15766
10504
7346
3952
10719
15032
16866
11243
16913
6333
15270
2572
8165
1643
18650
20071
20301
6251
1751
20529
3162
10740
769
11516
14300
13850
4993
6002
5870
11099
14979
20942
857
21657
16928
16196
14323
2178
19711
20440
14115
2462
19833
6700
10416
3943
13038
13025
1603
21304
12715
663
2214
20332
7185
15831
21365
16984
10998
15030
11232
656
12894
21928
15105
22023
15721
18700
81
5356
21959
9864
8995
9579
3965
20920
9836
4650
19413
18212
19221
2053
15305
4465
13501
20813
15779
12564
12250
11355
5562
20279
9936
6447
16794
5930
1379
19360
17352
7852
18974
603
17402
14863
21459
19123
16173
747
14447
6456
14410
17859
7926
21196
21893
16925
178
16111
17197
3626
6003
11126
13810
16306
19876
17575
17542
7618
11319
12428
20899
2745
13410
8243
4641
6171
5140
14866
10541
7328
6669
3611
21275
6131
90
11763
12340
7422
10045
7130
12300
15529
11748
10208
18378
2463
11211
4932
8813
1156
9445
3590
2967
15003
9683
10278
15671
16654
7289
4922
21187
7221
15860
18090
17891
15861
8353
15137
4569
2106
8320
18981
12603
6379
21177
18452
9909
10179
2235
12318
3977
8454
13506
16909
16597
1065
11368
20066
21941
11945
16235
13051
2079
4845
597
3584
8579
7206
17547
2911
9870
201
21582
6257
10376
1027
12240
20904
18331
20995
6215
8121
10341
10817
12298
1831
3455
3062
2194
7609
5473
8626
13442
21345
11639
19838
13271
12636
1000
6919
12847
16923
9185
10604
805
6853
14061
18963
20631
21614
9774
11925
5253
1437
2526
6906
5971
22095
7632
7066
18011
2759
4135
2978
9479
7977
16335
16089
19250
16693
16090
16160
19015
18217
19806
3556
8801
3248
12130
7625
2690
3756
6010
1315
18276
7166
19536
9986
11843
11829
20770
5926
12709
3559
4586
15897
7935
5441
15285
17320
8854
13740
10579
19196
22061
17071
15154
18050
4108
8393
9213
14389
12235
12258
8397
14040
1851
19078
5033
2600
5210
13209
13929
1687
19133
2392
13586
11946
4425
9555
15524
2315
13185
17834
22093
18397
6921
1495
9109
11285
21953
8038
17327
14371
20944
4131
19520
6211
21399
18429
9377
17169
14180
10588
208
9041
2790
6434
3643
18086
12969
9210
1373
17246
18299
4341
16357
13045
21572
10284
12798
11085
5928
10913
17017
11343
15753
14000
12671
1277
14917
11874
4933
18636
15087
11793
10460
19703
6835
5002
7818
2059
2766
7652
5031
5615
22150
21197
19074
664
9917
17502
13117
18065
11149
7786
13933
17161
941
2074
6052
13836
15269
2326
15365
7788
15883
6271
21881
3655
18987
6944
19567
12601
5915
17641
2534
15532
8804
17801
10288
6632
19900
8073
16994
16276
18180
12239
19750
14090
13390
