16895
19743
21729
14497
1387
10379
19347
21120
2442
8139
701
15236
10426
9319
8883
11003
9294
5458
22171
13294
11332
14650
20415
15531
18906
9220
19757
16869
18966
4502
16977
16052
1654
11341
12464
11323
496
20276
5212
16960
17056
17726
14181
961
15174
1123
22265
3070
6441
21491
18216
8482
7357
17384
17402
18155
5183
7735
7467
10241
22208
3735
10783
15951
2596
11657
18819
6045
21708
12408
17370
8049
9176
19792
18512
20892
19573
17984
14031
10468
16093
8606
7362
7663
3630
904
3097
290
16809
12461
9125
17386
8869
9363
17983
16427
4499
15644
6552
11102
13098
11611
3073
5513
21254
6806
20343
754
17780
364
1271
5518
14862
22403
9603
11389
15785
19870
7460
15114
20559
9525
12500
22110
8351
2773
11804
11719
8216
22100
21231
187
19992
10578
406
7966
909
20632
983
20135
5622
3906
16972
3499
11507
18744
7364
9554
8700
4296
8893
1372
9241
7641
197
17148
4003
1193
3300
212
19135
2651
2942
8232
19000
15963
10439
4907
8505
20024
15223
1827
5432
11538
6160
10503
2311
2981
11775
11644
17392
7961
11273
21496
5307
4225
12831
8519
9164
2280
11498
5049
3838
1078
18655
2444
12677
18645
15362
22328
16466
11514
19128
15839
13297
12308
20435
9160
2323
1722
16968
18056
19448
19275
4000
17866
2422
5064
8993
11585
19063
1901
710
6818
15713
18886
4948
16618
7602
8790
6926
17340
2664
20930
5345
17695
9759
20888
12965
6189
16001
11280
13095
2597
3973
11710
715
11149
19562
1618
12936
522
20922
8348
14981
10500
13742
16791
4518
20433
9359
18078
7822
16291
14659
1964
7015
2078
2245
19877
11158
14272
20653
20810
12353
1037
21803
10995
12842
1783
7108
6677
18105
7789
7983
22329
3160
1668
12783
21325
17848
17247
11289
22438
18856
3606
15470
11277
8153
9677
14790
3584
17523
21088
18777
1921
9968
20516
17860
16721
21569
3533
21740
12593
14988
4786
19777
17598
8271
15612
4987
7919
11244
2455
11424
7165
7325
15647
15763
13441
7765
3242
15742
1377
3062
15649
481
14109
21713
12666
10007
18409
9368
19231
1047
21663
1617
4399
17631
2746
20700
945
12088
20660
8257
4738
20510
17833
61
21211
16688
16186
16032
6940
19515
19776
16122
5636
8669
6720
13525
356
770
15468
12039
2610
16399
21662
8874
9138
15076
21224
20586
2159
2874
16524
19127
4211
22316
5187
17377
3878
10670
4751
13140
22052
20210
9496
3451
5149
12098
2085
6357
2284
16978
1494
18167
2051
16470
9893
18577
7945
18957
1278
12280
17694
1586
5587
12987
14264
15878
3252
7558
13252
1779
17502
15821
16590
1517
13576
21917
11634
20758
13426
16193
1912
7745
22375
1391
8001
19795
18396
17740
13537
19432
13478
14502
9373
2018
18561
15085
20165
2409
20342
18090
13434
9035
4772
16866
14646
14802
21033
16106
21987
5503
9816
4818
11756
12648
13966
11209
21955
21489
17591
8795
2474
14192
20291
21907
1745
17633
9504
8120
6232
3649
6780
13300
12361
13418
7093
1531
2058
11430
13866
11364
12762
14791
11850
365
13264
