11233
22275
17955
11073
21802
22298
12537
20475
5086
2350
8193
21444
1839
15497
4875
13739
5032
17759
6635
19637
5017
12362
11518
13220
5687
1523
17250
12040
10876
5884
2951
12883
16202
12192
13214
17590
7720
11475
16669
13241
8797
18055
18174
10514
8681
13647
7117
4972
3045
18305
21942
5193
7552
19073
8563
17493
16624
19568
6885
14105
4853
15473
4247
13383
17767
2382
5411
8059
20805
7729
10748
13581
8608
21071
19596
3368
8641
4752
20867
10108
18522
5964
8863
16906
3183
3400
6733
9874
7591
19566
11937
8832
10889
20719
12244
1697
18923
2494
1468
465
8237
10699
17375
2432
7281
5100
16733
751
10628
11519
19423
2319
9858
8654
16937
18099
22402
13491
14767
15679
6126
1214
18920
14028
10758
9664
1972
3408
13051
12378
1995
1027
7733
16601
17677
14807
8477
17596
3372
4799
17243
15310
17690
15273
10272
14375
3488
14543
18879
3789
16781
14053
22223
13912
21372
15197
16645
10146
4861
7154
15982
6097
4055
13210
3800
9198
19920
16089
7260
828
5912
20825
737
7930
15108
3593
13914
1747
15707
7647
13580
13183
607
15469
15477
5067
13733
6527
12800
19248
2145
4086
287
5163
717
7242
18847
529
5725
12828
19968
14228
10125
991
12709
12474
6105
547
19110
21405
12594
7130
2391
11256
17489
805
17563
17285
10434
18530
17159
18925
19604
7262
7995
14303
15715
