4575
20817
8506
15706
20166
18696
8740
8190
2222
7491
11323
8612
21391
1992
6108
4390
9297
22409
21973
9243
917
9474
12059
2038
3404
14353
12924
6859
973
19546
1460
2281
15339
12352
8776
17461
9675
13832
4685
11452
11277
10423
17320
1071
14684
6591
19615
3504
19452
5450
22360
14603
11447
4859
2218
1215
10741
13693
6765
9373
13997
19040
10260
21483
7922
11993
19123
19641
17702
21231
1838
15493
3207
16042
9507
18675
10818
13971
2263
19580
16956
20491
4078
12566
12910
10817
10071
20215
4001
10930
5073
17612
6611
10587
15752
10417
9112
19481
19718
14940
20154
13434
8280
10120
18257
13066
22108
263
22142
16745
11269
6122
16689
13736
1264
4749
11821
10858
18301
2117
21101
15742
16963
431
5202
15782
20009
6751
21374
8101
527
7476
1715
3248
15179
19430
3920
21566
5992
4532
14137
6183
12323
3355
19824
10913
2442
12853
15396
6284
7526
14947
22312
7579
11186
13575
6401
3447
14798
10750
11630
6479
16314
16923
21609
21508
4247
11073
6368
17545
8076
4826
19007
3908
16648
5061
18852
7827
14734
838
20536
6150
6604
8688
18174
12676
22249
19413
10762
20630
11844
18493
11013
10966
1867
8814
1257
9477
8294
10977
12367
17783
3249
21126
3441
7230
13095
12225
17561
12498
1485
16307
4672
3282
3751
20041
21154
6985
5702
7205
15434
19379
16115
13567
10373
20619
8265
10947
20640
18282
15336
5397
3954
14624
9531
9309
20312
21856
16415
17534
12736
19402
16392
18218
6499
17258
17720
20234
1548
5841
17221
13179
17980
11291
12459
20835
20539
12978
2266
6649
1887
5114
11227
5270
12823
7114
17663
5520
17349
16981
3754
15455
7830
3247
19992
6753
7373
9465
15283
19665
14728
21395
11474
1756
15250
22135
5902
2684
18232
21834
7928
5999
12888
654
7993
4336
14001
2121
2615
7034
13782
4706
18212
13738
5708
13927
12120
7038
3499
20598
9447
18249
10052
9575
10489
18644
20917
15465
2790
20985
9791
3114
6547
2143
5189
19395
4935
11690
15613
5065
11306
3626
21615
10313
9019
21985
10405
12922
13475
10875
15801
22264
8976
2459
9349
13739
14434
13428
4039
10086
21879
13903
1584
770
8203
14377
13372
1721
2314
10054
13907
3302
16074
18571
13804
11636
13838
3652
12188
5436
6383
15085
4644
3299
3830
8414
4997
18441
7918
14412
16250
6794
19625
3030
8118
7096
14466
6177
14867
13771
7143
16445
17831
13875
7131
20806
2450
11607
22328
3976
5491
11454
22150
8403
11861
1373
10162
3069
13177
10733
21799
7395
11387
15139
10889
12298
6817
4847
19245
14238
20586
14528
682
13070
11676
16787
2311
1097
16541
15558
569
15138
11139
287
3186
3904
19902
5174
9170
4949
2942
14558
7903
7627
6489
18968
1546
16077
20553
13729
2733
17322
6310
4980
18829
9079
13482
6809
16002
9549
812
2588
6170
2773
9707
15587
2983
21397
3699
8315
10746
11937
9192
21452
17266
11527
5414
2410
8428
11402
16335
4055
11307
6596
14367
5594
8759
2375
11578
20123
13905
16826
14542
20808
9517
3054
6443
7102
10455
15991
17507
22125
17398
9444
18962
12567
14671
7783
16378
1245
662
13961
9790
3125
21742
1730
1761
3488
18297
15161
21308
11623
5911
3139
13939
17160
10862
13661
3027
9518
7344
11683
9445
15261
3572
9772
1296
3268
12733
2142
2498
3120
11176
1018
161
19849
5282
4255
5746
2355
1893
4380
128
15695
12721
12360
19692
22315
1315
13437
3006
16571
22281
17185
19134
3205
2970
13564
18262
8008
3523
3538
13420
5274
8790
7738
4740
14806
5331
13283
8103
18164
14769
2471
425
21555
19342
12368
11860
20017
14578
14497
13256
15883
2933
5704
11464
15951
4900
13767
6693
21082
8845
8402
6727
21935
5159
13375
6881
18054
11384
150
5273
19455
14737
17640
4013
11089
19063
14180
8010
21185
6673
5377
5017
2819
17956
21389
2407
5025
13958
5586
5894
9296
9673
10298
6537
4498
8930
1765
15933
12253
9180
8353
8201
16603
21929
11891
4747
15503
1038
3157
5734
10280
5593
10133
20497
20823
10548
8488
6411
18335
10923
10682
1915
4922
21081
15293
5674
1159
13753
11259
6761
7844
4730
15967
7098
133
16186
3653
10708
18070
16440
7270
13282
9008
4956
14234
20383
3348
7341
16671
8207
17806
3396
15810
16486
1688
5353
18918
18781
4866
14811
12327
20114
20626
2706
2530
13808
7361
10716
9966
4986
19196
1974
20066
17665
43
13326
4585
11907
12594
19792
19078
9258
2150
18120
13347
11184
6361
7522
21080
15062
13684
14100
21041
6748
16961
15857
8915
13514
6831
20701
11383
13369
13154
10018
20349
9632
13041
11425
17706
12392
16198
8569
22250
15759
8396
4666
7598
8984
22082
18397
19572
3793
22434
10523
9568
16507
12883
16476
17383
4485
2570
16789
19855
5320
16395
5048
16654
16615
15871
13469
3041
1711
13021
13371
5366
21737
18057
4279
7689
691
8216
6151
2227
7719
2979
7026
9867
15482
900
4492
19443
7271
9381
18592
17140
10993
20048
17681
18667
864
10569
9130
17023
275
14716
8530
12347
22348
10060
12895
4069
21449
17875
7599
18841
17205
13103
20828
2542
59
14888
5112
16865
18254
20994
20764
4873
16376
7748
14394
15222
13735
5447
12496
7636
18892
20916
3193
2481
8588
12604
3927
5509
12257
5700
1897
15597
2533
13636
12599
18159
17615
17569
10876
2399
6255
12306
10488
1255
19859
1123
17670
4475
15264
3055
6446
7281
6334
16228
19506
20943
1167
10167
16977
6916
16866
19552
4155
6672
3458
4282
3702
12855
20551
21849
20513
10320
4556
2420
16874
13260
11432
281
10187
9923
9441
19797
6875
12396
8881
12384
8331
15201
19065
18184
17697
1645
21210
22014
10941
21181
8476
20974
9461
3911
7813
20540
2948
8557
14952
1738
8080
2821
15131
21989
7125
7631
14307
21416
14066
21077
16582
5452
11354
21573
17305
1706
219
7385
19247
13635
13949
2559
20503
12159
16806
1341
14444
7639
16170
982
10278
8960
20187
12242
10136
12318
9528
20194
7226
7403
5950
11597
14398
8822
20721
8937
12700
9384
8707
13622
7875
18669
12132
2701
6654
10327
4025
17473
5052
3675
8316
5365
16302
5918
6894
14535
14028
22000
7167
19406
5444
18511
15668
650
12439
11915
11229
17849
14436
21832
1107
11289
13592
4218
2741
6836
7000
12791
17490
21191
19296
21714
2322
17182
20495
12478
13826
16494
8252
21296
18145
2141
22117
22466
21569
10614
22226
11066
3527
11622
18844
18935
14214
16213
22083
13981
7857
9747
2303
19011
8772
7948
17031
8422
15015
12660
9095
5661
15861
20202
2534
17679
7794
21557
15406
2969
16286
14735
7429
3153
10922
21401
22043
15900
4073
21550
14223
17323
20242
12892
9150
5930
8723
15748
16943
18259
16773
8615
15888
8719
11119
20419
9958
17440
13023
20767
16256
8824
3010
5767
10334
22035
1855
18008
16211
1661
5481
12903
4860
7594
10305
18039
13190
7001
19851
2705
6546
14363
21115
11396
7953
9928
21606
6160
8809
16715
17150
13119
8896
19498
10987
9111
1836
17503
15550
20067
9419
20912
10380
21667
14646
5530
16201
4939
10438
2774
11403
21403
15388
21701
13945
1228
4043
10490
18879
8002
13489
1731
9837
622
2608
21290
13955
13427
17290
13742
3188
5373
10877
20235
10036
10624
19194
12343
896
20095
9132
11714
10671
13705
19424
5171
11775
11214
22398
16885
1860
13542
17869
2026
20238
1450
4502
17488
2044
20652
5116
12939
21913
18093
14336
19682
9347
6925
6103
8869
19350
10615
22318
4772
6094
18428
16475
18233
22076
17196
9449
9524
16062
2735
3363
2835
18847
13898
17231
5718
15365
7931
8013
7044
3792
11247
9232
21033
6110
3111
19334
17709
17420
12505
21295
4591
4667
1321
18567
19096
21990
1921
18419
3835
16435
12638
18555
1745
8830
20006
9146
1567
18464
697
5869
437
8090
22260
4881
13446
7492
3368
416
16606
5666
21971
5780
16061
12529
21945
15490
11934
15996
2292
5885
12328
5031
1798
10414
12696
17472
19014
3664
19333
4479
14536
2714
10541
21728
11518
12936
14513
16341
13862
5725
457
17868
21180
18579
17134
20517
13647
6504
6877
22464
9331
884
10891
20770
21382
15243
7625
9319
4960
1589
4221
10202
5984
15531
21440
8832
9677
1579
9241
2906
7117
21291
18395
11298
4662
15832
9899
13473
20186
1862
4514
3048
3566
2758
11962
15768
12836
12111
8390
8408
18593
19998
9610
5846
1864
20247
7021
8117
18168
7275
3151
13858
339
8733
13815
19689
9783
14736
17883
18372
4142
17520
9155
9954
8346
16122
3297
13892
13919
9701
4100
20573
8480
7456
20125
2136
11550
10259
18833
5281
8061
17927
12313
20887
6487
5016
15078
22420
3338
16646
11606
5657
13539
11304
3113
2411
18837
5946
2538
11698
12442
11910
15272
6270
10676
757
13240
11087
11567
1854
2364
5134
17242
21564
6529
18795
22439
8059
21678
10463
11394
14723
18
16202
21747
3871
18361
8369
14519
8940
3917
4272
13048
5563
17887
17230
8146
16243
16786
20330
21853
14224
14614
12488
5527
7430
16338
18459
490
1329
10584
6780
1890
22351
2256
16465
14354
14934
10381
3601
5400
10758
21138
1273
17814
3001
21934
17233
9370
14416
17286
919
4458
11804
7930
16398
17677
19913
19118
13302
4942
1083
11772
9587
18926
19202
1859
2119
13270
21846
22437
14996
15882
16369
5903
7094
20216
12581
8367
9251
273
13424
15622
17027
5395
7449
13189
17042
18331
5380
11468
8416
20256
4139
10472
11767
6521
21746
15340
10789
16559
1552
10683
14962
11954
21710
3820
232
9337
12172
12431
14659
14040
4395
19833
7543
13741
7461
2919
8115
7989
12975
20253
8208
16569
21948
13316
15927
1686
7785
2254
14004
15014
8939
15662
16259
7505
3501
9781
13034
13002
20869
14057
12044
4131
15789
15791
2123
13580
13694
11285
8465
13569
21682
10079
17043
7984
5008
11633
42
21467
20893
16342
4838
8006
13640
11869
14986
14964
18303
17093
1324
493
18506
4715
16706
3855
6969
2792
4293
18625
6416
15027
1439
9203
14856
13999
18763
1263
11068
10156
19419
11628
19331
8638
15983
11656
17391
7987
4454
14395
1389
5554
7629
19054
12477
18256
12006
17573
5027
21912
12292
9681
20399
3118
16218
11213
13461
21068
16360
9389
2086
18114
13880
1956
13304
16695
13568
129
12818
10834
6572
12859
21090
2422
4560
13936
6045
12018
2148
11009
19562
12491
2397
15170
3298
472
9672
11305
3428
11164
4447
13129
8648
5651
22089
18825
11691
5096
11359
10963
17802
20015
2318
8834
10576
19315
57
18798
17524
7304
366
6628
17077
20357
21189
2289
5209
15971
8737
14069
10468
8966
18513
5697
15356
4574
17017
7655
5949
5462
1984
19466
17287
18141
11996
15811
12329
13046
7500
8905
3140
15476
18181
7746
19841
4784
8029
8863
5169
21217
8326
270
22193
4725
19635
10319
3945
12865
19286
5225
22465
3940
13022
5023
7865
13361
6896
15617
16408
20069
19291
13911
5051
18329
8113
3831
2506
19353
5766
5556
6062
11029
10070
8624
11684
2878
8961
12538
15159
9320
9614
5978
20183
8775
20755
14879
1316
12551
18610
2657
4474
1942
14469
10019
21314
17850
21815
17395
3561
15954
8736
4392
8114
13485
7752
1788
4844
18867
7837
6586
22326
20119
11736
19870
7801
15290
7965
18788
8833
5831
9636
2694
1596
7238
3450
15779
18091
11341
5026
9724
11896
21824
3390
453
10688
4789
2867
19192
6486
16942
8524
8264
14775
8700
5744
18552
3097
1767
13633
16231
17678
11105
3058
2092
1913
7609
9647
6061
10103
2826
2108
16100
1112
21371
20208
17392
15680
19764
10350
11572
1750
5216
21222
16219
21364
14274
21866
21422
13275
1565
8590
2660
9963
12408
6716
6744
12369
14203
767
17374
6983
4816
5926
4547
1906
10354
6507
11781
13225
5941
22374
6123
1550
10234
16829
4701
15611
21487
6726
12506
7158
14830
14836
16238
8906
898
2581
22350
9286
11619
8163
7607
3806
13894
14009
15404
2841
3455
11533
17791
17164
1463
7155
8844
10101
12374
18884
7793
3916
3436
18389
15230
22461
11699
10063
1885
16226
17682
5419
18065
13528
10698
21129
2454
2120
14107
20435
18365
17878
2935
21428
3833
7214
13317
411
3592
8285
15096
1256
16264
2284
20102
11617
10312
19719
4771
15628
11049
21152
7583
10250
4883
14742
4384
6862
13442
15273
11356
17892
12195
22402
3077
21905
16637
21807
13587
21871
1772
2930
10321
12251
7766
2370
21058
16011
18842
22233
13064
12314
4640
4625
3720
2045
22417
22133
19299
19893
14315
20526
7950
9014
8912
567
5773
3327
21857
20315
6020
7623
9345
14682
4090
3239
10011
3761
120
17840
3031
13456
12176
2724
3336
12751
11256
15395
15777
6593
12982
14285
17220
6249
3919
7713
8797
11117
21385
10377
7255
3288
5587
6797
5195
21692
15348
16030
20489
16351
15094
11695
2717
17427
19055
857
15267
16947
4850
6838
12913
13301
15483
935
17832
5449
7702
20340
15006
17533
6425
2951
7769
15300
11511
11204
7378
10485
9186
18995
19243
13145
2766
14119
20892
1613
4400
5955
22240
928
13851
6294
3104
7325
19728
9234
4744
10884
7515
75
11787
7558
1505
15464
8449
10053
21060
20529
17942
7389
10504
3401
11374
13546
4446
473
10628
10827
5432
3257
20196
21523
10706
5897
19266
7961
13827
6762
20007
4487
7786
14957
12108
20062
18915
13823
16921
3378
17644
18993
19049
15334
8021
8816
13418
16974
21444
14825
3345
18810
8359
16704
16102
17019
4346
15347
11654
11021
5985
13346
15253
13912
1997
15842
2178
10836
17265
16080
14254
12927
19521
1395
19773
17705
18482
9046
15725
8011
6561
1649
21357
4086
4852
20388
19420
12045
20960
14448
15963
8305
4206
15236
5109
13466
17978
14676
10014
16563
21011
15485
5905
2828
7467
1141
14073
9904
12906
20740
16790
10756
4092
11574
3018
6184
5117
15672
13241
3701
12561
13746
3158
10345
9470
9332
5566
13682
1278
13490
8603
10107
12663
17061
20725
16085
19047
17593
961
18966
4837
14465
4452
5568
19066
16071
4635
12385
10749
8739
11985
5044
5847
14407
20199
15205
16049
20296
3318
6441
14036
1880
20805
7359
3725
22209
11385
21378
21733
12904
11415
18438
4461
9024
8087
3313
2145
6449
19304
8762
19752
11183
2661
20572
10013
8559
9756
2048
4875
7305
22244
4695
13104
21063
15826
6168
22034
5896
5385
7674
22087
16665
18456
17688
9805
11827
10748
19178
10402
2556
8884
10158
4350
5753
13450
13162
13097
21083
1563
4920
5865
10164
19444
2523
15297
6191
19888
6259
8089
15238
11086
16229
17054
11562
12775
15956
19323
8613
12937
22099
17204
20475
11721
15274
7171
8925
7753
3627
18629
2634
18868
15286
19784
20324
12558
8482
3294
3832
21900
20382
16283
18660
11972
20866
17273
2226
10532
6908
9964
20825
17965
9213
14565
7306
15909
4916
4244
2205
13986
15918
2480
13379
9851
11756
21677
10764
8406
11825
3573
18503
22287
3386
20479
1475
19628
14244
13501
11924
18399
6444
10261
2283
13696
21478
9898
13291
12420
2039
8136
2977
409
1414
21108
6576
10769
679
21941
7590
2262
5760
7161
14956
11471
3411
22339
3334
2273
7062
7315
672
5100
7791
21037
7555
2801
19385
241
5094
12073
12743
17865
9827
22069
5817
22293
15794
21812
16141
319
5682
3370
22268
6861
11957
12522
9856
15629
5796
22205
13585
12957
3361
21626
19224
6277
4311
22197
11664
4442
3747
17376
3849
14263
15225
13221
13399
16149
15761
3326
7414
4820
10157
19739
6527
20709
4855
16748
18524
4792
7777
3684
13311
14294
475
13620
13616
12796
16767
3505
10638
18211
13278
489
12283
1634
5145
9340
3377
16381
8016
20465
7069
20658
10924
2996
5696
21700
21596
7764
1213
2244
10037
4018
4105
8965
11726
8308
4231
22378
17431
20639
9767
11325
19573
9269
13650
12201
19853
21885
20787
12060
6201
13081
3105
1452
4785
8340
6195
17243
4399
4268
11720
8024
1891
10871
18834
18520
17209
9834
18519
20867
715
243
835
22097
10695
20545
7659
5742
17115
12076
17934
16525
10114
596
11314
13666
19721
20915
19717
5722
20966
13335
6948
9892
19072
12524
10819
14746
4588
20472
4266
2795
13594
2345
20896
13330
19595
12353
11872
16434
13515
1955
17748
17046
7756
3130
10096
15329
4032
2261
16888
15176
6216
14533
17772
13298
12381
8212
18492
9121
13588
15033
3926
10021
20264
4853
469
11632
12185
8131
13470
17896
15671
16421
21322
11866
19541
6747
2221
13586
18162
11161
18350
635
2708
19434
7314
22005
871
15940
12358
20052
6409
11733
2193
21675
17163
12453
9212
5922
8890
8651
1586
7132
4103
15239
15013
14132
3931
14563
5264
3734
13676
2836
17916
12449
10570
12063
2833
15212
9481
889
19154
9590
2192
22421
1103
21828
17998
12178
14287
9041
15053
4165
14379
7002
5315
11774
5250
1986
12956
17590
7412
22391
3085
7127
20680
11743
2607
14424
28
16123
4450
16610
10328
9662
19609
15935
20690
2638
16424
7610
9306
13325
19861
2789
17753
18380
22298
15559
2276
19303
9140
10144
12206
1628
3584
21697
1591
15746
6846
4040
15126
12760
12754
377
21939
7448
14913
2393
13018
19058
10848
6854
8825
9730
11688
5043
1653
10353
9809
22436
19355
11092
16161
2779
7644
6069
14547
13185
4329
547
16187
10361
7012
11750
6986
18845
21998
7592
12129
7896
8682
9223
9405
4427
20850
11515
9068
22007
19090
22446
6028
11392
11711
15426
14582
7198
16917
18194
20980
9721
6598
2803
10944
15796
16426
10256
15682
2785
8585
12398
8994
20140
1630
17751
5068
17084
11141
4518
22359
15469
10782
7103
18252
7379
20575
2490
4944
17807
5907
15220
11620
14109
17946
5800
3679
20310
9876
16502
9131
13255
14838
5390
1976
9432
16054
9221
7309
15708
10229
2441
6736
16527
1861
10476
12023
2945
8461
6510
6447
9866
18362
21414
8009
899
13000
9533
5710
7115
8225
19217
10611
10176
17715
1615
2817
18061
14166
20338
15141
2865
2510
3509
6364
14685
16230
6117
6715
9437
22325
13044
8614
9588
14061
12974
22362
20350
20790
1681
4385
16073
17770
6281
18311
20133
6329
7211
8779
13758
20534
21405
157
10318
9613
19589
15770
16380
17047
2511
6433
5990
1084
7182
2130
16783
15310
6023
17522
14325
5762
11594
3733
2762
17436
7855
20496
12238
9122
6381
18979
16371
13566
14949
16021
8398
13869
3016
19591
7028
3902
13849
11549
21823
21213
12655
7686
17967
6188
10002
6060
4731
10125
13623
16719
15974
4501
5358
1482
19199
13011
11752
20474
3279
11792
16624
12776
4836
7478
13822
841
2115
1383
3434
9159
11610
4500
10899
18999
22044
14950
15023
13492
16626
20373
18768
10029
5294
15913
19374
2962
1271
18442
1588
9719
10123
3167
16922
20263
14201
11822
7146
14625
17653
10110
1758
17055
22160
9715
18465
2171
8952
2198
20922
18204
16293
16024
19640
7113
2453
7346
3992
22049
11074
9634
1999
22074
2111
5260
13641
1981
10939
20079
4494
6394
10445
14674
20827
13732
9734
18138
11443
4787
9696
1118
2483
19438
6238
14060
14242
5818
20519
12901
14182
8784
12148
14296
8746
11123
4912
21358
8702
14560
10376
18815
11422
7452
4407
10568
20142
2469
9174
7120
17024
14777
6924
3815
22363
9322
16419
15477
22422
1569
17330
9778
399
20072
2731
13794
14125
19228
8215
20549
745
10791
16907
530
22119
11376
14185
17512
2382
17432
3910
16221
1209
20229
13203
18639
18000
10798
19147
10246
2896
517
16487
1958
2396
18516
10645
20113
16467
6760
17944
9865
5879
1536
2593
3796
14899
4761
1837
19497
11581
4034
14160
8581
11486
21513
13733
3858
6515
9582
19414
19889
19832
10526
8468
9760
19383
14429
13772
7439
8042
12847
4781
15350
7916
12034
8549
9467
6641
10225
3790
16268
15598
11205
7519
3258
3574
22463
13112
18336
2427
12128
15895
6032
16088
4610
6893
8424
5203
10303
9318
11644
12158
7603
22383
17549
7144
4424
9571
11130
15825
8479
3687
143
11566
20871
19129
11400
15200
19249
21551
9177
12192
20082
7290
12800
10048
11027
7899
13082
15227
19025
18632
17326
16570
22335
18540
11165
20938
20563
10738
9638
1434
976
7371
13604
2030
1631
18005
10649
16965
5622
16524
9792
1161
9828
14298
22427
20273
21408
5020
17068
9218
12725
2905
19381
7212
3086
2521
15209
13423
14149
21241
19587
16895
2287
10435
4707
8883
10983
4673
16699
2084
10166
20112
2211
6356
13355
22187
15555
9489
12789
16651
16288
10175
20897
12502
10917
17624
6508
18431
14044
18434
12964
19554
22158
2982
18078
6327
19287
4611
4467
19017
4080
16349
10065
3408
1751
20868
3889
4160
2443
10217
16166
17575
17018
18030
6721
8551
18645
16604
8578
22347
13625
6806
17353
11820
10693
20343
20051
11498
3962
8694
7160
11824
1839
22077
8656
3570
2577
15185
15166
15515
5514
10204
2571
14813
9660
12402
10232
10739
21802
3136
5319
9266
13183
13674
7688
10297
1417
18418
2083
16496
17082
4863
21559
17544
5872
21770
14875
9530
15090
10092
3673
8516
3923
14270
6346
1930
11321
18422
3737
15750
7336
6624
4565
14966
14322
14393
2368
21220
11154
2497
10895
12632
14730
17422
11337
21637
4596
8221
13629
8933
17904
19003
4017
6594
6662
13417
11685
18326
12718
17463
1391
1698
5253
16737
5513
5884
7966
11795
6800
19404
8446
19968
20134
15979
11458
6909
17853
18733
13290
11503
2098
4930
3703
1198
14678
7326
19533
18035
2763
4557
10209
10740
1610
13856
18009
17356
8635
1272
11715
17172
8232
16501
21845
21862
2642
6749
1104
6063
9508
4884
5834
2619
16436
3089
21740
16999
21421
5875
17083
4110
12028
7251
7532
10666
13993
8122
7717
20863
18088
10400
5611
4196
2265
19697
21996
19633
12531
8643
15849
18148
4482
11318
6570
12170
5814
19765
19246
17936
10572
12010
6929
3594
15052
381
5099
13188
20715
18414
17439
20377
17379
16819
18608
18583
8018
19730
19828
1670
16834
16640
5597
8343
2912
5599
3905
10201
22106
6114
10474
13007
16173
3200
13313
16493
5774
2672
7620
18067
21496
21794
11313
5157
17538
10816
22058
16108
9911
21509
8260
18785
17119
3261
4391
10115
9523
11246
14847
5095
5046
18761
1642
6137
14559
983
5551
3590
17314
17146
18163
3309
14808
4174
13195
19326
2003
13080
15793
13649
13835
13933
1883
12489
15815
16546
19713
17724
16306
1583
22057
17096
8861
13868
10542
20769
12515
18451
11538
21356
20365
16285
10391
18203
8577
22283
3237
11802
7884
620
5979
19926
13805
4736
19248
16776
2853
19445
7653
21868
9284
3278
17629
20156
6162
14359
2775
20433
19568
3325
12098
754
11365
19647
21542
11840
19699
19596
3354
12322
14410
11255
2501
16447
16775
19791
13942
20509
2750
9169
2424
9042
21583
18448
12778
1707
8796
18183
21495
15422
5004
13386
516
20987
21711
7358
1032
3159
2622
20413
21709
16279
11109
18522
17443
20406
4486
5650
15666
18063
16441
8444
3822
17571
7724
15697
4970
1696
14052
7058
18344
7613
20459
7876
22206
9658
15079
15615
21657
22129
19260
8459
12247
851
819
20077
11273
19214
12510
5271
11131
108
20482
10768
22182
11101
2296
5943
11442
14587
5299
3805
13133
2494
21024
17154
8724
7824
13962
21398
9299
12371
19740
19538
9115
15029
4267
18898
18140
21800
19537
2630
22101
3025
4522
6015
2824
84
10721
94
22364
4998
14332
8897
15741
5552
9362
3571
7624
2457
17074
15414
13964
2526
4489
8771
11445
5013
16765
6087
8320
13352
20746
5372
6232
18894
11393
22243
4143
1556
9859
14914
16627
20030
9211
8926
21887
2209
9540
16934
9526
9070
20120
16871
53
12411
6978
2200
7030
20141
3528
6543
5688
2425
11894
8567
5487
7032
4579
20047
4791
21153
3227
3485
779
15386
3644
4793
15526
7567
5429
15295
21269
4318
5036
19018
2632
11441
13607
5793
19099
17984
2888
10473
8935
18268
13201
4972
22224
14101
15379
12963
12772
21804
12125
3562
1185
10684
941
22170
2090
1448
18432
16089
17767
17470
10637
17232
22265
6279
8882
3464
17000
11301
16043
11188
947
1566
312
12984
12474
11364
5265
6194
3944
7742
11665
1574
4015
6265
6811
9032
4945
18920
19193
15128
2805
21464
14771
2035
16838
2505
3190
7960
14300
16614
9044
7287
21219
5567
1736
22458
2106
19737
9624
1787
8341
3206
14667
13768
2268
12243
21521
11014
18305
4309
21362
21076
14461
19255
9022
5561
18600
780
13506
5173
4381
2235
20126
12152
1526
11234
14236
13271
20930
17099
9294
9220
14704
14788
17957
15012
21104
3017
1226
13009
10776
12354
10098
10139
3595
5152
21960
21121
1870
13788
5421
18510
15513
20742
18216
12373
3715
405
11096
10853
13992
9326
20574
20541
10108
12102
10224
11272
15102
14018
21653
22227
10150
16629
16978
1894
4049
5047
10022
13513
21665
11163
4971
3876
8240
19951
17482
6431
9479
5093
21432
20593
12944
3211
5882
8174
2210
5654
10919
5769
6703
2321
15715
9609
6814
2307
1747
3012
22051
19500
12054
5423
13527
14197
5279
8014
3659
9361
9798
14033
15977
3405
12467
22067
524
18899
1108
2049
21776
2197
16503
3490
13449
3060
22021
14045
17953
10288
13855
16901
9168
19212
10726
1265
14572
4780
5006
12164
16677
12397
9937
10940
9871
16861
2827
12103
13488
8109
13276
4810
11328
18866
1119
9936
16350
9794
4845
13996
6997
10146
20562
22373
2467
14604
4321
19086
9106
792
13830
8384
6687
1693
3640
8085
8582
6563
13984
4027
11352
21130
1212
6971
19570
7612
8314
424
13726
3507
6776
13019
3578
5995
10094
13988
3534
16160
17167
9705
3073
16827
18055
3091
9651
21042
4609
6697
5498
3483
3079
17505
8342
4964
2600
20316
20146
13274
17981
2495
17776
19606
18351
17824
1074
13913
21869
19928
16355
7956
3383
20339
19181
18420
10678
9087
2031
142
20457
13096
7209
1654
20748
9969
20026
20185
4026
3495
9812
12773
11355
13085
19360
11244
20394
4861
22377
20358
7805
18346
14567
1991
5837
6421
20913
19256
10023
11826
1755
13016
5933
746
21772
12842
5403
21560
17815
13337
13343
17450
9950
19517
11169
18196
482
21788
5763
7969
18206
4476
2342
9525
10652
10495
8986
8944
19985
14900
3818
8047
15614
8298
17586
18098
13272
17609
7980
13987
13252
10627
8338
6222
12254
17928
1638
22183
8787
13497
13378
5630
20661
5649
20653
7193
14347
15827
20124
5132
4330
6101
10982
11076
17402
10206
3872
22178
21797
21914
3068
10713
20389
9699
13406
17854
10612
7277
9847
9324
10308
6643
22357
16946
5050
732
4702
8487
5433
8125
3588
2269
1542
15460
21494
8241
20791
966
4153
5959
22356
9714
13573
16423
11138
19686
12803
2176
13795
22217
11885
13088
4140
4404
7164
7608
6982
3756
7849
6178
4726
4437
7697
5120
1977
21539
2937
16471
8246
21947
13915
20700
19685
2313
16152
3145
19488
10543
13704
21944
9493
5138
17324
14817
17622
12085
20181
15548
22068
8678
22016
2309
1774
8176
18225
2057
4743
10851
6907
20065
9237
3662
19122
4365
19850
16473
19846
11784
14911
14047
7247
3657
21642
21072
10357
21466
21694
19799
17784
2655
8063
3225
8889
772
11600
3330
7967
18107
19399
3418
12378
18826
5887
12200
621
8500
8982
9691
4957
1717
21961
17842
17001
8037
18392
10104
5244
2191
17743
17841
20657
329
8293
10233
18813
20783
4757
3948
3046
14317
15767
1719
12765
6105
21533
22235
20939
13228
13342
14541
17456
7042
8760
4982
22343
21427
11847
13422
14670
8187
11704
16324
19566
11025
15454
4163
20061
7416
20664
5425
15575
13447
19328
2245
8295
8512
3015
5633
18485
4993
11037
7163
17902
16509
6993
22221
17415
12896
6054
17979
7664
2097
15885
10668
8518
18177
18740
21379
6878
20621
22253
5874
6979
15754
21005
9868
13285
6038
4991
14829
16722
12198
5371
10997
5705
18671
19611
11614
4690
17274
2967
6326
14886
2298
16935
11668
12386
18606
19265
17446
3197
12218
3296
13721
22442
5368
18568
5915
4290
3844
6988
9840
16266
4777
7739
8112
19820
21009
3996
20933
15941
12852
2602
19112
5529
20363
9454
5409
11605
22269
5424
18433
15816
19206
677
21141
11624
10130
5782
15875
9436
15451
19067
5676
17493
11051
12026
14112
9598
16848
4593
11505
14505
2112
16175
12127
14366
19561
18226
2199
19975
13295
15082
1853
16679
17364
16753
4042
7285
7324
11360
1952
10244
19508
11876
13928
21943
18758
1944
12168
5121
11593
18747
8071
7282
8877
17148
8162
1156
17486
5786
9683
17421
20393
1648
6656
5576
10339
3804
13784
12863
19087
14745
19593
2183
17078
13780
17623
5404
7202
21469
16997
14968
16918
17726
1815
5007
15360
21297
9605
13941
13457
20864
2080
14655
9317
5892
1262
11004
14327
13210
7027
13390
19273
2929
1832
19920
20886
8938
5142
9965
7949
14084
2360
2435
3757
2804
14209
14054
16562
15534
3293
7915
16300
17375
1782
21530
15130
11649
16450
21000
14275
14785
2704
12669
14740
21014
3099
4765
7976
17800
16144
6870
20136
9983
19999
19205
9385
21268
12953
20299
6989
11519
18221
20928
21644
10879
1114
277
20080
17972
18287
8401
16312
11803
1680
1580
3049
2553
21136
16384
12641
7831
13773
17541
3500
20802
18038
12325
18778
12744
22349
9800
6660
5853
10203
15870
2952
11724
3226
8380
20431
7711
9886
6382
15773
20946
9685
2751
6167
9951
11811
16458
6436
17180
14020
21312
20336
2492
18272
4107
5743
21309
19918
17075
8717
7975
17515
14561
7568
13158
16727
21006
21411
3295
18809
4127
19200
7307
9
17925
19624
12126
14478
13590
5247
20766
20944
4746
16681
2015
2356
19715
6990
3968
10850
582
2815
12088
7667
11799
7825
2772
4088
3045
4348
12952
10699
2188
8513
4445
18544
6084
354
11353
22354
21158
5324
12682
18390
8303
22105
14693
2678
2390
6812
19301
8593
6048
19932
21525
1605
12756
4705
16405
3892
19446
14615
6889
17203
10999
15821
5670
17259
9490
16673
14490
16549
21650
17285
10800
18705
21621
11542
2856
4179
6341
17192
2555
18700
12145
13706
21925
20804
18806
3254
17572
5458
15743
21783
9999
20654
17171
14208
12405
8625
3800
5648
16459
8503
8806
13392
12746
7935
9453
6882
3994
9133
13544
13998
15887
10425
2503
2544
22012
4375
16836
11278
6535
10170
1100
13111
5374
10498
6963
17517
13380
4360
2755
977
2300
13670
22174
16366
9147
1882
20039
14358
16157
17107
10856
9414
10124
18637
2215
4802
20627
11075
15499
16373
8165
19088
12659
21706
18883
7882
14295
21074
9545
21855
2288
15174
4927
10356
3065
6700
12848
5055
11436
12631
13967
5687
15678
21435
16768
20200
14226
12295
16196
3621
5560
1677
14767
19696
127
1581
21
17692
2956
18186
4525
2994
1830
15405
20395
4440
3568
20723
3721
9413
12387
3502
1734
808
15874
16878
7099
4572
10514
20276
9589
8919
2347
22366
9586
18824
19885
7947
2814
19551
228
13268
18776
9270
21266
21600
20734
17267
15076
5973
20507
19507
6779
17713
15456
4418
7895
10742
4573
7112
14605
1831
9516
17532
13509
14527
20161
11601
8456
4356
13266
13477
14269
18251
18463
12244
11449
19485
17757
13614
11634
4638
11499
8979
1087
19022
17191
12679
19183
16987
6363
21503
190
1770
19447
2947
15202
18413
3853
4803
17104
2008
3374
5405
1818
21978
16711
13402
17947
11693
20028
1826
20285
5886
21019
10503
5200
15000
12382
188
19804
17394
10404
13819
10199
5342
4245
9629
10767
14108
19237
9020
20053
8235
19756
2401
1570
4201
9631
3040
16658
4448
21982
4097
19527
12279
13471
7009
9803
21034
9207
18951
8954
16075
21641
17159
10529
4877
20975
20674
5089
19645
15192
13090
11751
20130
19041
13902
3064
7242
16821
10179
15716
14487
2392
3036
21817
14607
20788
1222
14389
6339
12802
2968
11091
9028
17413
18550
3117
5533
3102
735
16694
7560
12844
13877
19759
10610
16832
10826
8233
1007
9142
20127
19071
5275
20976
597
5952
15446
2925
12204
21099
8415
4718
22431
21089
20543
16649
6236
10039
16586
17223
14634
2654
17123
3980
10434
17365
5321
19401
13909
19965
9939
16686
13797
15858
16820
9274
4008
3126
15118
9375
8481
12843
15349
7243
15813
13995
19177
15936
16791
20204
16439
11616
18674
10567
6492
18110
20611
14022
1720
11785
8726
14320
7927
8222
1892
19924
17676
8034
11065
16438
3506
9158
8173
14517
7377
444
22252
8032
7641
4430
5092
10736
19709
7190
21636
4469
2855
3647
10192
17226
19378
14750
2981
3034
4504
14585
1795
16323
20486
11722
15709
19409
2551
13391
8261
12245
15863
3452
18345
11039
2596
1995
18263
17008
6254
2489
13948
18357
2274
9755
19777
11114
2037
3658
4752
15441
19027
7433
5889
8562
13196
17929
7808
17428
9198
9810
1908
9390
9751
4768
19584
11638
16287
17801
11401
3639
18208
9093
2666
2161
13356
18041
12571
8802
20524
21107
6905
21096
22376
10113
19772
8497
12100
14146
3599
8389
9630
13445
1709
20763
19024
8167
21859
16365
5646
15685
946
15869
19345
13426
17742
20230
8499
18723
3782
14866
12464
11334
8263
16367
5505
11271
16000
7864
18738
17995
1247
17830
11016
1729
11852
4464
17558
9166
7588
17602
14987
7565
237
18406
7300
13160
4985
19382
12041
8440
8172
19239
9688
10703
20971
12317
14597
10635
9265
16933
22424
9442
10200
17990
8755
19553
20020
5418
5616
15165
1298
15949
18416
16154
3513
12985
9374
16662
20409
13246
10111
3924
8653
4932
17141
18719
9823
18518
10585
9313
8992
17225
19036
3240
15301
5475
10080
15473
16537
6871
16304
11556
1737
1418
3552
15415
17669
20054
10554
7418
14959
5939
2796
9245
96
12175
10599
18777
18248
18124
8945
18084
16713
21263
6718
19092
5301
15500
18736
5727
19492
68
12563
4144
5080
21244
16009
20476
9310
6665
7863
1933
10991
12065
2404
16548
2302
18460
14654
10145
16462
20659
12537
2224
22443
3110
13699
12332
728
5695
4455
9187
8599
18137
14329
3002
14828
9504
12732
6131
4895
3711
11810
4994
20411
3646
19195
4545
3164
3901
5536
22430
17563
8307
4553
13763
5969
10822
3203
17186
8841
10531
16093
5828
1611
13199
13184
21273
1857
5154
21618
4292
7472
6187
15692
18711
6029
19227
14526
14175
2228
12608
21501
16119
10793
14232
13579
4307
14216
1205
6954
13887
21091
2267
9125
12623
10177
21426
8313
12570
14989
17938
4046
5463
11570
5506
16919
14544
18270
14721
19346
22379
6732
18241
22322
2233
20608
15031
18092
7994
7751
16357
19373
10464
3100
16076
21354
5789
13207
9882
6541
6004
10550
13028
17430
10604
18801
8692
9179
1398
10492
3714
16417
15619
12082
7819
18655
3242
1525
19039
1387
17587
19164
21135
4936
3909
15411
4795
19860
1979
21170
15997
10674
1614
18152
19258
301
14388
13679
3913
14082
7392
22248
13885
18179
22239
3106
12050
19701
12061
19136
20663
3229
21588
2599
14645
6511
14581
18286
13136
5528
2874
17384
6228
9335
8752
6234
7593
13324
21178
6305
6481
5221
11970
17176
19109
6678
12346
726
6853
8765
21587
10938
9511
10265
4955
1973
7407
9625
6639
7788
11599
3727
14356
11150
11171
16092
3331
7604
20484
12819
9900
19600
17797
18388
20839
19059
2621
20782
12657
6955
8526
10138
4024
22033
19101
9346
7078
5754
14351
7509
3259
13132
13401
7841
19794
7534
9906
12991
15556
5302
16295
2132
19408
18011
12656
5011
8472
1868
1676
19166
10590
6605
3255
9456
21433
14337
7924
11202
3460
7854
7814
21284
4516
19030
18628
5936
9438
10441
16531
4663
7327
15140
13404
6412
2776
16470
21071
11143
13618
12223
13075
658
16294
14857
9365
3317
19898
7137
12364
8374
16416
8913
8133
20646
13543
6505
20936
20651
11762
12607
22165
13975
9555
14026
3836
13415
4104
16561
2251
3623
6884
16116
6158
14759
20612
9074
8050
20050
22279
8962
461
18603
2998
5086
2539
5136
11420
3161
2907
17741
11945
14189
7036
8598
14780
21858
14797
12469
16931
8084
15953
8023
15489
254
7955
9914
10033
10161
1639
9560
16318
2068
12493
22060
18796
9051
2475
11851
16825
16452
7732
19172
6913
6652
14428
14019
5534
14833
3115
20197
22130
20768
16558
15400
18702
16063
19339
5627
9119
14460
14906
10074
9788
22152
17989
22447
5765
11540
21367
19810
9386
21075
18890
18618
12523
5531
7074
11226
12069
15516
21209
16807
6501
11761
6616
4558
5206
8139
5574
18343
20842
5980
21553
9765
3189
17886
4258
9737
9010
3881
19160
2066
19839
10964
15371
13454
3340
10559
9411
14946
16909
14974
10880
3124
16315
9703
9602
6583
2769
3402
16508
22449
14105
16528
9371
1905
7008
10257
6968
3597
5269
4632
17872
12816
16057
17403
10340
159
6832
8909
