9584
16644
8525
6902
16140
5422
16905
11938
673
22177
19451
19605
862
2012
6055
18332
2848
3547
4711
14543
3949
14056
19026
12582
19836
20609
4041
7376
15601
15505
20841
14128
14908
10714
14083
2860
9642
21215
1874
12812
11528
8300
14311
14628
2745
15524
7228
11886
4642
8754
14642
16474
20439
5692
16657
4766
19135
13817
21723
11140
16944
16703
1848
17244
17958
16348
16124
17527
7996
398
5516
7878
11286
9884
22122
21499
12512
1757
3210
6142
11931
18087
21409
16375
12390
15245
7435
6452
15705
7318
21880
14288
1048
7081
8767
16809
22444
20744
16589
2650
6661
3606
7893
8548
659
2354
8436
11462
15726
10397
17484
2365
8033
1804
3303
14
3799
16859
3026
17117
17477
20099
20623
4517
1190
21507
8250
17310
9120
7217
13281
3176
8658
8564
15110
4528
1220
9659
22054
20571
10729
9742
19244
13576
16647
12149
4363
2040
2004
1037
20147
1929
18048
4779
10902
15160
21315
247
21576
13720
14529
13743
17603
10842
17556
2185
9005
6179
18770
2126
14518
17124
12133
18720
13662
21639
15251
17136
10267
7441
16194
15433
13886
1195
6847
21779
17002
2374
937
9263
16949
634
22061
18697
5000
3181
12078
13242
21976
6044
20323
2429
15881
6739
3581
12692
87
5612
15355
4692
11083
2465
8137
11564
21629
8366
17306
15457
21325
18240
8046
13147
21722
18171
1046
1217
19815
4443
8376
12303
19505
16133
2079
7237
11069
3894
18588
13760
2560
19882
7685
8262
8807
16547
19062
19370
1994
215
3963
10394
7959
8068
3577
5993
5740
3579
1856
7086
17931
16444
3545
16523
21786
11933
2806
21687
22305
20530
16553
12761
17442
1276
6213
13463
13118
17190
1551
11122
16245
21568
13194
2716
20018
19433
35
17464
18525
15175
15237
17582
22456
18803
1960
4619
6914
12079
2252
6056
22426
6855
19991
200
3332
21631
5150
13047
12388
12536
18006
17721
16854
1199
7513
12918
8886
12334
6681
5558
14816
248
14171
3786
6947
13109
1468
3496
2059
1111
4316
7559
16793
15298
2950
2964
13108
19923
20314
13778
12319
8553
18109
8205
20739
17636
3850
6733
1082
8075
11647
2537
15931
1754
19601
20148
7747
13113
10911
17568
5105
11829
37
6012
13864
15929
10608
4341
11523
19479
17277
5813
7833
11478
6900
13249
5284
19931
10832
15112
9667
20883
5139
4406
1714
16455
12055
3666
3277
19004
19081
19814
13409
7750
2021
17241
4921
11187
6372
16016
15653
11838
2872
8404
13671
747
15800
1281
2156
15533
69
10657
22419
21938
17660
18536
9261
1441
10794
18280
21808
1845
9476
21843
13223
12597
16842
16712
3874
10606
2509
14253
12049
16850
13895
19422
20222
3451
2444
17974
21593
483
18222
12365
13186
7180
15943
5991
3312
2461
18646
18320
9206
5165
18689
12410
17005
2770
9512
5799
11132
295
20083
16265
6135
5731
1121
21704
16516
16653
15385
7400
2712
5488
20518
5070
16359
15514
546
5988
526
14099
15214
10833
10771
12068
12710
9646
90
18633
5130
15111
14086
13036
18614
5493
4299
15077
18471
6577
21838
18504
16017
703
10384
16275
22386
197
2858
13708
3739
9547
13954
8669
7848
20088
12017
8870
10949
2567
15213
576
11090
13876
13164
8124
4087
2976
12921
558
9564
11088
5088
3961
3087
14675
5888
6564
4686
6427
1759
14942
15354
21991
4623
18358
911
7046
21803
1865
11909
5384
4014
20211
9162
589
2897
10466
20731
17555
2308
14373
15999
18934
2966
19423
1146
13545
11875
2190
1701
7912
16733
22400
21526
8399
7803
11856
21165
11516
6057
13467
4817
2730
22361
2154
21492
20244
6595
6300
9061
10896
11552
14111
217
13432
20990
11800
4776
20473
9979
131
6385
5626
16557
13180
154
11153
7698
3939
21581
10774
21114
2297
2388
9455
11124
2075
3381
5507
7640
4093
15425
19368
12533
603
14865
20973
10388
12809
9746
5482
10539
16032
8266
17179
10178
22128
16401
10632
22030
16849
21738
1369
8718
15216
4323
13412
18029
15057
4068
10625
12004
14839
12451
22272
12519
18173
4095
21893
11890
16363
19456
13296
19705
12919
17546
10127
14618
19634
342
12866
15304
4029
12266
9091
20624
7262
4064
8662
17614
10727
11976
17120
1486
500
1982
17519
10406
666
21310
15831
11521
7454
459
10274
2264
18975
18822
3051
20588
8535
12905
6001
19771
629
10522
3461
1403
11419
2195
2547
9858
3280
21809
2531
14507
11195
6076
15178
14010
16847
1540
21519
4497
14155
6783
18103
7050
1694
2060
6220
21434
3758
15903
6936
11618
22327
11006
4813
12463
16609
7246
17739
1011
10860
452
12435
5778
11604
4737
20516
2973
9418
12448
19742
16370
7064
13086
16732
5500
20693
194
921
21334
10556
6258
18816
6268
6621
6007
17581
20090
21505
17819
22445
18197
10264
11753
14256
21520
14819
1008
11555
5835
6934
12075
5741
12907
16685
16984
3446
6852
2402
10155
584
10210
18754
8425
4020
14801
807
21640
6712
17419
908
19838
6033
4059
5028
5619
16046
172
18452
3967
1576
4969
7234
12600
15908
8689
5737
17253
19676
8356
18015
3932
4219
9980
15911
8448
7690
113
2849
13686
1824
12473
10126
1626
9191
2113
10537
16480
6756
4301
10861
19472
9971
14763
9663
18699
9293
16188
10159
21805
20024
7477
2258
187
185
20209
4130
14538
11333
1421
13814
16505
18238
15452
6820
17224
9692
9534
20596
410
11481
6130
8431
12376
17548
4242
2023
15142
5212
5131
21486
2680
10796
140
8394
5155
9037
5720
8193
2458
14686
5570
17404
21293
17755
13555
1663
21283
4281
16725
2993
11390
4613
18827
21536
8057
15136
5313
14698
12115
990
5748
1410
6211
5325
14637
19741
19190
9741
6631
14467
3969
11283
3029
4082
17327
6010
16622
10403
18636
21025
10197
9464
2518
3847
16382
14195
19531
19943
8531
16498
6646
10866
13748
13920
19892
19590
3387
19110
10897
18980
15412
13131
5557
7258
20045
7370
14921
12165
12427
9055
3314
15318
22330
18231
5291
20392
14002
9779
9058
20838
9412
2029
8645
13053
1842
17254
19787
13538
5170
17719
11971
6212
15853
8035
7249
11463
1652
1056
11102
20249
4481
12908
9250
7692
11670
20683
3678
2094
19082
1005
16959
12417
7229
5526
22134
724
12438
3943
19457
1963
4377
7408
14041
13831
9000
4521
18371
18876
4471
21959
2791
21349
4646
2624
21963
18217
8290
5577
10813
12609
2373
4459
15760
18012
16779
15361
21623
13910
13089
15738
13908
19223
16469
9753
17149
21128
20638
9108
16248
1533
5667
18870
737
2137
705
12858
14306
5394
14191
18182
2561
3128
10653
4317
2062
5524
8811
6622
8903
10006
6921
713
16271
20284
9141
8851
21188
10728
17909
21987
11997
17028
9502
18840
7283
3986
16234
19520
14939
16630
6887
18010
13947
11959
11299
8691
18417
14981
14998
515
21228
4506
18123
20996
2408
7169
5187
18930
20301
6011
15904
21329
1647
5542
791
2885
9908
1535
18649
17341
6128
2085
5968
17608
14305
8799
18584
11899
3630
18656
12794
3184
21634
5143
20794
1405
8517
3798
4193
11012
9880
15311
4760
7564
13818
8949
1010
19534
13106
21852
5382
12415
984
17630
20111
20669
19793
12432
14326
9820
4112
15281
4834
18430
7024
15277
18462
5054
10182
3394
13245
11421
19574
9522
6976
15488
14097
21119
2910
6002
5868
22156
13698
20822
13031
15056
1286
11413
5181
15313
14620
15896
18673
11116
3219
4156
17618
20447
3726
16327
21243
11126
7235
4605
2336
12475
4581
7339
2186
11901
13052
16235
14992
15051
4306
7363
3367
7334
7905
18542
11660
2662
4508
5681
20093
6393
21901
2854
19620
17616
14848
12008
6096
19690
1493
7723
7394
17033
14140
20003
7763
3548
12755
3585
4759
1912
20678
2639
11406
7413
19113
22381
16165
12436
12715
6482
9031
12861
12954
6126
4372
19478
18566
2282
9657
13621
8048
17492
8586
18236
11713
11437
18090
7215
17730
1098
20564
2686
1299
17361
5994
19940
19592
20698
2350
13848
3740
18703
19235
17268
13755
10888
12835
12645
1239
861
10710
14187
14530
2631
15073
759
7006
15840
6100
20655
15731
2690
5303
6491
20164
2610
14965
15487
16136
3554
1099
5464
15122
538
20281
20436
21285
4988
10382
15812
12130
12027
9113
5227
11032
302
21567
10766
11669
18387
12321
1512
12820
9457
4590
20277
13205
10310
3896
14299
2046
2400
18333
17996
14884
17937
21956
14943
13329
3372
13486
3783
13793
22098
3062
8086
30
6317
21699
3775
3787
1115
22041
3864
13634
12768
5207
14204
11662
7797
11969
4941
5604
17295
11716
21683
1345
8859
14372
18167
19672
7728
1088
19960
1372
7381
15256
12940
14134
12514
7734
9666
15589
14747
5309
4892
15528
21366
11559
290
19033
10287
21965
1558
15691
4911
17756
20326
9246
9922
15436
846
5596
9591
4066
11207
16924
20882
7484
11208
3420
19565
20268
10831
19098
13161
12222
19279
3519
8672
13218
8541
9050
20468
6524
7488
11718
22222
18574
1231
2473
7041
14955
18283
9708
6998
19817
6115
2589
21429
16837
7085
12961
2337
20647
11485
7073
5898
8185
9559
15970
27
20747
3983
5144
748
3613
21955
21087
16155
13159
4840
16303
14635
14706
14891
13631
2513
14067
21105
18440
765
13448
6763
13287
15836
5408
9774
2101
14779
11992
13008
16870
18507
13364
6097
21671
2629
9852
10223
8321
13765
14713
3929
8083
21361
5970
17166
5388
13906
22395
21888
6582
8641
4549
19767
16361
15744
7390
16101
2133
21145
8953
2472
8888
20998
8182
21004
11681
13150
8637
22062
10214
19084
15724
3489
21789
22056
15196
6634
11582
1662
6065
1027
15418
18981
12240
2213
5471
2995
7035
18227
5220
8989
21919
15409
16463
18701
1739
3391
15834
12163
20175
2777
20979
5041
5102
22384
2478
11001
22302
21619
14790
11200
10918
2847
17689
3655
16337
33
11281
4974
11968
20151
3521
2522
233
3183
7656
11629
7683
20929
2449
17147
501
15965
18986
10043
1635
19955
1713
8858
9194
14990
7851
7761
15266
12337
67
11537
22234
9105
6276
13405
12423
2335
19102
21527
19866
2363
9506
5246
6793
390
7090
2783
5945
13351
6606
8654
19514
15101
14375
2829
7399
13700
17861
11450
20900
18873
19614
17228
2293
7474
6773
6134
10844
17997
16788
19903
14340
3204
6414
20228
4867
16129
14755
13400
12122
17846
14163
1498
4180
16430
2722
20953
12787
18126
6473
16709
5584
4152
15416
20950
8857
742
12345
20629
9007
16236
16669
3304
15562
17994
12233
38
1325
3380
10700
15231
5590
14177
14617
9686
12630
12670
13789
13762
10061
12252
7203
7877
10068
350
18316
9314
259
10618
16270
21572
15109
6396
15210
4819
15605
6950
15066
13354
13484
1034
16344
5229
20819
14761
7178
8808
7411
18053
6655
14933
2809
11488
400
20000
5775
5647
14450
4801
5356
327
4996
11727
22039
328
9291
16273
9116
21664
17529
20942
21652
304
20515
1655
294
19619
13727
17060
20932
12362
7298
18373
3705
5690
19311
8826
7239
12653
20889
11635
13983
19259
19976
7383
21459
19675
8372
11850
17112
9955
17088
13642
11755
1780
14297
17161
18687
1382
19618
11482
2546
14228
13478
13934
306
6348
18170
10561
14821
7861
13529
6713
10934
15921
2033
4333
14697
6866
19743
1191
21820
18546
10996
9136
9078
11539
17094
13930
6795
10642
6784
10592
11790
11769
16574
7079
16913
9276
10359
5431
17130
19337
4343
6355
20308
14762
3641
20570
2174
7284
22093
12808
6600
14498
12620
15087
18466
12107
8550
22468
4890
21363
36
22124
3232
2476
15972
5819
22008
6190
13143
2128
10109
16873
14116
3839
18018
13691
12759
4401
15218
13874
18436
5018
20699
3536
6590
4154
16564
15472
20565
12290
2857
16845
14722
20070
21199
9978
5771
7352
2232
8
16491
10272
14348
6706
13142
11050
10755
10335
16056
9901
14070
13756
7424
18379
16904
11966
14868
19956
11426
7499
8411
11058
8040
17675
1113
15602
7868
21113
4728
11290
2114
19318
18949
1996
4260
5383
18940
7894
5090
12814
3840
3965
393
14568
3442
18985
1959
3838
2201
10630
7998
22084
9256
3033
586
315
7538
7682
11224
5391
15262
19387
10981
18799
5589
17079
10457
17108
15776
13672
4639
1124
10629
4904
17884
19755
7652
44
11197
4322
20058
21595
15561
7248
10597
3555
21236
2592
2286
1328
1889
1513
21646
19357
4597
5833
8959
4079
744
21558
21195
11254
368
2681
15592
2341
21059
17400
7189
19681
9905
7810
3486
16967
3596
20525
14824
12525
16860
6588
10669
22242
534
2217
10904
12494
21950
3423
177
18640
14130
11108
22167
10650
16816
16036
17863
5184
20592
19215
8842
1966
413
16930
4122
17521
21681
14861
15061
9650
22095
1125
9521
5103
7913
13265
14092
4357
5417
21662
19448
2330
20859
2020
15120
276
10785
18521
13787
14062
19623
21073
19805
17940
22003
6857
20548
19467
20137
7574
3935
8514
3875
14598
4009
9909
3315
20420
14015
20105
6920
17637
9009
17276
1488
12547
10839
2412
8439
21529
936
4264
20250
9295
6448
14248
251
21617
21399
5066
11060
9110
6478
10386
20109
11324
6493
8803
20578
15980
12481
12770
1764
16132
4656
5703
7643
4286
16763
5106
17143
4799
4805
6242
15206
20720
2832
18366
505
4344
2949
1547
4325
5151
16864
6618
991
10302
9026
21790
9679
10711
18730
19080
271
4480
12804
1407
19392
15635
16592
7979
10184
18060
12569
1539
307
5972
14164
5328
19278
14537
20426
3440
10566
19666
21842
379
2710
17732
6682
9740
20780
5222
12882
19418
1024
6343
6835
16267
4273
4808
10227
1796
824
5805
4138
21696
21111
21490
17673
16179
1305
12174
19389
100
6286
11652
7972
17810
5083
13037
12051
4128
13025
9103
21608
20463
18916
18549
249
13524
20261
10549
13120
22186
9814
10575
20903
14977
6239
12832
5983
9301
1384
15880
16656
19384
11078
20642
18859
12433
0
15661
10172
5496
15071
12048
19426
22127
21473
20927
5585
16033
9644
9358
7954
681
2620
20784
11717
17765
18488
7709
19053
2606
9392
3785
12929
10040
1160
8996
12205
12930
9184
5340
10759
6584
10293
15686
12589
2882
21246
16368
15553
14206
11167
20493
3873
19670
6967
17592
2134
14601
14385
13884
1560
13750
7757
12595
19536
8670
14266
16545
2736
2248
6457
7039
19530
21137
7148
3116
10715
16277
5595
897
1249
15419
6735
18293
17465
16504
2813
11484
6102
3384
19667
13045
13168
12074
12340
8855
13315
2719
17122
17280
14608
406
9872
1014
11794
11911
12428
9127
18393
5420
16728
16321
4723
1650
9049
5624
12503
619
21936
17497
21633
6240
8668
15542
15494
7475
11920
385
13244
9048
15108
15879
4754
20455
13974
15132
3633
590
17281
11942
14877
4246
7450
2585
910
14255
8238
5064
17262
2793
6086
17785
10690
4664
17408
15326
7881
8547
8074
17222
18774
22387
17866
10507
7695
16429
20414
17478
18037
12191
2580
4598
14290
21969
3732
20217
1260
15694
13072
2890
12359
15897
15645
2369
12118
66
13
11765
8696
8713
19668
6683
1301
20881
21020
20010
8969
763
11404
9214
9735
3112
21212
2584
3557
13453
21876
4342
1354
4839
21502
14508
15368
20313
14709
14193
6685
19557
21355
10242
1242
6453
21561
16780
15899
18782
16014
21552
7496
10894
101
1375
8493
11206
18180
11648
10496
14509
15568
21381
7700
19598
6939
1978
149
4320
2900
11040
6912
10349
19120
15149
2290
17906
15333
10973
7745
4546
13279
9398
16034
18956
6759
6274
8210
17032
1800
20616
13660
404
20464
3039
9415
9784
19465
10960
21281
1640
1637
17596
12462
11175
13648
22027
6922
17576
17754
5251
19704
794
2576
20304
7943
1961
11801
5571
2231
18970
22256
4275
4564
22286
15343
2810
12916
608
17359
17816
18127
18539
19837
14230
8283
15594
3438
8936
420
21337
18115
14630
20875
14399
10067
11185
12113
17749
4651
14103
18481
7879
22031
5956
18779
7870
9360
3163
20728
12675
14484
13548
14916
3264
9567
5287
11064
9135
3071
5248
16195
15211
866
3759
20712
20625
1592
21899
21010
12299
18875
7048
14744
9420
15195
1366
19842
16635
21922
13122
17355
1461
1437
17
107
6083
2842
97
14030
15545
3323
3462
20288
10342
13812
592
21589
5219
6362
6227
10429
18032
13937
21814
4171
13216
16334
1735
7260
17410
22123
20218
9071
11145
3895
125
18670
1419
20967
17845
22157
14681
820
3328
14162
5953
12038
12981
19471
14520
16676
11506
9787
1771
14400
6880
3712
3429
14647
244
9333
4189
6181
20958
440
11517
21365
18403
4887
4513
19150
18239
20719
7493
5605
19023
3607
19695
20918
21172
12722
1936
19186
16812
14154
20522
12870
4195
5580
20800
19869
6379
736
21763
11267
18929
2034
13334
9848
2325
3235
7789
10137
15320
11345
1844
1697
8253
5459
21628
13972
20865
18309
14616
9910
21160
8887
21691
10673
16594
12086
19056
8070
21207
685
5327
5235
5804
17798
16872
10347
13593
5445
10148
10520
6380
16251
4931
19811
17761
17183
20005
6581
7554
688
11878
6140
19
15663
5210
5827
23
18117
39
12077
6156
4109
16510
1530
19077
17961
3138
1937
12046
853
6764
21839
121
1659
21841
17153
14958
20184
13235
9372
2971
20729
4240
15986
4161
1117
1023
998
15681
19463
14666
1666
11612
10149
9254
7353
1568
1673
9548
6072
22091
5256
10787
17086
13799
9460
10788
6973
9496
18648
6592
7531
12587
3955
3000
12160
114
17813
16289
11766
7043
6844
4599
12440
10141
2032
20271
5512
3322
21707
8520
3109
19706
6450
5078
17263
8145
7842
18421
20637
5768
7533
20163
12447
2177
3310
10952
4719
1632
21813
19293
6432
323
7602
21891
18710
21768
14660
21134
11536
17168
3406
21344
1059
20904
8095
11275
11525
11935
18818
11987
12573
7958
16372
11793
21350
19751
19775
20799
17257
760
5168
18246
10015
9458
17071
10433
1168
20677
4576
16257
13683
18028
3269
16404
10208
12033
5521
3616
17988
13253
1644
9897
14665
11837
10422
5618
15774
14418
6755
15625
2693
2207
9854
16777
4989
18634
6872
11565
12635
21954
10679
1371
15150
9287
7507
22053
365
18713
1683
7104
5716
17057
19294
8031
14401
4602
11983
22415
3537
933
8769
10494
7869
24
4472
5205
14027
18356
2923
21729
6957
8198
15453
6842
16815
227
14426
6384
1187
8056
13519
8509
9282
21923
8309
20781
11729
1216
17834
14963
15590
12528
448
12960
21516
4604
7744
599
9259
18693
6946
14852
18659
6494
13557
8388
11667
7561
19290
18547
1803
16902
164
22261
2361
14148
1175
10154
22259
19002
9881
15244
16534
21479
2389
880
305
6551
21163
3388
10171
21801
19896
21451
2757
10535
1004
20962
6392
7605
3149
19006
2182
22319
2129
18042
1368
12351
8483
11293
1500
579
2017
15242
1522
7007
12621
20694
15429
13042
18886
21911
17746
9702
1077
10249
13516
17342
1602
9280
52
1237
15145
9941
19037
7540
19723
18279
19567
8245
2618
13692
17366
10578
12288
11375
18014
6199
12871
11596
4135
4157
2601
2845
9885
3400
6827
4523
5701
4622
18611
12854
16431
18508
1879
10487
4314
18910
9574
5916
18483
6098
5639
7195
8630
17805
913
2727
14551
18865
14260
15549
18576
19747
14167
2746
1105
6995
15233
13938
6003
21908
10135
17516
16385
1618
3813
21765
17337
9272
6821
3431
5194
13792
18069
8810
10306
12856
1746
5539
21829
16142
14818
18299
20861
4824
18598
7544
1494
17939
162
16386
16555
2924
6316
18973
8605
7003
8410
858
18924
16986
13847
2385
11358
13829
5140
19367
3403
20416
1898
5378
20191
3252
16867
443
13209
21538
15905
6610
15060
4797
5997
18401
12173
4888
17260
5861
10932
12083
2677
8975
18964
2659
14800
258
2669
21425
19762
423
7997
1095
8202
6849
20417
17481
6980
8229
19236
10399
20617
498
19997
15148
18771
2603
2102
13508
5177
18131
8286
10718
6250
16983
9750
16007
4085
12202
11160
92
21647
17782
21745
16150
4961
15186
19094
5772
9862
17728
20046
615
1292
20537
13766
18024
20453
525
21953
9475
9202
8558
11287
15942
985
21878
18573
7651
4432
14339
11768
9092
4303
13645
10802
8864
14897
8451
18349
2732
1416
17922
20535
9134
5864
647
4616
13396
10099
13665
13554
7397
4216
7645
376
13985
21386
1344
14594
2279
15296
5957
2260
18908
6068
22118
7614
907
19947
8747
14773
18707
10360
5715
8876
20356
12738
11705
10985
12868
6116
540
3022
20448
13931
18792
2331
684
10062
11446
20334
9544
11744
14335
7812
20023
17690
997
3032
17509
10885
21407
13065
186
14743
11874
19470
21256
11857
7654
10621
1192
21124
16453
20103
758
16587
14462
1807
18927
11740
12893
20407
7360
6418
9877
14571
1519
19173
16740
17396
15520
6972
4173
8690
18808
15717
15019
485
17137
6952
19639
893
6886
6953
15852
17058
4491
7680
7110
13638
18001
15873
18621
6357
14328
21380
18531
8695
14437
3276
20398
6560
8447
9952
14452
2306
8758
21062
2043
22073
9570
10151
8995
10730
11036
11225
12207
8571
14179
9863
7749
2986
14343
11487
3417
1660
2703
17764
6941
11361
7556
10510
18247
5871
19612
12484
3196
31
3061
6475
20820
15393
7384
4496
9279
20801
21739
17382
670
20862
3856
13774
4473
2093
20092
6373
12983
2963
15906
6219
15648
18943
16274
21750
1768
3281
7536
8466
17659
2078
16145
7516
10152
10047
8931
934
16097
12480
21218
13110
2514
21316
13857
1785
17711
10823
7436
10285
7391
9635
6030
5211
5652
8947
21979
14362
12784
1028
3763
2597
3291
9762
16328
14837
4200
7834
502
8000
20198
4456
22251
20923
9773
10276
17064
18914
7495
21616
15003
10854
17920
3266
2891
6325
20189
14445
471
10957
20911
4226
15634
22126
5712
4614
3938
6148
21064
9576
11903
462
20919
13464
575
11115
7291
676
17617
8573
14464
1361
12316
648
5258
21413
5346
5428
19075
6742
8584
1762
2243
4334
6143
539
20792
2058
19313
14095
21968
11209
14894
3563
14196
11103
6099
16975
20012
20098
17562
14569
21252
5714
21545
6517
3741
19766
14548
21584
13860
12557
21330
19412
7186
18072
11389
22146
14579
5965
2163
12138
1503
21052
1993
1554
10680
8354
15155
20100
9002
19218
5931
14812
15208
19941
5107
13759
9959
11342
5935
5974
7587
8698
18716
18677
7106
20280
5683
18374
19915
16705
285
20632
8660
17459
6840
1779
389
15430
19678
4899
18156
5476
454
3467
13059
12181
10865
11557
5532
2528
2747
18073
3611
16072
22232
13572
18901
22433
15712
14504
11332
15830
11507
10805
5059
6961
7014
16038
14971
3709
21670
16332
20144
9278
1073
5637
19363
14918
9641
79
1067
7887
16241
21260
9077
19264
2067
18255
6626
14293
21994
136
70
3602
15498
8363
22020
3649
11573
19051
20909
9145
6525
4537
6077
18278
15098
10519
21726
15248
19376
19089
7269
12869
3958
1051
11435
5914
16633
18402
2054
8279
12726
16364
17903
20251
1453
14118
20272
11063
1308
13062
809
21400
11182
11052
14566
9539
6224
4626
5029
353
3634
823
10165
723
480
18987
12535
14679
3168
1998
12740
21676
4976
12024
19502
4373
1042
11977
11007
939
17213
614
8795
16109
18746
10887
6892
8554
6465
13495
4265
16446
16374
4984
17489
16851
6208
9339
15998
16012
21258
5317
12933
1068
274
13500
18923
2050
17812
3468
9982
18284
8371
19662
18002
10925
12846
1922
5689
16761
993
22113
6206
13702
5499
8111
22275
10773
18491
15447
16774
10588
8608
19103
12962
6951
19746
19636
8555
1603
2277
3903
3593
5215
19341
16940
1183
21562
14976
3890
20291
14683
7883
4417
3861
22023
19490
5998
21418
10898
503
16110
13336
14136
18704
4627
14862
19680
19115
16406
4954
14113
19582
15461
19977
6597
14427
16217
14114
10317
15730
15466
11220
610
2253
17037
18304
6987
6301
19993
9469
20991
3199
5913
9069
1092
521
4671
3052
18858
21895
585
5642
18082
17343
1385
12788
13663
13589
4198
484
9283
11591
25
11399
15975
7130
11835
19673
10662
3612
19908
16830
11120
22120
17604
20289
555
20948
14172
7250
478
14472
11964
9611
21470
13349
16456
183
7213
12878
8088
19085
3631
8275
8284
3719
4351
12157
6345
19032
18367
9615
14969
18132
972
9500
7743
16744
1424
18469
5924
9178
22310
10245
10183
16118
18530
16026
3746
19720
11687
15624
12946
12579
20957
20504
19070
20492
17045
2204
3730
6770
8186
13215
1985
14184
4162
9240
10415
17722
9012
4010
15547
2726
12091
7530
11584
7005
6667
19812
3979
18192
18142
19904
5504
20561
17710
1378
19876
7890
11703
14403
6699
272
1914
1778
18189
10100
3803
916
2002
7191
6803
20815
15867
20480
17649
14980
18650
1080
20686
9073
15993
1616
16284
4164
4893
16659
20335
17950
18296
5411
17076
4263
13156
1040
11340
1743
19091
12885
16027
10998
14237
14188
3700
21151
17914
15330
20305
3194
3011
16171
2158
19230
21749
1035
4254
20381
11659
12686
10270
11216
2189
3472
18411
10943
15241
12375
11434
15117
12539
13916
7782
17238
22365
7174
74
5330
4624
10551
16237
9151
6710
17703
5108
11833
9043
4071
13522
19338
14557
7139
12762
19990
7053
9292
15649
4379
446
10883
17871
14247
15838
10900
3842
22337
10475
3697
13176
16311
19316
14051
4703
3526
4285
9433
17085
5019
16804
12089
21864
2100
6741
12227
10538
6686
5350
13943
10456
12752
8556
1825
19556
11501
6942
20221
574
4527
753
920
22263
7637
2818
20068
5981
5600
486
20692
15164
11908
7236
15106
15621
1144
1365
13627
18694
5166
16756
4652
15756
20676
12226
20620
1116
14982
3825
7276
8594
12774
4359
1339
14380
9972
13214
1128
4937
7459
646
60
15005
15633
22346
12707
15172
19528
15925
13617
7840
22163
15604
11701
13231
7759
18784
20641
2377
8798
21147
10640
9435
6113
11162
7529
12090
7720
6244
7606
7736
11914
18960
10220
15766
7216
17687
22139
9488
4825
17029
19152
15509
20418
5641
13609
3683
19347
678
6454
14855
15577
4023
17212
8043
13146
15862
12203
16319
11179
16019
11196
16751
12714
10648
12483
12889
20178
3292
10119
6480
5927
19974
5454
4570
7184
5517
19917
2272
4807
3987
8946
9165
1627
6528
4811
7393
20150
11366
1129
3150
15442
16688
13359
6388
15762
6603
1293
14883
6608
17962
6139
22188
4319
12734
1149
7578
8734
1140
15129
12829
21377
20302
16691
1811
13258
11958
927
22144
18408
20437
5659
5336
21441
18684
18298
20369
20171
396
16869
7691
2165
6299
20255
9844
15366
5460
8575
4524
15623
10737
15316
18672
8170
5721
12012
10878
12457
18959
18007
10378
3934
15585
3773
18328
18219
16127
18074
14404
19229
19818
21949
12845
15576
5437
17610
14925
5349
8854
11812
13600
8631
19925
19581
19340
19694
598
20733
11177
21874
22147
3617
3770
8288
1362
3350
15086
12998
10008
8130
14661
19651
208
17780
10882
19038
11457
6390
18458
15564
3522
19873
7185
986
10153
2692
12370
12380
9312
317
3810
11022
15876
9117
17397
5790
6374
4862
7176
5304
20084
8005
17246
5063
1379
5855
9813
3768
9231
19563
13429
7274
19050
10237
1274
16513
6111
21267
17363
17121
15491
4126
22211
19802
4
3475
13309
20757
1786
4926
1017
22403
5644
16540
5333
14553
9499
14937
12706
19543
20833
5698
21233
17174
17882
8601
15707
8148
21177
20267
13836
6569
18718
5407
10364
15058
5362
18991
10974
7466
5231
6729
6036
4436
6127
16003
7320
6037
6349
6350
5298
19646
8727
19028
8324
9977
17611
4204
4919
13728
16730
21166
2578
16670
16087
10105
8317
11349
10173
587
234
2864
22411
19801
20554
7075
21734
21515
16200
6717
13507
20796
205
2598
9126
16028
18381
7889
3129
5615
16638
1775
14896
15045
10073
11663
12339
14893
7431
4178
12268
4601
15255
19480
422
447
16425
5290
8538
17131
1454
13341
18543
5749
21933
8082
3663
14851
20034
21620
3654
7832
5161
14885
12610
3821
9236
21489
17638
15985
22136
8818
16460
10332
3319
21282
3582
19900
20384
1163
10770
10824
6006
1016
20157
7563
19874
18595
20266
15764
14145
8642
13138
14923
16437
8044
5606
15303
6474
2071
210
14205
7100
15308
8161
14207
18130
8774
12830
16655
16584
283
14151
1916
9604
19868
15307
19700
12452
13900
17530
2875
16542
19198
19241
667
12229
9515
13229
14397
9855
18831
2432
8604
18994
1172
5190
9430
20488
12605
1043
1598
20538
1000
3660
5416
1562
14922
15843
13174
16227
16743
14626
10106
19734
18461
13321
9018
19953
19171
6476
22255
13332
1633
14688
6851
7101
3559
4149
17554
2760
11510
19119
16950
5559
14702
9513
1939
11047
17983
13254
17708
8248
13307
13745
16299
17445
9217
8352
1134
20510
16551
10355
8902
14807
816
18616
8151
16846
11146
20390
21719
11147
17763
11551
674
22353
16472
3744
14574
13368
624
12302
1716
15359
5572
9698
1947
12664
21392
439
1664
14392
11587
17686
12372
18342
18062
5461
6307
5842
364
10273
17680
11
117
15291
10012
7338
891
21831
21345
17331
3245
6863
16512
11547
7945
2366
18149
11522
15470
21021
1901
417
18772
8434
22406
14408
19916
10147
7986
2052
2594
21685
12153
15675
19949
21008
15134
11853
15471
12822
12693
8566
8673
14135
19783
16204
8813
16246
8568
17700
10331
5191
14920
7673
19371
7800
7375
5263
510
4655
4714
7506
2866
8922
542
11967
2957
6769
13712
14804
16693
8323
21638
9616
7109
7025
3989
110
3004
48
10497
1009
16048
3320
5456
10090
21727
14072
14915
3549
8228
17429
22467
3392
810
10607
2637
3341
13233
15915
15537
201
11508
11588
236
15219
21001
12357
2504
12545
10016
15377
10085
16915
16700
13306
14724
8498
1142
6885
16296
20708
4425
8916
8327
2229
4470
7458
8895
82
11952
2184
20319
8168
3148
11211
8370
20830
16530
11296
13114
21995
3457
7347
19388
22216
15369
8119
15367
2756
18869
10050
3710
10901
18478
16754
11879
11887
5077
9807
6324
11843
8218
345
20021
12112
5951
6981
10915
22200
22072
11240
300
15059
1210
14708
21084
1926
54
13286
16882
16066
17833
310
8423
10028
9501
7850
21517
8128
15637
2698
6290
604
4237
9329
15254
15072
7910
20
13603
10586
3681
1917
7787
5147
16297
16103
20094
6962
4116
14945
2452
1555
9016
9558
8632
20716
7681
18821
996
2987
19429
15181
14672
12887
15217
9305
2072
20108
6550
3053
2552
15519
10994
5261
15703
2380
2611
11417
3484
17954
9700
21932
3752
12779
18045
6944
3745
20075
288
11975
10045
762
119
17144
22
13384
8206
9183
4083
4783
20779
12891
1790
65
16343
8318
17847
630
22380
4278
496
19532
10390
10185
12543
3141
10095
19484
1284
7647
4364
19458
19174
8974
8788
7820
22246
16608
9811
16252
7727
5807
6197
14034
5485
4388
9694
16052
6930
10194
1752
1072
16925
20091
20860
20260
987
19757
6271
16532
7297
6970
4250
13262
15669
20643
10440
22214
19857
18202
1866
21015
4170
2202
11854
4369
7206
1054
7591
929
12862
7231
11892
14063
13293
297
4947
4738
2041
15610
2431
22161
22022
19922
8069
4906
5678
19652
20332
9149
8204
5032
3273
6506
9086
22340
5942
3859
12366
6530
12361
11625
11428
20687
15945
12259
7843
19604
3766
17551
14983
9230
22413
20306
19222
1348
13029
17873
134
12580
7427
7676
21171
19436
22355
10337
5625
16896
367
3691
17514
12324
9601
9821
6243
4146
17215
14502
15263
9325
7056
21156
13444
3517
9036
3868
8236
6059
10524
5785
8188
16411
16254
16197
20505
6221
6
6602
7486
5706
11350
874
8302
12492
14584
1657
7823
14455
11917
15021
6440
12914
16185
4058
4223
680
20385
10316
13083
16518
11026
19021
12745
20821
12987
1029
3366
10343
15962
10661
20964
5573
9257
21752
15757
12335
1876
12036
13206
1621
147
12135
12137
17292
665
19064
5415
16721
21840
2127
7018
2880
15618
5367
8072
14117
14859
6251
13491
103
18596
6107
4315
7077
1708
17377
10807
1101
5739
7731
894
10954
17654
13277
21288
6090
9334
17010
17880
359
6016
5669
2168
17358
12792
3841
21168
19963
13951
12147
14076
7463
2771
8310
16781
6691
21854
1330
378
21485
20131
7615
10540
2295
11779
11579
5153
14592
12687
18324
17264
9684
5671
13058
10527
20206
17344
854
5111
13299
2334
2109
6272
11461
21522
3088
17838
3921
12156
9731
8432
14104
13039
5857
15733
15721
7409
3385
830
20584
8529
768
9468
6917
15688
17712
20056
11577
11913
10038
9893
14147
21594
20595
18089
21575
7396
5192
4194
14787
7122
1355
19716
10087
17485
19234
14662
20294
10723
17796
10112
5472
6752
13115
11655
19710
12786
16759
7432
14031
2753
7901
5412
4133
11112
9448
3432
11157
3347
14025
18686
11871
4030
2895
20961
7428
5850
7518
657
16664
5672
13613
20650
10744
10452
22111
10301
7264
5232
18190
20777
626
18526
9597
20081
14153
4305
14211
20512
20073
17898
15
2240
19104
8835
21346
733
174
16979
6823
5836
212
18643
5976
12011
17198
4531
17234
331
20582
12549
8917
1241
13076
11228
6141
20840
11509
6164
10694
11754
9255
22001
19912
14246
3814
20645
11813
22164
1521
151
18570
11888
17744
9542
11315
1907
10916
7973
1429
1340
3081
11455
698
4295
13078
13653
7981
15198
3305
19020
6758
8923
4408
21343
700
19760
18936
19493
10687
6724
7312
13510
14720
13963
10672
16798
15786
10084
11156
4580
4121
17449
19577
16894
12667
2516
12255
1871
16432
7775
12272
14176
13425
21570
1130
9990
4067
6210
11520
21192
18337
16225
4205
6772
20179
4857
15612
19687
21112
16813
6397
8591
16572
19674
14446
16331
7665
20132
1065
10546
8871
15848
731
21190
5852
5072
17594
669
22425
2583
13820
8100
10371
2990
1881
901
13717
16098
22086
388
4699
17016
1656
2566
8467
3867
3736
19280
11070
17479
22213
9766
1511
13105
21116
13536
8703
12071
3973
16853
14442
16443
19872
12652
10501
21221
5502
15886
924
5021
14694
15673
8955
8666
199
13182
6663
5490
12250
7420
12562
13598
4277
5239
5489
5761
11136
17091
17935
6609
18106
17945
16739
15732
7201
8272
11864
4229
13730
21319
5675
4280
8368
5332
9327
13667
10432
19526
5149
13525
5375
15799
19544
17433
21203
15595
1229
2087
5591
8970
10218
316
6503
12424
19292
7811
12092
19835
13217
6630
19555
8527
1490
8311
15798
16151
11544
19197
12857
12409
20201
3021
2752
6293
16881
10622
4910
12593
2367
9446
12037
836
8657
1176
10950
7781
19130
19545
13134
4691
13093
436
8017
22450
10330
17648
2456
17201
20997
21275
6426
20078
19523
15901
18944
5784
12811
20019
21614
19325
5201
9593
16387
19231
14064
8477
9336
11678
21984
344
5113
15591
14453
4542
21393
19571
4300
351
12260
7944
13117
16575
1290
10077
6694
11015
21272
14345
14786
20425
6071
940
3172
8242
4683
5053
2460
394
11830
18245
15656
5960
6613
10692
21336
1171
6701
3512
21065
19175
6075
5548
10868
20696
8427
1336
11893
11347
5621
5797
19798
3123
16181
8105
12096
21510
9252
16578
19155
18823
8621
10236
17693
8587
9102
11858
6617
18793
19211
18575
10573
18849
7223
3888
14229
21053
7332
14739
8997
17405
6289
11702
3399
11280
148
16490
12511
5162
6095
8244
14330
21251
7076
1748
2844
21477
4075
17304
10815
12099
3533
19127
3256
22394
21299
20106
12087
20001
13518
11745
915
711
9406
3233
17890
7010
9249
4397
4077
12507
6066
13137
13102
7172
16972
20372
4271
19550
15952
573
9974
16617
11675
11061
8738
537
20789
5198
20422
1608
21214
17152
11677
22316
11626
5199
16484
13853
17518
3217
9368
22435
5553
11646
17272
12966
17053
5338
11093
18676
12003
14303
636
14058
4362
8058
17725
6635
12123
9985
14909
1152
5156
7252
22245
22207
22103
8675
19840
20736
2009
4698
11930
8544
17498
8332
13212
17877
4209
2563
13397
9870
881
7471
16707
12456
16667
19509
8597
5175
17189
5860
15626
2384
1252
15771
7741
3682
12458
6966
3224
21216
13171
7589
14718
19887
13806
16282
1491
3877
13785
6226
3629
16625
7462
18479
15158
2679
13612
16687
15627
6470
15937
20856
2574
6676
12661
13261
4539
5451
8393
14619
5351
10855
14198
16618
13259
15957
18455
4422
8683
11974
11686
12312
12022
14748
3882
16875
17350
13552
19597
18601
10707
12683
4992
13608
22114
10032
9427
21049
1288
433
18529
9543
12179
15930
13030
1307
8868
6460
8687
19761
15772
3308
20681
6568
6129
14391
11348
1496
12716
14156
7295
166
4483
19986
5237
10395
21229
18624
1076
21543
4101
6984
18807
2423
13211
17959
8843
3498
17657
1061
16106
10005
11546
3589
13656
14882
15040
5071
17966
1852
13124
21086
707
15521
4648
9227
12602
13433
20644
12606
9431
5680
1572
10444
2502
19677
2936
15723
253
783
20300
20793
2664
22181
14006
10765
13284
6669
18122
2138
12640
15331
10193
9552
6042
9583
18153
1851
12379
2203
6209
6180
11363
20172
4328
2941
10691
9907
14845
8583
17129
3082
2517
3947
1445
18532
3169
6883
20737
21591
414
20756
182
13040
19656
13757
6073
922
19233
15736
15246
15288
16240
3216
9956
9704
18523
7660
1360
12881
2894
14948
11475
11545
11697
19826
8522
21835
12274
13084
17777
5101
12915
2953
15054
10368
7715
22029
13581
8647
19996
18620
15285
16989
19219
7405
11742
14138
20038
13230
14251
914
5280
4094
9894
11311
19180
5486
20139
7978
346
464
9196
21179
22019
5494
20963
21048
11031
15344
15560
3619
7721
10781
19525
19897
20845
4657
3437
617
6166
959
18052
16339
3154
14012
19736
13701
7268
15047
314
12291
8004
10025
6719
6536
9991
3445
11842
17911
21318
19317
3750
16517
7937
7919
11491
562
14994
18250
8417
722
18178
9822
12654
21751
8443
18056
15257
9942
10951
18997
16908
1904
16521
19440
1725
16599
5091
7179
14301
3860
19979
18897
6708
21889
4181
10358
19559
8079
19919
14791
7552
19252
1703
16892
226
7331
1578
21028
5057
17976
7299
776
5825
5492
13779
11558
14091
15540
18229
6834
19153
5014
912
10254
17547
12487
10268
4243
9063
7204
9315
10784
4134
848
21585
22223
265
8521
19994
6207
1990
19268
16746
3854
8495
17009
13716
10226
10248
8096
2658
6182
8636
8684
6192
7410
9352
15644
16485
5182
16153
6230
14840
21372
11988
13157
8460
116
7511
11173
15268
12709
21162
19365
19711
16529
8135
16596
2739
7735
21926
18277
352
11692
6837
4641
85
18295
14046
10598
18318
9960
1214
11203
17048
8697
1671
13803
9879
13013
11135
1469
13870
1822
10480
15184
1204
507
10081
4689
633
4880
20434
16135
1250
4809
1277
20695
14793
2972
11382
13167
19375
13628
17049
14032
10601
19780
17844
4951
3834
17476
4304
17072
19712
16326
20159
15306
6333
20203
4878
2683
9072
20173
828
1430
18854
3870
21234
13319
81
12234
16855
5635
21351
15191
2823
17793
8273
20523
10026
22273
18449
12815
19157
6070
17626
9253
17771
17550
5777
9785
22085
21890
20704
14522
20613
12719
2225
7387
1821
16483
1629
18896
20978
12813
19729
8171
12880
12167
1003
5495
3251
3907
19560
15229
11586
6822
21201
3482
16069
7562
11410
1585
17852
18965
7153
7999
18134
9736
20036
9816
9059
16104
15751
14765
12422
20322
7853
13020
8281
17021
9838
9216
18527
7273
7712
712
18922
3421
21458
9153
19599
1791
20750
21070
10646
970
14975
2352
1710
8442
20149
19203
2208
18490
21537
2540
5141
8230
11190
942
6320
383
1412
12236
9357
16605
3670
7118
12694
9919
4006
21755
20270
22032
13922
18427
10603
152
6398
13197
6262
4709
12040
19854
17823
5508
20236
20440
6051
12945
14758
18439
12093
19989
20759
19967
9088
12047
17090
16313
10142
3230
7070
15916
5329
21472
9665
802
19748
6163
12572
3222
20104
668
1607
13257
22258
2877
16347
14525
3964
13833
7907
8149
1431
21927
3074
20421
18727
20965
6722
2749
11494
20583
14873
9003
5908
18977
6260
16697
15391
21844
14384
10869
10936
2323
19964
15566
17933
2135
11831
9720
20711
16916
7784
18724
15459
10326
3270
13840
13204
9933
21023
9600
10553
19432
15484
21430
21475
8494
20097
8963
11554
10881
14102
6014
16492
13435
16893
20345
5389
19884
8132
2958
11939
3493
13825
1728
11639
11367
12282
12015
7693
5038
3539
13367
11409
7678
2743
18307
13480
21202
3632
4790
311
6601
3023
5881
10777
1402
2238
10792
11104
20602
139
20494
12421
887
14053
10631
13783
8532
17279
18472
9795
3414
14550
193
15565
2626
15994
7140
22184
19097
13834
15939
6512
5254
20376
418
20040
5893
12114
5917
16083
335
4724
17683
6848
12470
10365
2997
17155
6559
999
2901
7138
15735
22094
7661
9912
2173
1449
19969
16675
14365
19459
2623
1244
1971
14756
10344
18160
9891
15696
13377
7548
6518
878
10118
14995
19796
10670
22372
10055
2437
15728
13476
17745
10820
18271
20837
1783
7329
1687
15450
16105
11294
9428
5636
9769
16058
7694
18599
923
18742
7988
14485
3731
3358
16696
20462
11331
7017
17098
18612
18412
19921
4186
15188
895
2125
12560
240
13873
16244
785
2893
20293
9485
2170
15567
21144
6403
22262
20705
4210
2147
21317
5544
902
2904
9066
13652
14483
10825
8003
5719
8523
18891
19984
20934
11782
5252
494
5230
11923
18118
13654
1157
11631
18992
18498
5339
4412
5880
6538
7524
12516
11113
19358
6205
3076
3576
22055
7457
13153
5039
20219
12894
15639
21532
7482
5337
9354
1483
4981
3179
22303
9535
13358
11336
17368
14849
2627
8839
20891
22370
4879
10228
19482
17206
20258
14493
17970
12673
9403
14386
18947
1808
14760
13630
7333
16481
12702
6910
7504
12194
950
5311
17651
4764
9940
15775
717
18023
3267
14912
15381
5359
21654
7541
4352
9527
6406
951
19156
1799
3696
15008
13452
1884
3930
19879
495
16006
2405
3373
20224
1665
1166
9229
9123
22231
6483
7725
7847
19952
5891
18323
4349
12747
12246
8214
5582
16025
3953
13657
17487
12938
13128
10449
8957
6237
16515
17918
15113
20855
21534
11080
1850
16797
17893
5438
1318
5240
4063
5316
14689
17758
21016
10001
21546
1165
611
17943
7780
10808
5234
18558
21476
13807
8528
14846
15431
21787
355
6580
16760
8391
21247
14687
3966
5856
7677
11152
4000
18925
3993
12876
21860
7319
20333
19377
17607
6009
4552
16613
1036
22401
3024
2099
21390
14887
19302
14843
12695
13003
3900
16565
22276
21455
14169
21836
17908
16210
262
4786
17661
14406
12806
11238
12994
18201
10811
17303
18729
1582
4060
5024
8579
4963
21758
7939
21761
14014
15571
4550
12395
15203
5709
6035
1476
2105
13017
4733
18146
330
1396
12309
22331
12748
11921
22162
7798
12007
21666
7892
1954
22440
3543
7740
19250
13054
17385
20188
12141
12031
12559
19253
13407
17599
6850
17393
2391
16422
2153
2056
18664
18306
20590
10906
338
11427
15420
19540
2985
1287
19289
13991
19658
2419
20428
15463
4618
14173
13512
2462
17142
12828
14221
9622
8015
10512
10840
11862
17674
204
19079
2234
21577
19630
16317
7970
3063
19148
479
16391
9761
14074
19369
4682
11429
3047
171
1227
17282
14124
19548
2167
16454
5640
14602
5610
8430
5686
18244
8025
8674
10581
1337
18635
10506
6815
6146
20180
879
10959
15137
18097
16500
6933
15720
15397
17794
16065
10258
22185
14043
6928
8846
19504
7633
8721
1699
1030
11651
1523
9915
6895
3463
111
13979
21338
6469
3223
21759
9786
14596
8099
513
19469
9497
16957
8943
21549
964
20432
11859
13980
10240
3862
805
14580
13200
14433
10795
93
9577
628
6264
98
17435
5870
13965
1712
8437
1967
2025
17647
15035
3471
15699
17217
19319
17718
10623
17069
15581
13681
17625
6497
3084
8850
18210
18797
7421
5707
14774
9758
5448
1310
2645
6112
11239
4402
8413
20585
1812
6248
20237
13248
19044
19474
9029
3811
14468
19269
15820
16128
10565
12212
9716
9167
15982
2155
17634
20429
10374
1625
8743
22320
481
6816
15234
13441
21604
651
14077
16352
16823
6745
10410
20772
83
18497
21376
18019
19439
2239
15958
9344
2339
17173
15872
4262
19821
12214
17901
12764
7729
15383
7470
11723
2700
2572
11343
19621
771
7227
14796
8257
13565
6198
7671
169
16107
1184
1266
13602
814
19191
16879
214
4851
12827
12577
3580
12407
9047
12959
11431
20666
2310
7089
20969
14831
19629
4846
664
7154
4007
6612
15546
7451
751
9190
6330
10863
541
91
255
10188
8921
2991
17284
468
1911
250
5806
15317
12377
132
20362
19655
4770
6017
18237
20880
16928
1595
11218
7059
19298
1200
16203
16242
2635
14850
2798
11643
13966
13561
261
13151
10066
13155
11438
7867
16814
20193
222
18900
1636
12401
18708
16159
18454
3389
17044
5770
17536
6638
10212
22220
3541
18848
20905
2169
17752
16121
16400
7183
9138
6899
1559
20309
21007
8777
11492
1674
12833
4004
7068
3598
19356
17200
4668
16379
3028
15125
15444
2614
4815
6937
2633
19948
10560
13574
6147
5751
17467
4562
349
7705
18315
15788
11142
16880
1188
11369
4636
10082
5167
4338
17926
12972
12801
3735
10595
9239
18517
506
5087
8156
13893
5989
6202
6647
4251
17390
4002
18657
4248
21661
15445
421
21827
9434
9550
2019
5343
19852
11747
19143
7523
13624
12002
395
13776
5455
115
2903
20110
4775
18737
11603
13027
11329
837
20634
6943
1223
347
1109
18998
19048
5592
9745
14271
560
14953
17506
749
21456
12294
4680
16566
8977
17779
3899
7165
15173
7121
14454
10140
15081
3066
12701
9551
15480
14489
16843
6791
73
12269
8900
21830
6730
9473
8452
15722
9359
17698
11832
15987
6869
11980
5788
11809
13597
11264
4468
17828
1044
13764
3648
16752
15734
7977
14310
17063
19864
1323
18104
2591
22009
13973
8194
17157
19649
9025
20812
7595
6405
8166
22190
5074
64
1347
477
16389
2246
958
612
16741
890
8412
2007
16482
14591
9669
17564
17491
9606
8258
10564
21695
4739
4603
3080
13990
14717
642
3808
20205
16488
2053
20798
10849
15382
17729
13250
5613
3685
14129
1364
6104
20544
15088
7575
499
5757
3915
12633
7440
8028
7374
4031
10286
14321
5453
12590
21045
1275
17707
12950
2557
12110
4915
6092
12146
789
13487
1094
13605
15319
19137
16750
1313
9341
17553
11077
8988
686
9732
6442
12342
1726
15328
18154
8789
7553
1451
1577
2042
20085
17504
18027
4885
5848
4858
13703
5474
7187
19768
19068
4003
7557
11575
4649
11807
20884
16233
15917
2573
8838
4176
20758
14892
336
14481
21986
19626
9275
9995
3743
4411
5180
7054
21110
8409
18359
465
12356
4235
403
19016
18119
8496
22015
5877
3801
3698
18086
7135
15898
7490
268
19511
21093
22104
13668
13503
4592
8373
11941
6456
13459
15389
18437
19788
10431
18096
17111
16099
5663
18409
2447
8659
17923
5179
15099
21002
291
3122
19176
14241
9316
10890
13403
12426
5266
21294
20984
20466
3156
8985
15969
6841
16683
20872
14312
14243
17525
4065
9618
4261
20714
18444
16412
12265
21394
13821
16717
14972
2064
15438
21531
16634
19149
6757
9509
19238
7733
3569
10534
6391
337
12613
10500
13611
7052
325
1145
11592
4751
1333
6467
17020
3769
5477
8706
19549
17809
1773
7016
2426
22078
21035
14080
15497
8640
22148
18652
11398
19114
13069
22225
20577
12320
3213
1534
12625
9459
14935
17454
7929
2196
9711
9118
3887
22271
1045
6696
20444
12617
15305
6252
17293
1400
18051
6298
1326
11965
16642
21818
5519
2493
1154
17543
19307
6019
641
8712
20831
11320
15865
2554
14832
3369
5214
14753
18495
14474
10992
14267
21157
20423
3244
8847
14415
22469
13455
1177
20331
4608
13144
5126
2975
15375
4383
14390
2151
13493
15042
7716
21624
3262
1335
11459
17409
22308
16994
20248
2376
21571
11235
18725
9090
1520
21497
4606
15586
20556
17591
8091
13511
9580
12094
18955
11739
2144
3928
12333
8106
1377
6766
14273
7601
1504
14516
21766
2920
8865
8464
15247
7029
10806
15646
14741
6531
8967
17469
21612
15966
15507
3175
18129
10035
3772
6445
16833
7149
6485
2104
15755
15544
18384
8490
14087
16778
12797
13673
14890
4118
7388
6826
14331
22345
9188
11008
9757
9143
19076
5873
3829
7366
4924
13571
2582
13689
7278
17860
19095
14905
16449
12434
5546
18253
2820
17511
12534
12131
9228
800
17378
21347
19274
14252
6031
14217
12001
2550
21781
11613
19270
6387
21305
19843
18243
22180
20254
16897
10843
6417
20648
8092
14936
18175
29
21599
2887
1544
1692
19725
4917
6040
17103
22088
4965
14470
5795
8644
3300
2535
15009
4460
18468
16253
5002
5809
5125
17126
4493
18953
16643
566
18871
19189
13558
1089
6632
15215
6138
3510
17858
3985
14368
16281
17560
5579
20327
9640
20901
3866
20396
12142
3708
15495
1841
5609
12119
4228
3132
19491
21673
9152
18581
4136
3885
14653
4457
7487
8164
15654
4886
9491
22047
6335
7852
18291
22173
19829
15143
21896
18560
4716
12348
1477
6438
2157
8620
21443
17251
13421
12228
13395
7582
8748
22270
9873
14126
15538
20143
15679
11395
20826
15092
15496
1501
19267
2788
17655
17133
10809
7256
9793
11302
19950
10907
13643
12190
18150
1031
9962
5398
16810
9806
20469
1481
8741
6620
5811
12264
12646
21061
6047
5794
4675
12526
308
11046
17885
5467
18312
2073
7501
22388
19807
10857
5075
16903
20233
20710
4076
22285
21289
3604
2515
16764
8180
357
15370
21100
5759
3564
11397
20320
20876
4353
13389
4396
13883
356
2378
3671
19637
8592
11995
17348
1969
1531
7512
20834
20622
20870
3676
14540
16258
5098
1685
7642
17116
5056
5966
8178
21146
4368
14657
17818
19132
1356
1472
5947
2869
17760
4326
11483
15850
10383
9710
13483
8249
17309
7301
19139
7648
16593
16220
19271
14552
639
18745
20774
18457
20749
4441
6292
12713
4057
6813
18215
14008
15818
761
11210
12154
3718
9749
11180
17992
12301
8144
16668
12471
14314
11884
4113
10083
3250
4896
20195
18750
1538
15506
5497
4045
397
20160
17229
18658
6245
17334
11707
17658
22418
19276
21249
5164
17065
8501
545
6534
17951
10761
18572
106
17949
9864
2959
10961
1224
10828
1489
8256
11018
975
5608
7335
14003
563
11735
10294
15527
20378
20684
6273
8435
14039
11274
3494
19785
14459
3665
3591
10051
6428
8022
4712
4166
2595
19029
16993
19300
12555
20703
6204
2187
21164
1672
5296
8927
12416
3651
15133
6923
1253
6725
3728
1063
12550
12389
1020
6331
4132
22344
4676
20303
12052
18755
734
2358
5030
1319
10978
313
9961
10935
1110
10230
13166
21679
12637
8820
20086
15990
13436
11201
15522
660
19416
16884
427
7323
5435
13852
14622
21651
19008
11828
408
7571
10609
18863
18950
17915
9546
7586
2149
6439
3098
3321
361
4484
22304
8543
8038
19322
15479
1397
15067
15182
7087
2965
6991
6574
16612
10731
12899
20370
16013
21438
11137
9017
8786
9916
4421
22112
6078
8254
13373
22266
1740
4796
16858
9097
19495
4897
5730
9841
13365
4096
17766
15787
15588
269
1233
20225
19871
1415
1258
8667
15603
2487
5581
9328
14215
954
20580
9975
18353
15065
6174
14023
3035
16998
1332
76
20210
12217
11295
10131
5728
20207
12741
19060
15180
19283
1081
9350
1282
15392
16169
22238
15946
21693
18209
62
14500
12902
20096
12287
2212
20404
15790
373
16962
20809
20346
16010
9463
16207
4451
16724
4973
2711
829
519
20328
8259
419
14772
15146
21717
2709
1753
12444
46
18906
6711
11479
10304
10602
8361
20170
17380
14973
22219
22288
7257
18026
10363
4874
13844
14282
18563
10909
15719
16802
9379
4512
4734
4694
10743
12414
19779
19980
5776
1444
981
4324
6777
16641
1012
1091
17889
10307
1777
17855
14402
11373
14924
7362
11408
428
2413
7520
5645
7982
5830
568
18405
20514
451
20352
15153
426
10633
4756
4864
11282
8329
21242
6451
10437
15884
260
4995
5067
2488
994
16580
6911
625
18158
19073
17695
17015
18760
12672
17963
4220
17632
7181
7082
5115
1427
4630
798
1932
12029
20836
8319
22018
15289
13690
1529
18059
10697
3491
1515
9989
16519
6648
9298
11023
1211
3515
6304
11489
9244
21161
11106
7423
18501
4688
15652
1289
19518
9355
3352
4658
15362
4940
8602
9208
17691
18893
8463
7356
9557
41
14127
11818
14586
2271
18050
17735
20366
15574
1270
6024
2131
21224
497
10779
7537
16464
17589
4842
1846
2838
14387
5525
10231
19216
9426
9323
6931
13843
12307
918
13710
17321
192
19188
15327
11863
5236
16914
6344
1408
7316
6932
18269
6778
5226
18071
9748
15427
2416
12989
11906
8823
4129
17968
4814
13675
13237
15093
11418
10207
14157
786
15973
1462
10734
16041
3622
4439
18267
7124
18003
14059
19168
10253
21649
14853
21424
2139
4208
10536
13067
19335
4773
15064
18339
19856
7933
17528
5764
21457
559
286
20520
16616
11094
21226
13969
7453
8209
6484
18748
22107
22092
8892
10284
455
12394
3044
3307
1001
1206
19588
10189
20016
456
19726
1776
12140
15037
18945
1816
4876
1470
4907
9671
7622
12824
18617
1675
4710
15543
2091
17907
8981
19473
13535
14757
13498
21341
22154
21793
7551
13033
18952
1033
10837
1370
21780
12649
13305
15315
2644
9776
4361
16044
18450
4256
12988
7934
9285
8350
2451
11330
12677
15104
14938
11771
8066
4276
15278
12565
11763
4463
5267
21340
4584
16163
20691
22210
18619
13744
17318
21176
14249
7858
6079
11059
2181
17874
3846
1769
7619
14381
21760
11265
616
12066
12014
21326
1147
267
9089
11042
22063
8226
16020
14438
6876
17664
12731
5335
11532
9387
1509
6085
8827
5137
21240
15249
11925
2237
19052
5820
15232
12724
8693
20852
9238
21610
12977
1587
7057
4561
16729
7398
16702
11423
6864
21822
16255
5364
10128
696
16478
11035
11248
1236
14764
19327
943
13777
18363
17862
10263
21131
6554
11232
750
20502
6623
3716
9422
9054
16468
22267
11038
1964
10557
1300
13026
18928
22290
7632
20438
10186
2110
19822
12062
2160
21668
20885
7758
6203
10719
7351
5470
3231
12639
19454
15920
19698
4420
11310
22277
17097
17985
12
21450
1374
4800
9348
18423
10778
12619
5110
179
15162
10059
13669
14186
15199
5643
14396
6471
180
9817
20481
12208
8349
12235
21556
2646
6919
16795
15407
9004
8277
13043
3530
14463
15632
7302
12969
242
6519
4225
3009
6176
10469
22236
12986
13725
847
19519
21867
1386
14218
2344
13393
9924
8455
21798
18075
19880
18499
20364
5119
969
10591
12767
86
11627
17087
2479
20649
9925
18651
22399
14997
2096
2744
17387
2579
13651
1139
1541
14120
19749
17750
14250
5518
17199
4659
5483
15048
11694
602
9408
10041
18939
8650
4774
18113
14729
17299
1473
2800
15097
9596
19524
10663
10454
12518
9396
4393
18990
2357
19983
20243
6994
16047
20483
9519
7576
12383
7657
8458
5549
13238
11928
19671
19865
19141
16138
18266
18474
17643
1380
22121
6434
3357
16272
9890
16544
463
13051
3365
17236
3042
5910
13714
16091
14479
5410
6575
6008
5925
13297
20550
15284
1120
14122
8055
11580
18622
9356
580
4812
4541
18112
10481
5501
4099
12769
13678
9768
12273
21383
12955
16929
8686
12790
7200
2312
17156
17138
13481
19774
17193
11926
10689
20286
1858
14641
3884
10511
6549
7151
11030
13685
16710
18476
14930
8189
19878
16209
14042
20786
13438
8301
19564
2500
20360
16131
8664
12437
7497
13288
13526
9380
6657
5009
6668
13982
22199
7422
6000
1668
8609
7502
11602
1877
13107
17050
2349
21274
6860
18013
371
10000
852
14419
6058
18811
22457
15322
2077
13312
21877
849
7340
20559
10580
18661
12979
21705
15280
21085
15387
20606
21488
6145
13152
8339
22393
9921
6217
22336
17109
18895
13556
8382
17462
5262
15258
18559
10143
5923
10838
1760
8418
10705
7920
5084
6215
2409
7088
2162
391
14029
6488
10191
17474
2837
14636
3826
6337
20008
17352
1744
16876
13443
20906
1025
16601
13878
1457
4905
10870
1311
21894
19187
21255
9472
18794
19763
16660
6407
17135
17118
22371
4119
9395
10221
12468
12926
10351
18626
137
16927
14409
4203
21197
13740
17444
19789
20450
14778
21259
5545
21778
5127
9648
19966
6106
18445
9976
17910
9829
11230
6498
1532
10972
7951
5381
7874
8745
12900
1508
15115
15276
20176
7348
20325
10620
4028
13731
755
14725
12169
6376
235
3713
9353
8801
16771
17237
17006
6992
3551
21205
16799
11327
4745
11530
20848
3776
12980
2206
3960
19909
14037
18512
1164
14341
4950
18846
12019
19583
16120
6790
20854
777
340
13770
18691
15978
18889
14158
7221
1517
16576
2729
144
22132
9478
11079
5193
14726
7051
8030
1455
1133
1050
21952
17250
12020
21095
7696
17964
18377
20689
883
20600
8297
19616
7687
12542
1422
7011
1543
2879
4331
4571
22066
11451
20858
13924
19778
19314
2016
19225
10064
788
3753
5344
14711
20252
13606
4236
14139
2786
18116
3215
1484
2536
8484
17357
6074
15302
18715
7197
1705
9084
8445
19683
11219
18500
10160
4823
15107
17373
3788
6670
17727
10903
19106
718
20371
11919
2787
16377
15557
15270
12917
21410
4721
21069
20785
18597
21988
21656
19437
17261
470
10442
20121
22025
14523
7288
9302
6810
16199
1679
4222
11645
2613
18125
17913
4257
15223
13385
12455
22038
5402
18533
18099
7244
14081
9181
5306
3956
430
19393
11759
3565
826
11470
9917
13239
21669
11535
17354
14473
1732
1900
17178
14219
714
18780
9402
220
2434
12553
18034
16410
13092
5413
1246
11944
13530
17991
10447
9938
12807
14664
21674
21040
18347
20697
17731
18938
17438
19158
1948
19731
7755
14016
14486
14279
22010
11357
9726
21036
5355
4678
4831
5213
4367
10004
4697
15095
11845
8536
17202
18228
1058
3827
13754
15781
3272
6774
9011
15890
2807
11642
17897
21771
17567
9268
1182
3144
13414
17645
15501
7047
4187
3760
3794
12596
8618
6247
11097
6067
19684
4089
21125
20633
191
2784
8441
15667
544
18804
11312
450
19272
21883
4582
13926
22342
10412
12735
2036
2721
813
17774
9947
2562
20795
18077
3620
6458
12935
15584
10821
20920
5738
61
21630
13001
9439
5954
1970
6786
5607
20400
8729
1352
13236
20814
8589
5598
6229
21506
11082
16399
3427
12136
7401
16301
17451
19702
20702
14007
20685
15114
4566
20743
5844
18967
14421
2687
12056
16579
3540
2088
2000
17895
7514
12644
5562
10235
7303
189
2651
278
16045
13383
22040
12441
7483
7031
3857
19688
18836
19460
11099
17291
19962
4967
6472
9062
19790
3443
20873
17325
11955
429
6027
15167
15492
18969
10873
10544
844
13811
7156
16663
4670
105
9819
8875
78
15877
9514
5160
4150
12183
20401
1406
7369
16891
8711
8948
1927
19722
21332
6437
13413
12578
693
20118
17407
11034
7707
20477
11335
4177
1863
19366
18983
8179
3449
5406
8942
5334
15714
9581
6235
22396
2549
17036
8563
18857
9128
649
6462
20587
19781
9304
363
3997
63
12285
40
2675
8102
4405
5322
13956
21276
10859
3043
3398
5097
7168
8999
7818
18213
21169
15702
6120
4016
6828
9451
102
17312
16261
8920
4645
15631
10509
15183
14549
4713
15866
13723
6956
949
16191
207
2069
11159
9219
11189
19349
5085
20227
341
3228
17595
16346
4948
945
13809
17007
529
19464
13859
6340
1471
19782
14738
15335
2529
906
9300
5522
17919
20152
3587
15525
9109
18172
9060
8815
4106
12615
2433
4120
6680
18569
15837
18509
14123
2917
4224
5810
2520
6353
10462
4115
5312
19901
6200
18919
14703
2914
14239
16125
12973
13798
811
14570
4959
14257
4717
6636
11134
12486
17240
17181
6435
299
11303
10658
12841
13366
3005
10639
20937
18151
20877
4782
16900
16556
10027
2351
6314
10283
18157
4215
6288
12258
738
19691
1840
11100
13891
16206
19512
9949
8457
1447
14194
4681
6858
1989
2636
16280
6463
11500
13540
19708
8880
9676
14944
7415
15458
3503
16184
5
6666
7279
4233
21592
4794
19329
18235
15323
1895
15001
7974
14810
2022
14649
18386
3706
14190
13340
7097
4865
14499
6342
721
11889
18663
10219
17540
3316
6136
4477
3941
8665
11456
4923
11666
7932
20568
19486
19131
514
223
21018
4722
784
15036
20895
6856
17747
16310
20569
10450
7572
20408
4091
12757
12699
980
1514
7891
332
12097
8680
17733
19744
18681
20220
8708
15536
19971
6579
3415
12521
1207
21903
3038
21046
8545
3133
7962
3690
17899
6269
19288
4044
21039
965
6246
15616
21324
10745
17668
15424
2214
15074
2663
3439
13292
21712
13709
8980
13363
3553
17447
10562
12466
19320
7985
12275
6295
8378
10574
21140
18165
2682
15080
4062
13707
13374
17820
12277
6705
10289
4587
184
15780
11072
5197
5711
20552
13360
21250
6430
20458
8782
6050
20128
11308
4249
926
18470
16958
18881
11212
17458
5733
17857
1923
5723
17948
1086
21123
2955
607
6633
19809
2180
321
14822
13578
6218
19489
18828
7584
7404
16862
16583
15124
384
3848
4444
401
2440
18722
804
6283
20665
13123
2725
10181
3346
3558
793
12805
14901
3789
6808
19959
637
17114
20223
3353
20391
20162
8036
15068
14075
18169
16623
10168
12509
8561
20511
18805
10418
13989
11127
12624
16840
8450
20999
8821
7856
16168
8722
5123
11951
21993
16784
14284
21966
11020
4828
13130
20101
6540
552
4259
17367
1291
20762
12209
14369
14600
5245
7465
10518
4612
8199
13861
21821
10797
10722
3286
12101
872
14842
2984
11819
16068
2643
10076
2415
13978
16945
12186
21702
9273
8110
11346
13695
5858
21951
9825
8991
14984
21902
9532
12520
15670
12965
4308
10910
21402
19057
9104
7261
155
17501
21088
21975
20004
19133
4901
11028
449
22375
3137
2568
18885
21373
5049
15864
17424
2674
12993
11284
6318
20902
3784
4117
19936
21528
21680
20063
17307
8157
3518
4913
15279
5523
19124
19343
10341
280
19957
13057
296
13479
279
14841
18352
2428
15711
21304
56
11158
15332
1295
21873
2915
10275
17313
15579
11245
10323
17762
19410
14383
18954
3795
3525
594
963
3165
3241
175
8123
709
16718
12139
21186
7468
4449
15449
15689
1297
8274
15693
18853
9425
21323
348
4891
7219
2082
13800
7898
20403
13187
11148
8127
12872
17288
12898
10724
22412
16340
13553
1886
6389
11502
21582
18630
644
21910
18310
7547
10
20386
4848
11841
6807
18108
16554
10072
18958
1763
10329
10975
1268
16597
5781
4594
15432
18789
14220
729
141
16736
17311
15919
15403
17070
17132
18290
5779
10979
12920
13327
14854
6404
18502
17128
13914
3694
21298
4081
8885
20631
15606
15835
13718
7577
9082
3191
16937
2406
9247
11276
1827
12782
20741
14932
19121
15960
15758
16143
17051
17856
12009
8570
16801
20610
16222
9471
19657
221
16333
12970
15529
7105
10471
21412
9997
2543
22011
17239
12080
3135
2926
15423
8469
2765
15010
3781
14376
16402
19944
19770
6377
2830
6890
1433
20076
7539
9594
19031
15341
16008
992
17888
631
550
7952
1609
6565
6562
5005
4433
9861
21625
15269
3474
618
20232
15769
10499
12403
15007
1878
7455
19632
2961
21278
7023
18385
17275
12766
873
18079
20317
3014
21731
17371
4048
22441
15961
2999
11776
1919
12497
15676
12556
18281
4453
20567
20508
1847
22416
13038
554
5752
15235
15805
4898
18582
4894
12000
4102
22151
14751
21886
17955
4335
2166
124
18040
21462
1302
6513
9695
19510
22241
21335
4529
8681
21175
19642
1136
5851
17316
4569
11526
1528
11738
9137
8728
18360
12730
11017
19487
18817
20359
434
11611
5736
1980
11912
2371
2255
17738
1820
18739
11371
6358
8134
3978
11098
8725
1446
20628
6637
15169
2780
7126
14068
4762
5617
14669
868
6022
19012
8924
15374
9946
9831
13411
10589
7061
18887
20591
11439
8983
20824
20174
20810
12650
8267
22284
9573
15049
6629
13035
16278
13842
16022
21792
19108
10583
20849
14456
19348
9612
2715
16178
4856
7280
627
17039
9144
12508
15698
2362
10282
13865
6571
11741
1480
13976
6121
9927
22048
2482
10031
14803
17022
7923
14719
16176
49
9057
7241
1148
12648
12931
13918
8866
7354
13328
17100
18604
11237
1137
11991
3724
10937
9307
13012
2477
16262
21791
22212
12315
13074
9487
6977
15784
3879
11877
14752
14475
6311
13149
653
892
12598
5062
16536
8750
20158
7573
11270
17803
11679
15573
18590
803
13140
10735
15630
17271
4145
2216
8019
20775
948
17773
2379
867
17345
20367
20470
1203
16112
2564
932
6645
4903
1049
1280
3614
21225
6743
11414
18695
7983
16581
19295
3342
20239
7662
19575
15964
3780
18258
11815
9621
22385
7419
7880
12070
10491
19116
19204
10362
9627
12305
5295
16996
13599
10426
17932
14235
5352
15044
17606
8606
10222
10089
18557
4389
11661
19461
19405
21447
9443
10990
20607
8330
640
21736
1026
12890
21972
14289
790
15410
21303
3121
1254
12795
12210
6039
22169
17523
8344
5060
12406
20846
5369
3162
17835
20283
9633
14304
12942
13615
8108
7706
4555
11055
8910
14714
2319
18988
19305
387
13559
1600
6312
5186
12753
3056
11867
17255
19361
10269
19210
7045
13465
17786
17040
1317
20037
15511
12530
6161
16249
8304
1741
8289
5285
11773
14370
20671
10419
11011
21850
1722
8958
8914
16863
14494
7650
21454
797
14690
11960
1909
13451
21741
12211
21342
19844
1259
10370
11407
15394
11151
21254
5623
14457
18545
6347
7760
17579
21280
19396
8140
15413
5845
9849
21109
17335
5603
6723
20968
20354
3628
7095
11524
21597
1283
9156
3586
11948
213
12864
2668
8701
4415
441
15474
2439
11873
11563
13141
11900
9689
18554
7033
6223
21897
9771
7776
10180
10641
12688
13408
10563
605
21981
14262
21118
10413
21327
1975
20818
21689
8757
6043
16148
18321
17667
4289
6958
21602
2417
7473
13381
9754
15197
16305
14495
18424
17332
19703
16573
9034
12067
12311
11496
11764
22192
7859
7254
9780
11989
19364
655
7173
3335
17894
740
12263
360
19045
7545
16982
21493
7902
22274
14611
14809
19693
4983
2764
752
20449
7714
17452
18187
4526
14534
21997
14612
19938
9484
14595
7438
5399
4909
14927
282
17218
8492
19251
18678
9215
18802
4296
9992
12575
9417
21187
15408
11798
1225
18325
3852
20430
2808
10291
20977
9846
1938
5948
10174
1420
2782
870
5829
3271
7406
6731
20168
8196
8507
19312
5849
7799
12674
14264
15116
206
17588
4629
11262
18963
15984
12877
8671
3925
15011
16598
19516
15024
21870
18447
18877
10547
21453
18538
2921
7083
15690
12005
4123
1039
18874
1052
18585
6275
21861
5564
1022
17789
20467
5012
7367
17269
2001
19005
298
19083
16420
7092
22155
15228
20348
18534
1106
12270
20167
13227
13388
20940
9085
12817
4371
4438
18334
12030
14967
1843
12336
21029
16079
20898
14792
4515
21480
10651
1819
9889
2699
9148
8623
11253
176
14213
12821
9626
3695
6891
3337
21627
1667
11440
7372
16457
10874
6675
17012
5357
1802
333
21097
10780
9541
1230
17165
5986
1766
8852
1251
12117
8192
17270
15844
17249
19714
2640
8908
16926
4332
10928
8990
14749
9505
16183
19803
22143
6420
15508
16193
1456
264
699
4413
18396
372
6750
9853
6690
12300
3692
9101
17822
18375
6557
16808
8634
21043
15807
18398
2992
10702
3636
14334
5478
22369
14492
21182
11386
16180
3379
4538
18743
16522
9744
9998
6819
2327
9970
5823
10525
4213
9944
5118
21563
833
19914
1173
9225
19738
1931
16550
19786
21688
7240
3212
11053
3382
16396
20667
7071
3918
20771
17627
10393
19428
5541
9040
13944
22313
12355
20761
701
21484
4207
9175
22102
16976
19125
15823
18535
14588
5668
12504
6366
13537
8227
10984
4700
14844
22191
13323
266
20899
15373
6714
931
19886
19400
11000
13960
1442
6674
11379
14512
10508
13863
1972
14277
12622
4929
19324
15674
9343
2685
19351
19352
20412
3643
15402
15376
47
22159
3103
18292
17734
17475
14259
2532
13584
6927
9401
20190
8565
15532
14283
11902
7730
9015
20829
3843
6653
17768
5465
18602
18855
5035
19074
17338
20402
1338
19988
9262
606
21448
4199
17799
18095
8345
15892
4704
1314
14910
11223
2545
10892
11814
3957
15713
572
13560
7355
20672
12684
7060
9161
13839
8873
16588
6798
1312
18982
3419
19035
8060
3742
17826
2960
10605
4583
19929
8231
15938
17177
8785
12057
11057
22198
4854
11279
14610
18753
8429
18838
7
9874
12720
6386
15747
11362
4072
21863
9076
12671
11433
10845
9235
3173
10958
22389
11297
4230
11192
10667
7142
6768
20751
17317
22204
787
3937
5815
21806
21261
4137
6615
22168
15551
10908
4999
380
2648
19981
4753
9466
11641
21598
8116
14161
5473
17621
1620
21767
22428
14447
12546
4631
2873
11848
11728
2590
18515
1781
21348
2778
944
21603
6873
8126
10044
20461
20387
8073
16666
9668
2507
1279
2723
12603
6787
22341
12425
19669
6607
13331
7772
20635
10163
6868
14178
21658
14695
5726
21301
7040
8899
15083
6558
17577
19643
15989
9842
6124
3667
14090
20122
3090
10616
14048
3605
21057
22081
7469
18242
4979
1834
730
5082
10594
19468
863
3535
5361
5787
50
8879
533
14880
10216
18800
19608
20907
17716
17289
10905
1924
6915
21196
11430
12564
7888
11504
20424
15981
12540
6152
20374
5218
9717
9098
12875
18765
9369
22004
2868
3481
4868
13531
22460
13871
1193
9628
9404
4679
3478
21514
21286
11986
2446
15824
17848
13658
15309
7992
14096
19297
1691
15729
11609
8094
1438
1069
4914
1641
8537
9452
178
20528
6824
8097
2250
6771
974
3729
6659
7119
12781
2707
19503
4628
1833
20213
8829
8794
17775
10921
10296
5938
1393
15924
5538
3959
11932
11095
9052
3970
21481
12697
17187
8600
198
16747
467
16239
10389
21155
19425
11002
859
14131
14532
9565
22201
19513
15554
8143
6532
16134
839
10436
12104
21230
13952
20011
5370
9996
8934
8639
10656
11737
12727
6125
2359
12429
15822
9376
2485
17971
12666
2005
7921
13006
8505
10398
13125
5878
18121
225
19558
10660
3975
8325
18207
509
12262
21032
5977
20988
3981
14121
1869
239
5583
9383
16015
5392
2802
9824
12799
14231
17912
15502
11708
19390
20262
12585
7224
21659
19308
17969
12798
8220
15687
19617
8766
12430
5631
17411
15976
1718
7489
18494
392
843
16906
22455
17605
11222
3459
1934
18692
13968
9680
15038
15650
5717
20456
16568
16941
12874
4647
9377
16451
5937
15089
6422
4488
8365
10375
7342
3914
8646
11746
12948
16172
8379
9027
10942
9607
20490
18734
7296
19010
13458
5840
22153
4882
16682
11260
2881
2
18133
7672
6082
195
18741
10852
22175
4036
11448
549
16964
1575
16146
17628
1495
3984
1394
14405
15069
5713
8407
4503
14212
5401
1810
5685
3433
17694
2326
5305
3202
15025
12124
9725
21313
17827
20311
21047
20022
6754
3998
12749
7839
21548
7754
19431
10619
971
9752
13091
17162
8941
7308
7897
13362
4660
4832
18948
5188
12837
32
1096
5982
2317
3152
4345
21321
21784
5196
9391
3891
13751
16413
1404
7437
22203
12184
13929
5798
20443
15783
16064
15808
17081
12541
17278
18565
11590
3610
6354
18787
15292
6526
12237
19162
3717
22137
19958
5629
15803
1126
19309
15792
1537
9918
18191
15428
21423
4977
4037
2740
18972
10411
16290
3933
12739
4239
15478
9789
1443
16953
21645
8107
4577
10311
12968
19937
5890
18561
1411
12495
18234
10315
14826
8878
15016
4283
14991
17197
1327
17717
16796
6091
19362
19449
1749
15643
13468
12668
20055
2463
2398
15091
10571
8152
16005
886
7510
15922
21150
22408
7479
16461
16785
13139
20724
19100
8334
8987
7208
12712
10747
19435
16535
3050
16844
20732
1943
21143
13747
6901
3816
4158
7995
7442
17035
4327
203
6845
18931
9986
12532
1571
8395
13761
14644
18766
21360
4217
18473
6132
5758
19823
20604
2418
18046
10243
18905
5272
18698
18839
4431
19664
3059
10266
9706
22454
2863
7162
3409
18586
20177
12932
1945
17466
112
17302
10752
6306
21384
9818
18313
18911
12021
14931
11973
14065
17781
18260
12151
1704
18638
19905
1057
2944
11512
18537
12588
21257
17639
13440
13677
6185
4168
13610
14904
645
21265
8150
4354
14430
11110
3755
5540
2742
20688
16345
909
11682
10428
7225
10097
8595
1940
19398
2799
8098
20071
19933
6052
22172
21044
11561
21320
8478
14593
10420
4962
17208
14202
18391
4843
3218
11493
3324
3686
1358
10505
3837
2834
13220
5469
358
5656
19261
16479
10215
10643
21306
2831
18647
523
19281
19934
13888
8735
1053
17769
22196
17578
11241
12616
16708
17125
17723
14240
10069
5801
7067
21942
16734
20044
8763
18161
7426
20032
8704
1465
8183
19535
6159
14985
5259
18068
20945
10971
14309
13879
8312
7626
8951
11786
18642
12839
14265
2028
15552
15819
4241
7480
8710
432
9903
860
7498
6296
6544
11473
9697
19262
16887
21660
1658
16147
601
18265
1423
12591
19242
6477
5163
13127
18913
3999
18100
22321
6399
21054
11816
13208
22282
10247
9342
2047
5660
14638
12838
8749
8129
14577
4788
9288
11266
19111
5971
13357
11071
2625
2436
168
3532
10279
4548
14907
2464
3142
11788
16560
17227
19332
4835
5724
14476
3608
14035
16817
12256
1218
16035
14276
12239
9035
10515
20279
14903
18830
4798
6918
19417
12627
16631
14776
13637
17194
10195
11760
9382
2076
3187
20853
22247
13534
18273
20278
8282
196
6502
3668
11249
4908
2124
1436
6165
17619
15504
22382
9096
8237
4958
9733
7917
692
20115
19806
16040
14878
20014
22145
11166
7065
9729
15039
21369
2011
19453
1510
7701
21735
13582
16920
9267
11846
11916
14357
8732
14441
3456
12289
21027
7770
19061
16353
15163
17025
18505
3119
224
6740
12923
3704
6157
20212
3019
2902
14174
11339
16477
4270
2061
11381
663
13752
7063
21159
20049
12750
17315
778
13234
7434
3143
11472
4111
16156
18541
17876
6175
17808
7460
14639
4310
8470
5628
19586
12691
531
5128
9833
2911
6945
13339
20445
19321
19935
13116
4849
14521
19394
12711
22432
10058
4211
5839
5602
5010
21946
18319
6468
1189
14258
15797
18984
3774
45
16782
20949
9001
20452
930
15934
22202
7621
2767
16645
5223
10458
2931
15119
21785
2989
17905
19397
21957
13056
18882
3466
7906
16298
15718
14590
10582
2230
11984
1527
20894
14835
10372
245
10057
796
21287
17300
20546
10675
22071
17034
6704
11144
14919
781
14872
14545
15659
4928
7317
21311
19407
18762
20557
9839
15105
20059
9056
19161
7349
13854
14782
8552
9277
13094
11700
14071
17030
9561
3263
18475
3329
17557
16205
17740
850
4274
15512
20670
21437
5912
11748
17737
15271
10989
7570
6709
3182
9171
11918
15421
18641
20776
6533
11961
15955
17821
10470
14970
11003
14889
20745
11391
20718
2928
10886
18756
6278
3897
1875
3524
10333
8805
4419
10613
492
4374
17294
6169
17059
22306
3170
13232
8918
20031
8270
17252
825
11791
11221
8362
10600
1987
7528
17248
13953
6302
7816
13462
20290
6360
19208
13595
20560
17642
17038
4234
18832
16428
4778
7971
1194
1235
12703
15855
17158
16039
10914
20717
3779
7628
7446
6940
13247
6424
12400
12850
15845
16309
9462
8358
21964
512
19663
13791
6005
15144
5217
20843
1392
13060
16137
20813
15948
1234
5822
4870
21245
16390
17412
2070
20265
14871
20282
2702
520
2696
4269
2403
18094
4938
21884
5838
487
10352
12628
6640
12665
9100
4554
10681
13517
9399
801
5964
12647
15156
19735
9030
11198
16758
4212
15510
16856
3360
3807
292
20074
158
17999
12592
9023
16600
20947
11730
6707
3777
16050
5300
13664
17583
16095
4124
5183
19631
2652
19043
17778
834
8911
5176
14631
1261
16329
16070
14961
13901
15651
20231
16269
18726
4520
6785
26
5146
6400
13781
13191
7675
19069
12025
16577
17633
7194
12177
2909
4366
21031
1399
15539
11949
21565
8964
21732
11233
9967
2673
19679
14701
6261
10324
17597
877
8792
2430
13711
756
17879
18144
10427
20353
18446
21133
15860
10696
20668
7294
2737
5756
231
18383
8364
8471
20531
14917
18615
3101
7093
15055
14011
3995
13551
16031
11495
3869
19907
9248
21471
5634
8968
17759
21847
324
20153
8956
3556
10847
18300
8337
11424
7804
725
15378
5919
9981
12171
21387
6285
19894
18394
9797
16936
6080
19827
16130
17151
10467
5694
9664
14319
17003
1479
10446
6081
1506
16701
15569
15868
21756
1497
7402
8705
11344
14210
8744
12636
827
8831
126
6459
9953
20754
22017
18033
4052
12834
17631
21013
16828
19306
16992
17245
2761
21331
20599
11107
7145
12860
13680
19179
10757
1002
3618
3487
19475
12501
13619
21730
12144
6053
5832
18193
8438
9623
16263
12990
11453
12601
15017
18907
9655
19013
22297
22278
104
1742
18166
1813
6089
18735
22070
7866
6520
21655
20533
19142
20060
1019
13837
12095
14768
12685
14802
6173
2455
14874
20318
4499
10829
11797
2876
1353
318
8062
19845
14152
1678
5104
13135
11783
9556
15103
14423
19946
15034
1590
15894
9364
13632
6573
11250
2006
18368
16910
3274
10121
10396
15046
9033
3209
7597
15658
1070
20298
661
8840
21865
1381
20803
8848
4047
5129
18415
21716
11292
19411
7517
19858
12213
9193
17580
218
7957
18341
17336
19758
3693
19421
20547
17566
10528
18791
22059
19607
5293
4382
9321
13925
11380
14511
4693
5185
18102
16899
9739
10448
2089
3147
5297
20499
11880
21958
7666
4298
9649
13921
8357
12039
9796
14374
7503
13550
21777
21511
4253
9039
15221
3108
11309
1435
12109
769
3333
702
5679
6231
7311
6903
20955
22329
8730
17101
15380
10430
16619
2280
21816
10367
13165
21980
18709
9585
9639
7845
13521
22195
11979
5040
12297
13126
16511
3723
22179
15727
6046
4633
18728
8027
12399
561
18354
