701
16809
19743
21729
16895
14497
20415
11003
21120
14650
10440
19347
10379
1387
13294
4296
11332
10426
18155
9319
22171
8883
2442
15236
364
1722
8139
16869
909
16052
5458
13098
15713
18906
9294
2597
17983
12677
17392
496
17056
18427
20810
16960
19757
3070
21491
18056
2323
8257
7663
61
18966
7357
5212
8505
15531
10783
18819
8482
10241
7362
14181
16977
9603
21662
9220
212
11341
18216
5049
7735
5183
18409
18396
3735
2651
904
3973
481
14205
22124
12464
1654
14790
4502
2124
11323
9176
22265
1123
17254
2664
15839
3741
11657
8606
17726
8153
290
8669
4111
11611
22208
6357
12461
11514
17523
21955
6441
7745
21708
18512
14031
6818
19371
20276
17386
13525
18079
11507
12308
9359
961
21922
356
1783
16427
17384
15174
2596
7467
14228
15644
11149
21489
10264
17402
2112
11710
17370
6552
8049
11158
7966
6213
3606
9858
12361
9363
11719
11102
3906
20083
365
13170
19000
19128
18886
20559
8348
4499
14862
3630
18952
22329
19135
9692
9554
2114
15951
3533
19448
18744
16368
13742
750
6763
22403
19302
8585
8351
11550
6174
5448
14981
22160
20892
6045
1964
325
21224
16618
8001
5149
1269
7364
197
22110
20660
19877
19573
12408
7460
7005
17502
7165
15183
8993
9138
16972
16721
8188
2051
18349
21549
3935
17780
2434
2252
20888
19792
8216
406
12573
8327
13253
18615
10468
17833
17984
1779
15714
15986
16093
5375
10670
1193
3300
10439
3097
21339
17148
19228
22100
4003
2409
17089
7093
12500
8893
4909
20750
3073
4907
4809
12837
8700
11022
9160
21987
11809
187
14257
8168
1618
12749
12031
21254
6932
2280
1225
12831
15612
21325
2595
16106
2514
21803
14260
5518
8026
8869
15785
15634
20152
20632
20024
22316
1244
14791
18766
22162
10833
7173
4209
21214
12139
14804
1372
6926
10503
14168
11389
1078
17695
10578
5513
13796
2216
507
18729
15114
1901
14973
9164
16846
9125
2018
15362
13435
20990
20135
16017
15470
20165
6677
1827
17866
14161
21054
7540
19667
19992
1271
15742
1300
12730
4000
1404
10594
15606
13478
14948
5187
22438
17707
4225
2059
18105
754
20343
20516
7602
19870
13441
16137
13385
16291
12521
20820
17598
1620
6654
10500
3838
21663
9987
3451
9514
3963
15553
6163
4382
9759
11585
11228
2773
13003
9000
7015
710
370
1339
20481
9677
14495
11804
5636
1494
522
2229
12437
18856
6806
21211
14383
7822
8271
4357
9156
13735
10643
11424
20510
13582
13079
12252
11917
9287
10458
15403
4948
21229
293
18170
21231
9035
5037
3499
4402
1037
17340
6940
16816
19275
2455
16001
10364
7108
15594
12965
16469
15419
15223
2422
16466
1668
10995
407
17247
6189
9807
9525
13443
15976
3047
14988
7961
4786
5948
2444
15240
22056
2078
12783
8519
5307
2719
19384
20280
3160
19515
6618
12039
20617
13085
20334
983
19748
19447
12666
19990
4536
16968
21088
11273
18850
17581
18693
17264
9618
7919
8957
6160
7150
7641
13494
3252
9368
16328
897
12472
17848
18690
4275
3577
5208
10972
5622
