11529
2007
14655
2294
6884
8432
2002
3775
17095
10771
19287
9527
6132
18908
19663
20239
16579
3082
19223
6496
9127
1518
10919
10018
20715
14832
17038
6792
15125
12466
14978
21986
8920
14468
7399
7495
5331
11009
4128
22084
762
9032
15920
21305
13831
19935
3838
5885
17897
8775
20090
3347
10582
15148
19069
3983
12468
10797
10483
22073
14983
12212
7455
17803
12726
21737
4361
9536
17786
17034
2177
12730
4792
7219
20937
18900
4903
13094
7575
8130
5182
22392
18808
12136
20232
6230
7246
291
4235
21338
19560
6815
22154
15400
764
22113
5207
2335
4734
8239
5475
735
11619
18068
11462
1830
6039
5162
3537
2155
6832
14682
11507
9007
6567
6903
7673
1334
1791
4743
19091
5566
9958
13759
16564
10386
17914
10842
15183
7907
469
4075
19702
9049
4107
7707
21933
9731
9980
1807
11459
4236
12117
17115
15975
1836
18534
5634
16800
20868
20804
17219
8481
8611
3942
3999
10731
18145
10932
11544
16477
19165
4488
17416
21901
19869
5577
8556
12222
10365
1290
21200
1047
19793
13726
5714
19646
4178
9017
3640
22162
6724
19593
2710
9565
706
20237
12889
17980
18684
1676
10315
1740
21123
9347
4226
17888
13595
1899
11366
3062
5764
21497
8361
4262
364
1967
22131
20722
18047
4626
15922
18689
2312
20046
2565
20624
6323
15551
13794
17096
2023
4887
3693
4367
4115
1770
20852
1190
6172
4938
11769
9556
6988
17371
4420
11483
17823
14014
2423
20406
7135
11000
18458
17860
10440
18006
3459
1165
16050
483
7295
3641
21829
3302
10083
9134
5143
7146
12351
82
16337
20135
17177
4425
18479
6791
313
17581
17752
15059
15834
20695
63
18601
13039
11391
2289
13425
19384
3845
17600
19520
14677
8240
19605
10927
19250
8899
12711
6805
7656
21481
8140
16627
13227
2281
10914
8236
20829
3940
6440
3142
18002
16127
18318
5241
6192
3651
14870
7356
8690
19210
20817
5833
14275
12823
14895
5339
20705
18396
18393
8713
14894
15025
14291
22309
12300
20763
19795
2892
20583
21992
5627
20773
15304
9098
12900
18154
21779
15367
13314
5315
5231
19913
16763
18486
21932
1280
16644
4914
8494
203
19631
11743
10106
9119
765
9993
575
12902
1422
16774
22053
4229
8083
18456
5436
9238
20196
950
21592
10297
10926
4913
11590
5681
5149
8249
19860
9354
960
11438
14786
4166
1311
12513
6828
14237
72
17488
20859
14095
11768
6479
6949
4065
191
15541
22332
9494
12099
15316
14562
1598
21046
16457
17234
7535
9879
8910
10093
19212
11112
21165
1782
1428
10865
11922
7113
4770
11884
22029
6933
16460
21402
13358
7089
15103
14486
2508
2381
14156
17683
22042
6505
1434
9766
11777
7380
1377
13362
14135
17072
9257
13490
964
5252
19491
15691
12322
22371
19357
16197
18116
118
6432
9657
17183
4016
16811
20246
18553
6165
21920
21027
4167
14885
17032
17790
15412
4807
2744
13814
16544
19724
16410
20426
16052
10499
19295
16396
8104
3812
5636
6313
1906
7374
6694
6229
10442
1193
15582
11416
2584
8714
19374
7750
17698
18227
2403
791
22050
22381
21884
21233
3689
20244
1519
17653
21279
9833
1569
10807
4276
795
14205
3756
18541
2093
17461
2238
7997
14643
6274
4299
14390
1055
5055
3742
189
9343
13599
6404
15099
6624
8039
19632
19160
12454
8777
20793
16882
18882
19521
1049
1765
7601
2780
949
20828
21582
16495
5843
13833
9659
14383
21142
20593
14679
21443
22192
12257
17370
20234
16059
21184
10566
15649
15429
7400
21384
1799
15418
17502
13861
11837
10562
19703
14225
1012
771
14280
15186
17962
15633
20321
5793
8169
5602
21871
15738
10450
22078
9990
14192
12759
19038
11641
17620
17977
16452
17704
11252
5477
16908
2350
10458
15061
18593
15612
9060
1700
8151
8534
11219
14155
5913
15529
6615
17377
7941
18713
10090
10860
10351
2107
19242
16282
13436
3975
14335
21228
1424
8419
18885
17659
1133
16771
11036
1590
10795
5916
3236
4888
14772
17718
5995
15547
6912
9212
19454
11493
10738
4331
5139
4558
5314
10195
2252
3088
19108
3707
1682
11113
7354
8659
678
21632
11528
14176
2213
15660
11497
20042
22242
14198
6136
21712
6940
13560
12444
5512
15785
12499
8387
12905
16099
9412
22046
17682
8147
15226
14115
2822
16367
10491
22245
15101
18280
694
656
87
19398
293
19010
17856
16013
9482
11671
5318
4584
22035
8435
721
8124
19049
9806
20520
15544
11817
10095
17834
17066
1662
3843
19731
1182
9869
8199
4742
20546
8815
17641
11186
15104
62
2657
20891
17006
14039
18796
2708
7396
14549
9123
11724
2344
14822
19440
20530
9236
6256
21858
2241
6397
9908
4124
19949
11611
12029
13398
3172
4169
10072
20328
4821
7304
14827
11355
19955
6381
6574
16594
18532
21069
14657
12963
20502
12531
21043
7846
2918
11195
6945
18050
11727
18957
17069
1304
4074
10890
20317
8761
12191
16343
5119
13047
8099
921
3568
7149
16973
11838
6569
13684
4293
18086
14038
5870
10452
19322
10592
21002
15377
7393
15450
1189
13179
11725
11831
21683
20302
2713
15996
15486
1004
11520
8931
13031
20845
2664
5511
6927
13378
4069
7931
20746
16004
12529
7225
19664
14583
6282
10772
16990
17858
16767
17263
5335
3401
6529
7482
10593
6142
5066
15295
4247
21977
18666
14100
12551
13265
20983
17919
6622
11208
11467
11099
21528
7201
11324
10449
17518
10188
8936
15154
9781
5777
9163
3463
1720
18468
15560
21940
17732
20645
17116
16769
317
9795
16039
9470
2445
16422
11909
20280
642
4955
17145
18404
11746
14450
3764
1650
18792
12766
709
16418
11475
21897
21360
21993
16576
15373
16346
18771
20122
22401
13818
5161
5805
20248
14260
8751
16968
9277
8987
814
16776
8350
16196
5364
6056
17091
16529
6258
13538
1357
15998
11638
998
2921
828
20739
1776
11155
4733
19513
21442
12047
16210
12325
15586
22397
21362
7550
7188
19805
15216
21562
19202
4921
20478
8434
14024
11990
13086
2535
223
3476
21238
14053
8767
18976
4580
18839
20175
18118
12420
9192
10607
14086
18288
9378
4103
17401
22439
18682
1557
12988
16670
113
21523
13551
22301
20160
14715
2042
19133
14743
19857
2131
17485
16742
14475
3227
2913
1402
10830
1041
17210
5510
9083
15776
6547
16426
21071
12849
14949
20771
18807
20468
3178
3316
2580
15965
6036
18862
14899
17931
2167
17736
10323
16557
7784
18123
69
14328
5322
16384
5708
1022
16363
14858
19184
19798
14332
2915
21258
2753
8430
13131
9513
22093
20545
7457
5751
4056
7106
15390
17645
2568
2024
2497
8839
20679
9360
11624
6560
15598
1780
8118
11143
14610
11654
20570
2786
572
20064
1375
8704
11870
4647
1602
19538
16547
19667
20092
19044
19198
12111
11134
19428
12187
6682
13300
20223
15644
14126
2286
16474
5933
14143
11110
7030
7945
15219
17543
15517
15788
17253
6338
3
4715
22178
12443
10379
13844
249
2771
9293
3170
3398
10284
19238
10362
12445
2463
14855
17714
9037
4755
14368
10444
5730
8727
10933
14865
11554
9033
8999
244
22361
8712
2740
19967
20402
10175
19753
12160
3466
2158
7868
3635
7179
21106
4374
6225
4535
6275
21850
13078
1636
11050
4161
22115
16641
9175
10796
4753
8510
7858
5562
22111
11776
2510
4790
3835
7986
16168
13153
12114
5867
6425
9206
10201
12263
9790
3223
22006
12762
18549
20513
5054
11340
17674
13400
11808
7257
15632
19526
9492
6900
5629
4066
12500
21224
9606
22405
10091
17343
7118
8028
13518
18128
6528
20299
6888
20616
18275
9935
17321
12533
14129
20626
12003
16293
14462
22296
20676
6893
4990
15271
14807
7370
16035
9281
17845
12501
13660
11918
19994
8792
6958
1627
20553
17462
11857
11452
8138
15959
8251
13243
6550
22097
4346
3611
9912
12860
15949
1606
19568
21819
19466
9273
6823
3950
8866
19420
7053
6163
16581
12019
16861
21298
18466
21768
12691
8194
22137
17132
6320
11413
15098
7745
14037
21232
12221
15572
6922
5722
22196
7972
16898
2927
15171
21852
20658
10692
19252
11868
20438
14757
4385
8275
17228
1228
11457
13064
10844
8091
14642
5670
10953
18151
17082
18453
14705
1866
4259
22324
20841
13946
22104
3321
20202
6121
5820
20716
12887
7450
17825
3958
7351
3829
21104
21538
4186
6183
18019
1732
21108
4483
20992
21872
16348
14720
2931
22071
20398
2231
15463
12344
1294
5454
18333
478
5679
21349
8676
17768
2776
10826
13802
28
14591
213
19225
64
2317
18056
19275
14662
21436
6157
4378
14694
15745
3797
626
8662
1549
7757
7112
19139
9597
21614
20413
20068
1332
17136
20215
9420
6871
11151
10370
16038
13072
14511
1024
20240
20571
10678
8364
9783
13044
3840
12040
4497
1516
12910
10046
4334
19822
22015
10401
12013
9611
19522
19057
2632
19876
14869
5981
21176
15797
17805
13431
8308
9052
3922
2440
4989
13108
4863
16450
18014
15570
9849
15542
22330
20525
7183
13671
18538
6006
1771
1877
14998
16580
12381
2761
5471
7014
12293
15639
10744
6566
17361
5542
9906
21145
14686
6704
3913
20356
4861
17833
14576
14615
12427
17608
7781
5116
14783
8024
2922
16992
1920
3013
14384
9038
9500
269
2499
8244
16242
19677
954
1993
4470
18501
7683
8256
7095
18817
12075
5379
19094
9422
14485
7760
3357
14543
14733
15512
2578
7744
11747
2618
1818
16808
5236
18053
21321
19051
15737
4047
6304
10817
19047
7105
17
22376
11043
175
13067
8656
13173
15943
11855
10327
17407
17454
5243
12271
19751
7413
4301
13029
21246
9432
21242
15102
7587
11967
3938
1279
14953
21098
15420
10825
20477
20036
1604
562
19816
9208
17969
15841
20603
20147
7522
11856
3652
20556
7022
13762
4688
21534
12081
11236
13077
11911
3065
18372
13369
3184
19814
19083
2899
10545
18010
2541
9210
4393
14924
1703
2173
5571
6474
11673
11275
6133
18832
6850
21903
11842
9824
18189
8618
18429
15130
21568
7752
21514
19005
15177
20756
3021
8907
10828
4607
18776
7911
16734
10934
5232
20578
9480
9464
11287
1234
7074
13063
10656
6040
16091
1050
18942
4878
8745
13483
748
15048
13422
15611
3205
7920
5391
7390
18328
19639
6881
12287
12038
17492
6345
21687
1250
12616
18683
18161
12328
14891
20281
8860
20318
3869
13607
7284
7421
2380
9451
7741
3880
21887
22061
21561
636
17666
10893
3555
22094
21404
9330
22315
21109
19747
8607
21072
21773
4209
20908
7196
14310
20634
9522
12031
1248
15286
12585
13493
8978
20115
13187
6055
5214
9599
22062
3473
3030
19871
18857
21490
14493
10480
10008
10840
9329
12919
16880
21997
1295
4232
6376
21251
13976
5595
18748
10810
6845
16334
10411
21191
4021
12725
10114
22435
19328
4907
19735
9042
21336
15067
16043
879
14552
17710
20932
5729
19904
19890
370
3472
1947
5871
5188
1216
17907
15642
10347
6525
5371
8234
21050
5852
18515
6964
4377
16573
14133
8051
6868
13340
12806
12672
4000
3583
1822
21574
10335
670
13541
5713
9346
12739
9215
20926
2239
8902
18083
10528
14656
18848
14380
17893
20783
7785
10913
13651
12854
10363
14253
15153
880
15620
7925
6329
315
9405
7093
20786
3365
16762
19349
5917
4291
6901
17139
21196
16145
10873
19048
181
18132
10264
4865
21143
14478
2104
10579
9854
5416
17079
6855
4614
542
2561
1065
12463
13535
20877
20304
20853
2709
7530
19907
3260
13393
10279
3717
5343
12558
4012
20579
20825
7967
11988
7773
6735
7248
19980
3705
5293
17855
3027
8805
1186
1181
11157
19042
6699
1143
19176
3857
6695
1252
12130
3600
18079
5213
4003
22003
13262
17516
1474
15227
4319
7776
5973
11055
21181
21548
12832
16809
20439
16738
7212
14103
19915
4364
4270
11732
20774
13208
22271
10862
20847
16260
21268
6937
18012
21576
4341
5206
12820
10056
12510
97
1008
8242
6164
21400
1610
4345
3934
21454
12687
16536
10597
5587
13169
8095
502
17127
15973
21001
12393
13388
15285
11470
19499
10632
1140
12115
311
14219
17755
609
16813
22338
1617
3569
20217
22173
19280
4988
17323
5687
5771
2013
18768
15364
4752
13336
19496
9359
7739
21816
8
4109
5975
12760
13211
122
21518
7180
13202
9269
3785
9289
12554
7738
18846
8818
5345
2502
7141
10803
14747
11431
8929
16192
7299
9358
14157
21515
16900
17629
18252
19609
15394
7634
4347
20035
6016
22402
18299
13912
7562
2863
21293
2653
11620
6210
21487
8356
16322
20819
11501
541
3423
9742
7417
12166
8859
7426
4468
11235
22022
13472
438
9348
10685
14690
10394
19716
8872
385
2714
9997
15021
4528
9811
10800
20968
15432
6660
11423
20372
6429
15484
19458
16889
12692
17964
15765
9016
116
17276
1722
8835
12058
5211
16461
11887
7666
11257
10159
13553
10647
15515
11191
10972
7048
5901
16996
9866
17643
7193
21373
2531
3891
15534
6804
7813
11351
5076
5494
7871
18094
712
7569
2832
5228
2816
12999
18387
132
13467
9917
22023
12457
21162
6742
15653
14081
15137
20738
4071
4233
21230
17153
8417
877
16881
18034
10469
12967
19530
14476
19863
22432
4243
12807
3429
14501
21277
1170
6822
416
12474
17288
10833
18446
9616
10044
7584
1671
9649
7414
5276
6676
252
17812
3280
13177
105
18721
5484
14631
15134
21516
22284
5956
1849
7507
15031
17759
8906
20387
4620
2887
2207
8672
1831
17687
9770
508
214
21769
15182
2014
9252
19281
4421
5455
13615
2767
10283
11571
5530
3136
11971
7886
13642
1088
21967
16239
18927
3561
19259
5625
11233
5533
2033
17771
22445
8562
14117
11940
11318
29
13745
1480
8429
15590
21991
283
611
4138
18905
15997
18272
840
5387
16645
12972
16478
12840
17365
16330
17792
6631
21390
14970
10287
22282
21557
6112
12186
595
15499
4342
12144
20345
15018
19114
16989
991
5568
11992
17819
2401
12305
12069
22004
13533
17244
1475
16233
9976
13390
7859
14971
16980
9243
3796
21180
10569
11979
15715
15824
13698
18382
10041
1337
17473
19564
19588
8329
9229
14903
1969
6062
14994
17742
6491
16459
14466
4976
16342
2730
21051
2146
14721
6196
12217
7041
12246
14664
12871
8395
14377
14327
21892
12340
14131
4436
17398
1386
7069
6668
20607
18300
16971
21172
1592
330
3559
9260
14473
11931
19016
11408
20128
4022
14457
7820
16016
15713
19469
6719
10788
6670
18887
10420
1595
8174
14015
18780
19494
17013
16888
290
9085
7397
12036
20427
3433
12673
10132
448
17758
10388
4682
10070
9486
13459
19881
7058
14422
2665
17779
17420
2813
11934
1028
5195
846
14611
6001
5968
8639
16835
4883
4366
4583
9969
12197
17048
14518
18643
9909
9916
11841
8757
17448
7893
4268
16699
8946
88
6197
2605
3471
13707
1835
8159
4813
9463
14499
2651
6795
8591
2195
9165
9515
1980
14761
10084
1576
16430
17646
10851
14181
12792
2668
19582
5704
12327
9754
3925
279
16610
13872
7492
4668
18582
21448
7240
5960
10967
5709
7835
10238
14692
1760
12779
3728
20379
17189
21084
3304
3149
10185
22267
15466
2910
15254
4252
11668
19118
147
2808
6618
15343
10755
11209
15042
20515
12693
18020
12647
19354
22191
17202
6127
8023
19648
799
7317
8201
17994
16554
19700
10432
19251
212
8100
1406
3029
4419
12053
7282
10486
8697
17165
21954
11335
5752
8453
8268
19833
1529
700
3028
13884
18307
8254
14752
12240
1632
11895
21318
2548
17883
4162
19095
12193
17179
11703
1319
20458
13801
13261
21685
3269
3231
4114
6122
11300
15553
4562
11206
22307
15637
4858
19779
15225
8904
15319
3451
1490
4323
14287
12559
17846
21201
16464
8833
19874
18547
15270
12399
19329
10290
3544
2976
6000
10651
16975
18114
4093
803
11480
6588
12057
9583
13824
12335
3481
18071
2814
11783
16676
11421
7796
12095
18386
13330
6311
7024
16203
3044
16180
16548
17995
20361
5848
12675
21546
17585
7906
2004
685
2323
17650
17952
1810
1575
5809
11307
6078
9865
20776
7143
12784
12109
7298
6599
22426
20988
19610
10456
14072
13719
20470
17259
4711
461
16729
2482
8105
10960
20316
4781
10515
9968
16626
2058
8230
19679
6370
4744
13276
4427
15646
6892
13637
19976
11851
8548
20813
8185
2831
21282
7062
5327
21923
2374
19831
4808
8537
19361
8669
2431
17678
19119
15479
631
17057
13053
1201
5570
14560
20027
802
17053
4144
19143
21717
12385
11853
8540
10614
6987
5476
12055
5077
7772
21486
17701
12637
5875
12446
9051
19961
19842
6856
20789
22077
17037
11699
21628
4651
14628
20221
8644
13960
2675
10712
17970
1139
13604
15894
8533
3271
8090
16275
353
16966
13164
20336
9290
1707
16847
14096
19867
10317
13757
11629
13910
15696
20912
5456
2464
5307
20931
10777
20729
12645
638
2275
17404
10663
192
18703
3526
343
10627
15353
1351
5749
12150
12876
9832
11405
18017
10309
6169
268
22136
18490
2928
21229
21439
21460
760
11702
9169
820
16063
16803
16211
6914
6533
3298
1689
7523
18503
21423
18636
6318
9674
6820
14259
8058
18187
20608
10673
11053
4684
2076
1624
6608
12600
6592
15444
7156
14852
5696
10725
4239
9211
9982
5053
739
9708
1150
10505
15519
17044
15157
5261
21476
18160
20018
17895
11116
4819
12674
299
19173
7065
5197
21982
7368
15207
20091
16584
14658
18283
9744
9776
726
1487
17799
8693
7586
7154
20084
3517
3233
22319
21851
9579
16028
10941
20509
7031
5607
11390
406
1390
15149
5095
16311
22269
13055
3037
6359
14937
1541
5578
16862
15907
2417
2858
10716
18698
13720
19305
18744
21484
21144
526
1408
5148
11786
6942
12625
14378
6014
16998
16130
12768
20540
10732
19987
21924
520
2405
13857
18067
22335
14110
734
12436
4117
18739
16037
14835
4245
21598
21045
11025
6565
13343
21155
12009
1673
14976
6427
8547
20702
10739
15514
6810
12886
13702
14223
10331
5205
13292
32
1912
19740
11282
6935
1436
13121
2960
2940
18052
5648
19558
4944
20163
1916
4962
21302
18962
18286
19644
17862
12404
18223
9026
10675
20880
6485
4152
5759
6048
21928
9408
9457
430
21353
3426
9532
14158
18779
12377
2690
14382
19727
373
9897
6713
11914
16779
4396
11576
14516
15481
7607
1101
19690
16606
21663
5605
3071
4658
5185
14279
11757
1859
4388
8900
1223
345
970
7229
501
15714
17589
6125
13258
5757
11905
7582
21095
12233
20117
8186
19156
18121
6390
15138
18564
9732
14665
9975
4253
16128
17438
20271
5993
22467
8372
12083
8545
1587
21577
16257
7748
10156
4038
14599
12837
22353
2346
7572
2812
13754
7459
14809
12162
5904
5348
3327
14940
18994
12110
6300
18340
19326
17774
6350
13468
17546
9547
12986
17921
9839
3422
12183
2642
17875
8511
264
1344
18133
428
21704
41
18781
14941
20752
7054
9962
17734
12366
19993
12048
1560
20605
9367
1874
4207
7779
13054
3647
4899
3661
374
10057
5304
16635
10230
2134
21676
19734
7008
11168
13688
4662
3724
20194
20164
21749
14224
10205
532
13659
17245
11419
12683
6389
8769
11803
18831
20008
1368
10602
21209
1283
6374
3547
1843
15828
12216
13159
17090
15723
570
16688
4893
16777
8617
18253
6208
4019
2027
1829
16668
16454
3879
18141
292
21023
3300
926
14930
809
1777
18238
15614
19788
20568
169
1383
4692
2266
8880
19324
9431
16397
15232
6633
7855
16078
19241
17523
21539
18496
20367
21096
6796
6091
11379
22395
18314
8270
10950
21412
7615
6309
13610
22139
5947
21164
9807
12790
1716
16725
5083
6392
19670
17186
1986
3613
14509
629
9601
569
20429
20755
21674
18255
3884
6450
16045
20461
2853
18401
16008
15024
5287
7090
4970
11489
2059
7378
6723
5446
19014
7540
19410
3019
2170
10665
20463
10242
8647
6714
9366
1603
11784
19559
18519
696
3804
8881
2834
5592
19426
2203
18893
14258
17004
15430
2105
6360
17511
21326
10912
10076
10753
19738
4681
3752
6886
19617
10869
12140
275
6420
4495
14817
7856
20523
17817
20012
108
20087
392
9863
7684
12544
7541
8601
15026
2764
14544
9628
3407
22123
14521
7881
10032
16090
21622
1401
16823
18790
378
16351
12507
5104
7410
17801
16906
20431
7430
9819
6200
12219
2072
3445
18195
1500
2202
9749
3290
10385
6177
13683
523
20537
16617
20552
1605
11412
1109
7431
5137
5121
12770
5097
18770
8001
14163
7949
1996
15609
16177
3005
18170
17366
8490
10169
15140
1309
16924
22250
12808
20211
10407
18207
15356
10409
11138
8927
8803
2503
8614
17359
15107
3105
1461
13134
14088
289
7536
166
7140
2049
2166
13550
16333
17761
17088
5340
17531
8073
4484
4801
3738
12313
10768
21177
14116
14745
16652
3989
9899
21434
17540
18627
5441
6752
446
6058
4884
14032
6267
16587
7682
1457
21759
6514
5703
17083
13050
19545
19272
11127
19503
1640
9496
11782
2571
5584
14530
6874
11707
5737
306
20315
136
19878
3479
20967
11160
2855
1207
11078
21163
8686
234
215
18600
9433
11
13882
1522
2214
2759
5399
10708
11582
17745
19606
2390
2983
13008
21039
17556
19774
7621
5953
13547
8871
4804
11560
9920
4414
10404
13170
13137
13132
9712
15317
11637
6776
9078
11411
16783
8770
18916
21551
12961
7213
9762
4832
14344
21758
10792
14965
12037
7834
12413
10487
13728
15150
14862
17689
7344
10604
16184
11180
6438
13323
11082
21186
18233
20054
6635
9068
11218
4164
8875
8454
13291
918
21771
20878
13469
6342
1076
10413
13929
11832
21216
12578
12880
9889
20522
12973
21280
21465
7439
14616
1419
20978
8643
12858
4322
12142
18690
959
1708
20267
13562
2614
16015
5770
13748
3897
12786
12780
3837
15215
3147
19866
7123
253
13657
11653
15385
19498
22019
7136
11032
21708
2460
537
10147
2964
21846
6409
8956
16101
13245
15308
17317
305
20137
20034
8622
20412
21658
7436
1510
14977
9132
17239
7005
7830
9402
15311
15050
13365
20063
6113
3739
16359
6141
8728
6975
10621
18814
9030
18584
17583
5851
7446
22403
3362
13491
9188
21966
2972
20075
5136
12650
15011
3642
16995
12782
18528
13548
15752
13716
20078
9519
16488
12773
5663
18309
18210
12214
18922
16793
1075
16344
5839
12664
13652
8584
19509
13843
4433
5414
7237
20735
18219
18648
5200
5221
8781
5111
10898
2402
20711
365
18304
1699
17423
482
15081
10746
8167
6019
22302
6123
21620
12772
1380
8649
17410
15242
16666
14206
12698
15731
15658
7716
12066
7073
5160
8442
7289
22287
9635
21049
9133
17993
3505
4306
8985
1692
2973
9680
11658
403
10529
12624
12593
19836
9193
5831
18762
11919
14947
12086
8288
19351
60
19261
18016
9733
16988
8849
2399
19770
15815
6840
5337
8164
6358
4520
15477
15902
1288
9633
6640
12085
14523
3026
10659
17460
11465
13464
10839
1909
12039
13825
19206
11485
1997
11754
17633
1146
22415
4941
11346
659
9013
11986
19412
12634
4309
1840
2338
8823
14145
14836
18126
2674
907
1641
9448
7394
13811
8943
17619
13352
14590
11153
5179
18278
17433
11228
11424
22007
17077
1447
10415
4356
12041
10113
20815
7828
6781
5945
2342
6753
17137
3489
13665
19572
15600
20263
10680
1429
17252
21791
6653
1742
6244
6573
20167
5907
12456
5061
6604
14928
2763
3636
7055
8827
20732
9259
20606
9045
12658
2290
4057
1036
21559
10620
11466
8699
13819
1580
2672
8692
2354
2625
17236
1081
12434
18712
12639
20131
15924
6962
22083
13896
12027
9205
3834
1105
16843
18108
12755
20313
9639
20331
18742
7557
19422
12884
2249
4772
12416
11900
20108
7754
20699
1503
19886
14962
19909
20942
18323
6952
637
19595
11961
7659
7499
7936
14247
7274
4428
2555
5814
14309
16112
20991
20876
3240
2362
6824
8238
17411
8337
14992
14218
16625
2999
15447
2621
11187
20622
1152
20309
19704
14837
95
3778
155
21420
3615
16209
6851
6849
7165
1721
3522
10003
10988
21459
18998
5786
6829
10069
13303
10265
3197
7590
19567
15601
594
11018
3372
17958
14974
10227
21053
5156
3084
14580
1851
18090
13237
5908
78
444
913
15573
4458
5874
22144
9466
7003
9994
5540
10220
371
8237
19824
21158
19958
14113
4267
8678
18585
2387
510
15261
14526
15700
20272
18488
15890
19489
19352
1937
20510
1421
544
8821
17935
21205
7897
4724
7303
14872
20308
12432
5517
12462
7152
5999
19189
4108
11077
8382
12118
12236
17530
12281
7620
815
19864
7488
10194
14063
729
13405
20195
16193
9769
3052
14102
3870
18262
13629
8281
1
8976
8739
5942
5283
6298
15204
675
2149
11418
22257
14577
19052
10131
8327
20158
17749
351
7195
3963
19081
7593
8687
16255
4382
3903
19656
13522
17070
2301
13293
15991
20138
7473
22211
11553
5250
7648
6986
15448
1108
3493
17396
8681
15471
16781
3957
9918
14700
10887
17315
1691
6437
17723
7902
9552
8324
895
20902
957
5812
15341
1013
13806
12982
3448
9204
7440
5613
7829
21669
6655
10437
18630
7498
8588
1016
16502
10637
12149
11398
15583
8620
1111
21290
2184
15022
325
10616
18574
12903
16732
8808
12934
12213
3440
17362
5065
1535
9573
20060
11913
13558
21715
10922
19592
21107
4862
5582
7049
17157
15744
3694
17426
20425
5491
18522
14714
1239
2685
21527
14559
3112
22274
22264
21210
589
5488
10253
15631
13918
1652
1841
17334
20022
14588
9516
3964
1764
11453
10478
6084
21116
1492
9315
12904
6813
12882
15115
18357
16040
12503
10181
4410
22246
1531
18082
3883
11372
15443
12778
11268
12864
5370
18953
15719
12190
2181
10267
17807
8379
13089
21545
18497
3850
17468
12897
17190
6146
18991
17277
13379
3973
12541
21029
17047
20132
8942
18536
8619
22370
6632
20452
17381
730
3266
4619
6701
18647
7939
8717
14890
6156
1823
3307
20808
17975
10099
20785
1466
14519
14316
5012
13953
20993
3272
19523
7867
6524
942
15906
13461
11827
19501
5830
14606
4544
9266
1347
1113
2937
616
16486
1470
10080
8204
12878
10629
3532
19213
3002
10011
19844
6907
4904
9325
14926
6189
9183
5626
5799
10676
5505
20784
7004
20759
3256
4044
7642
14256
2386
395
11535
11076
559
17217
19801
10016
18214
7349
2372
18182
10281
1039
8865
5635
8462
20172
19064
22420
11399
11522
18873
6582
7999
2129
13880
2775
2545
3575
16546
17636
53
13849
6571
12722
1370
2018
11858
16585
14826
19750
12699
7702
5797
19292
17941
439
19062
6643
9829
21510
11297
3645
7235
20613
5272
10481
1130
8729
22305
702
3802
12131
9202
1995
21182
4581
9706
6379
5192
18651
14901
9671
15603
10163
4548
10889
11524
15972
4314
3713
16929
19039
14257
20754
452
17677
1124
12700
15315
12785
20213
13769
5878
2585
4123
5342
15269
20844
8314
4577
12272
17030
396
1971
15625
15869
17938
19073
7614
18543
11426
17607
15035
19033
12898
16472
18749
7006
9531
10282
16485
6498
5405
2448
3956
2189
17538
1506
22058
8670
10808
12167
22227
777
3882
162
17498
12249
15944
3133
9951
3993
11974
4714
19937
22041
15468
5835
20995
22017
5049
6231
18609
10301
21159
8602
21419
17195
11425
20421
9644
13717
7708
18964
8921
11643
13645
7598
16206
10574
3637
4182
22277
18065
19180
10000
14481
9835
7280
361
13613
10310
7066
5144
3650
10978
10372
17599
1850
13218
891
9435
14251
6372
16846
15474
2039
660
16017
13327
15669
11330
15030
19589
12923
20919
663
6503
20677
15735
16096
13839
12788
15266
15251
16607
7287
2682
10306
4929
21541
15552
13628
7332
8964
6129
12548
12703
20180
7208
11815
9462
19115
8594
4908
4817
18087
14397
14931
3204
15417
17616
11812
11722
17122
16047
1023
387
13667
1523
17507
3773
3619
2592
18385
6293
5227
20487
3207
17557
15846
1946
7322
187
459
11592
6241
6251
10141
20838
2745
16062
10451
12297
16399
14672
18567
16578
15470
19781
19310
10343
19708
8623
2103
1828
14370
19873
12592
22156
5034
2363
3871
2367
8621
6589
16023
9429
6052
14343
7469
4872
21079
18948
10882
2038
16653
13480
9961
2232
18331
15558
6484
21398
13525
1058
5462
1266
8420
8868
1443
3676
16019
5872
2807
13
17395
17724
4719
22411
8916
1964
21035
15181
944
14340
4519
1089
7508
12575
15338
11250
19031
15213
4473
16717
19473
15196
2712
14876
12424
3371
17917
14990
9798
8975
17380
14402
19839
13750
7462
7076
9224
3237
13888
4280
3144
6757
5030
22060
16290
11589
5344
11666
13556
11305
7100
54
14408
17733
9114
16313
13295
14480
20618
8565
18260
20165
195
15804
14414
1077
1925
17432
11144
20144
5778
10523
9097
19273
17705
11068
13994
19552
7038
9244
18281
1802
11105
2388
15935
2157
19764
22127
16463
15224
13489
647
3435
4882
16733
11543
3605
722
21886
3970
14791
9986
2731
9596
17773
10886
593
13331
11200
2168
20142
13783
17156
5807
3886
18783
11745
21805
7238
7724
21530
7252
20049
17725
16497
12224
19574
8632
21902
1494
14929
10247
21111
2437
15248
16814
6104
18973
20826
16680
17937
18910
11356
19919
14886
7914
15100
12975
1978
14008
5813
20529
20506
6709
19858
15231
9716
8163
22122
13537
14654
12874
21554
2902
3769
10050
20378
2434
8680
13708
5765
12671
16455
8862
9591
2732
2259
16417
12154
9227
19336
4874
3604
13508
5417
10536
14898
9057
8355
3482
19487
14381
9942
7649
14653
18612
14248
114
14233
1779
9053
12583
16796
19505
22317
16024
4
4945
19540
13052
16602
38
9725
3810
19476
6060
4184
8296
5565
5785
8568
2273
22215
13978
12171
190
7371
22430
7075
9228
21511
8257
10524
18706
16106
6355
14859
6074
14023
3159
2809
17899
13486
9001
13574
5472
8315
4766
20052
4741
7168
18775
10905
18075
4477
11278
8157
17772
8386
6463
68
3711
2932
46
21844
16117
15334
4615
375
6698
6373
15046
16874
21341
20454
3937
16510
12067
10878
7917
20625
2599
9147
18296
176
10553
13993
13899
9156
17719
10186
1553
12701
6995
17867
11031
13332
12933
16984
13351
6449
10760
243
20659
13368
7700
9913
21623
276
9580
5437
5369
12354
11369
8958
67
5393
14691
3794
5263
13940
10462
13122
22037
13308
17916
1366
11093
20701
2208
7782
15039
14264
3594
13084
515
13539
1284
1003
1550
341
10212
20169
10784
18100
14417
20020
4542
6843
15410
6899
830
2019
16216
11793
13224
2958
11125
17425
15687
12913
17368
5020
10326
15934
21946
9010
15359
14675
22342
5187
12124
14371
12642
22441
2040
5516
358
2747
20323
938
5474
15155
16892
20127
21755
20691
22310
17693
6340
11308
13773
11460
18597
15402
4843
3582
7983
11440
1121
12815
21555
4281
3049
12336
7497
4010
4987
17936
13591
7018
5412
13498
6939
12442
7650
3063
19075
4211
17475
19306
18325
10399
13771
1643
6012
20374
17647
20106
21810
19959
12465
13484
12470
16368
2406
12252
19887
10763
18134
1539
13413
2757
20385
9512
7311
4870
21950
19188
18263
10142
15621
12610
16590
4266
1702
20501
9278
17533
12182
9455
5222
1999
12917
9546
1568
905
1584
13712
9808
18218
21631
14404
11387
12987
10527
22273
12710
5686
6181
11320
3180
17804
9279
18753
10260
22388
15086
2577
19331
3729
6490
17720
11765
3199
5178
12536
15344
18914
1965
21599
22337
1954
81
7220
14839
16395
20113
11071
15092
14756
18880
11665
20862
756
16698
19754
10762
21089
6931
17811
19483
304
8354
7698
5235
13020
4978
320
10636
3527
21753
5110
19167
15640
15833
11949
19517
2891
16214
7474
19220
13420
1164
2379
16518
4457
11708
14566
1532
8318
17651
5248
4573
3608
7573
21949
7001
1864
14973
45
1253
1785
7224
21814
5823
16153
4947
14546
4371
843
6918
15500
6967
20981
3865
4605
16382
3022
10304
206
987
3563
17784
5174
14284
6690
19080
22134
7513
18244
15867
22198
15577
11970
8015
20858
4408
20347
2715
1060
7726
18724
15362
17904
12834
13092
13859
860
5600
1834
13695
2135
5955
12519
2025
7109
17188
6913
21438
302
6047
17105
13673
7454
10368
505
2725
19838
22261
7774
22393
2152
8195
16514
14250
13863
8376
3622
17419
3155
21504
4994
11386
21194
8691
15645
20405
10671
297
2491
6419
21052
16236
309
20086
18137
7803
20941
17242
9416
10034
811
16303
11877
4409
17640
7837
1748
10496
17939
16373
14085
13344
20898
16552
16545
12965
14160
3494
10178
1658
3573
17081
13216
22091
16608
20260
17672
1981
14989
16963
19602
3497
8365
5826
687
2961
495
14452
15045
20573
17796
2280
6877
1862
19233
6985
22079
11915
16406
2282
7234
12274
20772
7377
1200
3819
4543
21822
10471
16195
5580
8564
3726
11175
813
1236
14592
7763
738
931
7944
6152
20997
4950
15832
21595
4224
6666
13157
17494
1166
3936
11102
19065
15783
21693
6891
19079
1968
8152
2613
8433
15970
6556
15265
4084
10639
2975
12256
21416
8106
14796
7230
4977
13785
17094
11404
21451
4503
8807
8838
7422
8464
9520
8180
17727
790
18470
18305
20591
4588
7347
18462
6283
2298
9181
17238
19215
17272
1488
9888
2537
5118
12001
11017
12485
9971
4004
12590
14767
18752
13670
15766
12156
5090
10831
6089
13901
1178
18222
18428
3535
12273
11013
5780
2830
18177
10775
12065
1694
9621
17737
9081
2439
22158
1093
7478
662
11207
5274
14222
20288
14477
20224
11586
6464
18240
1174
19733
7654
2882
12087
5761
2751
7643
10251
5844
3533
20718
9471
1072
20395
8342
15282
4571
11140
10061
17536
11249
9426
9743
21462
13334
12487
1936
15393
5628
18701
17477
17777
13474
1270
3610
1011
16679
18332
9646
9084
21256
17605
3902
17399
20569
7640
9035
10324
21798
3252
16221
5762
2409
11274
9985
4315
19110
19563
16146
9350
18483
10101
5028
19561
12695
3322
21673
15688
8550
15606
12526
13460
6395
1338
16432
21063
12232
2698
19910
2729
10045
13565
3010
16149
15807
21730
14030
12771
17194
6879
10747
17421
1505
3899
1135
10841
19066
7321
15960
21173
6626
7217
13582
13006
21994
19128
12356
10609
19359
10846
21987
8411
10874
6621
5103
6268
1949
6518
17750
12056
6638
22384
3441
15594
15905
915
14252
19209
2943
21344
17541
16097
9261
7677
2676
10766
20247
1328
18782
4129
10595
6710
12155
14805
9607
1538
19681
5496
15941
7308
5673
18499
3123
6946
12226
14554
13239
19601
15112
16894
12640
4722
5969
12330
22103
15199
4471
2591
17121
21331
3163
7336
20615
22088
1002
19819
19607
1083
9009
7807
10761
5237
12244
6746
19859
12440
10861
14563
18919
6794
6448
21953
2978
7812
20950
10613
16877
3920
4569
10802
6751
3781
13776
5461
1299
1792
10105
5268
17142
3941
12429
6426
13370
2908
5649
12869
16780
14245
17722
12606
3943
16621
9864
20011
6335
2861
8011
18277
10424
10180
15428
10381
20872
3581
21698
5366
2681
12971
21310
10907
7866
13755
399
7790
7970
13966
556
10338
7989
13481
3222
10454
19034
22316
1221
20004
8749
22360
11030
20955
20714
1010
9423
2198
9600
992
14491
884
8517
12852
5758
8049
15352
11828
3783
19934
17798
22457
468
16899
7382
19028
9362
1094
12888
9787
21763
17403
10020
8416
8158
19394
8131
2295
13018
19316
15415
20204
20775
3376
7792
12489
13581
2147
9454
13003
10605
5038
18072
10697
13829
18586
3253
20448
16516
4967
4618
13729
14536
11089
5553
4304
13600
1736
21873
2965
14054
21864
12074
6301
3598
7815
22027
22355
20989
6895
18242
10085
7602
2604
18366
12147
3732
5656
15901
3224
18840
13174
12629
6317
14917
19728
22394
4099
2656
21536
5865
12918
4901
6973
8706
10672
15452
4147
19155
15017
19635
15360
20360
19629
21757
19017
3697
22442
10701
11220
22159
14136
14771
19484
12542
18157
14866
2954
12968
1793
10888
7283
17853
8134
10493
14419
21762
19228
8952
6747
20206
16277
21
870
229
13924
15494
11097
6070
182
3262
4285
21470
3305
21919
6591
12915
14629
14781
13424
11276
11595
11738
2449
3419
4312
2945
19826
21927
8519
486
3949
21169
8948
3474
31
3597
9548
2906
17400
4985
10806
18000
9509
4357
19510
8418
19100
15
8068
20210
2654
8465
16207
20159
1974
3874
18040
10289
11759
4423
21952
18143
15051
250
1582
22185
717
9336
5642
8381
2504
3664
17828
22190
8776
1675
11615
1879
10721
7227
1381
7369
14688
4063
1325
21187
3274
210
3385
3992
18923
11751
18513
7676
12290
16227
1820
443
1733
5977
2647
1957
8384
14912
3596
3580
15884
848
8973
12949
8451
11663
18740
10027
13383
8132
18692
9321
19088
11491
15562
8637
8502
2394
3918
13264
5356
19267
9789
1227
17346
11056
196
4248
18241
14698
12260
20927
20233
21996
18531
13611
14261
8558
16572
11212
15407
12872
14572
130
9574
16499
6603
6421
16327
3816
12073
1420
22450
13737
15507
20848
6705
20053
1061
17270
19556
5256
18185
13279
7268
7362
2959
15005
1960
14423
901
17756
7693
2916
3014
12907
9040
16539
20129
1661
19089
15210
12250
2866
17391
3520
10222
10694
11409
16890
8753
653
17973
14313
9214
18799
2802
3685
22204
15626
10136
10355
12636
11616
14915
13644
21818
12764
18877
22171
4029
4895
20907
11687
2484
17891
1882
12646
817
11319
6098
2727
21319
15387
1656
4002
7511
12706
16964
9386
9885
16199
12697
4738
17767
6009
19418
3129
14874
12512
3998
10419
17130
922
19643
7892
16225
3292
3828
18575
9019
8941
13403
18861
3656
7437
19803
18945
21453
6936
4159
10098
20123
5141
12908
7709
13102
21272
18077
20792
15823
10274
21821
14851
13079
19468
15217
15077
15671
14873
9271
3387
13105
18303
6924
9077
5427
12534
13705
3319
19376
13285
3898
4910
552
21082
271
14034
6352
16084
2008
6728
11608
9566
2722
5724
5802
14317
5538
9933
14112
8290
4902
2851
793
18190
17273
21969
20362
11696
4949
17944
6904
20145
16254
20261
16297
21670
8797
5191
2589
17699
17795
2496
12209
21227
13482
13176
8847
19698
5850
6179
2124
18064
10275
9005
17740
9312
8544
18656
13925
15288
20724
13573
16818
16083
10945
16810
18158
21840
17877
7019
10540
14982
6203
2778
3394
14391
11482
18789
16012
6436
14012
11201
20417
21908
5032
3861
12168
17695
20453
2590
7526
5312
3578
1079
576
5258
12769
18007
1246
6586
6090
3831
14220
8903
9476
9322
6384
8206
10214
20408
1798
2452
10228
20854
15056
21059
17794
1242
106
15966
6494
6220
12793
7555
11294
7
14111
8981
12525
2178
9421
13033
13024
698
8505
21875
5985
14735
12409
7145
1409
20359
12133
17820
18568
4694
20641
6188
20887
21160
2643
6759
13529
15493
4230
9822
10894
1881
19749
22085
9817
5470
15648
19307
3744
16466
16079
15178
9088
9654
12555
13571
18830
7328
15037
1620
9063
21178
4982
1973
6739
13235
479
15784
14148
17932
14330
20249
16736
17981
21048
22347
20488
10866
8345
5123
18669
8235
20681
13076
12945
18237
13075
11525
5883
11862
12990
16784
6207
9263
4300
7579
15563
19683
6110
14640
10005
9066
6827
16678
7458
11446
16165
18320
4595
15072
13380
1896
586
7261
310
21973
366
15506
2133
10062
16094
15957
16955
8184
4806
13057
18349
18353
10533
20943
21359
17358
4636
704
12723
15075
1405
974
9305
21471
15524
1392
11547
20190
11362
20801
2328
21956
6852
13465
12035
2349
14121
18654
21911
18759
19905
17338
8063
20481
8220
12107
15237
20885
19175
6075
4373
13156
20910
11601
10896
3606
2818
19802
5204
18992
7863
17865
8811
21219
17934
11551
16433
222
11122
10173
21328
4326
4398
15010
11215
2648
17445
9944
6396
18616
19144
7503
21370
7651
4188
1378
13246
9903
6915
16913
17648
5428
7953
2318
18464
623
11753
8802
3486
120
3331
9697
20191
5669
15372
7310
9695
21788
10935
11478
20005
7981
6364
16589
19460
22425
16415
13135
218
9941
16511
8425
13286
546
11090
4060
4699
17928
14105
19990
17652
20289
17903
7419
5691
6242
3191
342
19794
16493
19193
8945
7472
20155
18602
332
20979
9590
16124
16972
5997
11942
9303
22183
2785
12072
10455
5739
21731
19948
7564
3959
15604
5395
5715
6344
4876
21571
13062
4597
19181
20824
123
21689
11964
13133
12298
5060
20329
6190
19627
4073
1286
14816
18615
14726
15938
19829
9915
14502
10961
16147
20093
11062
5638
7937
11820
19218
16750
22308
16568
16618
5585
1318
12361
12805
8177
13100
5027
12995
21449
2500
14696
20713
2263
2562
8573
2950
15767
2711
22009
13209
14724
9779
17296
713
7690
6191
4750
13713
15212
17290
8189
20492
8894
14785
3644
151
4568
7842
985
19159
7239
17305
4648
18633
15198
11048
3454
4963
22026
2229
1353
12386
20265
12276
15318
18718
4121
2644
2979
9226
9484
19436
10658
5922
20895
3579
8413
10015
5063
8145
21666
8861
15427
2277
3009
15799
1581
972
11912
14760
6214
4344
18619
4439
10092
1441
19825
2411
11835
11334
22220
21110
13731
11296
5991
2378
22259
1838
3338
5698
17009
21276
14944
15602
11694
7081
8470
4854
18687
17031
14969
6
3332
21067
22226
17673
8515
20031
12259
6459
16358
19928
20528
20464
3310
21718
1410
15819
11648
2326
4072
10730
13584
1626
6328
4349
18971
5147
20690
19903
4916
8463
21645
5534
1644
661
12969
6217
1142
11410
9793
6492
15652
7086
16465
13864
21587
21083
17639
8483
18622
8161
18324
13478
4628
22334
21118
18965
17059
8175
1240
6788
13241
4446
18410
16394
4698
1158
8215
21839
9056
7870
8310
13477
20212
4981
3776
6176
15383
5859
9138
18172
6848
18580
4995
7129
15978
20444
6406
2566
20282
13141
17930
21253
21113
15073
6974
11833
9711
7665
6689
17575
18750
1102
8212
11166
8668
2895
10936
3700
14202
9242
17373
16567
20837
15850
8048
6326
19931
16623
3881
12527
3754
15862
4298
9595
17635
18673
4953
21637
15875
1741
19035
5898
3649
21097
14985
4005
13658
8168
10511
10153
8852
1783
12894
12033
4325
12015
16669
676
18904
22194
14730
16582
17587
1619
5226
19946
5864
15303
10477
15263
5033
8370
3050
11546
13080
13593
3337
9689
4370
393
17580
13401
4837
9715
18727
4829
21543
3807
22423
15007
3760
6764
15413
766
1958
18960
5402
10145
20798
20110
17339
11657
11587
12141
19722
19921
14706
4529
20706
2089
856
22172
5193
4027
3730
1483
19482
14062
5647
3541
20462
10667
16321
13792
2683
5052
7971
1559
20258
4654
14272
13752
18097
14300
11011
4700
21646
3295
16592
20266
10617
3626
19628
8304
19187
14765
7176
8071
12643
21218
12813
20940
8484
20278
22167
8708
17065
20178
11685
12011
17026
15587
3379
13807
2934
6410
10273
628
13747
19023
20494
5755
9637
11345
15345
2519
16663
15596
19121
12562
17830
5262
7465
8848
14908
12796
21139
14504
9041
8148
1781
17158
21766
14239
11766
16593
16095
3820
17336
17597
21494
22345
837
14790
999
11561
17753
17782
14763
8330
19146
7759
14179
16526
4671
1746
13721
8843
783
12196
20777
17754
16703
5608
22076
3444
7151
1145
12333
17306
5588
1175
18084
20521
3868
18201
8826
18765
13943
93
20019
4177
17198
4174
4362
10291
1040
7596
19979
12498
7249
4271
11016
5548
17483
18508
8673
16284
20216
15808
12163
9576
3420
17350
2462
8388
15946
3921
8498
17625
3648
13647
8044
255
1192
14281
14446
12998
13015
2084
13127
9397
10183
16675
9428
10102
1504
4397
9449
19830
16520
1185
5341
20314
3609
12824
21951
13306
14483
19985
3326
4697
4151
17813
4194
14854
19204
13561
9561
15437
1438
19705
16605
7463
10551
5354
19340
9510
7984
3154
6778
10787
16181
285
167
6673
1481
8093
10648
8898
7232
12177
4465
8478
8997
15535
5594
1180
13756
11198
15759
3212
19321
1331
10571
19368
16535
8286
14660
8077
2552
3217
22451
10778
18895
20445
6807
12447
3813
20460
3536
14779
12895
15008
22389
6460
11968
7979
17147
10033
9505
9095
3809
14333
17890
14241
7290
1985
6681
903
8766
19713
8531
1261
12084
8276
3483
1349
2425
21616
8895
1499
5138
21342
11604
7157
5618
5388
14195
5581
1249
16505
16169
19583
19050
5154
7789
14118
17942
13144
6766
962
20286
16453
20079
932
3415
3403
4840
6534
3969
2800
3620
22222
16951
2488
17413
3443
3672
12189
15375
10812
3156
9002
17527
1465
5591
9144
20636
894
7122
16770
11950
17902
16672
15398
16449
16761
15434
3023
13151
21922
11279
9485
965
8525
6211
2579
20098
3678
22208
12388
1454
9934
21031
2844
7809
7210
8514
3177
17320
5838
3234
22118
18598
15122
21346
17802
2310
6612
3210
11448
10843
7660
12581
836
7559
21167
21947
17662
6128
17604
9685
10268
2985
12648
3194
1340
20544
17389
5923
2353
4273
8119
14299
13725
13517
1628
10654
3768
19008
21485
16053
21134
945
13617
8214
12350
6480
3755
15202
14051
10966
6238
2718
4295
6511
8466
14005
17594
3138
7765
892
12776
11567
5
21738
8641
17452
13188
11681
8971
21610
9503
1260
5644
8609
6716
1744
7908
22202
18937
21566
13921
10948
11146
19882
5285
22039
7747
20629
6161
19544
18984
5655
16072
15070
16307
2432
16007
18337
601
21655
17859
418
6042
14098
10360
8277
1292
21517
7442
1232
12005
11994
7192
6584
14166
9152
104
16148
8243
6046
11690
10137
19531
5234
488
9895
14787
3932
20637
7428
13017
7894
15990
21703
19767
9355
18603
10819
9301
15472
13848
3669
18292
21720
16353
4864
20
5519
15382
19971
11291
4856
2939
18356
12061
6030
2421
19448
883
3284
9221
4284
3766
11701
4726
17310
19093
6925
20733
19302
10847
6035
20130
16309
10899
12024
20761
2707
12092
12280
1356
5199
2066
13049
10393
