3110
742
2041
15754
17049
21828
17197
8595
7077
19339
17879
6280
7200
18785
6447
19634
6334
2143
20609
4922
180
11028
11248
19278
21912
6435
10337
17340
14793
16144
13577
4215
996
12797
17260
5424
15218
4754
17280
12970
20565
13867
11744
13412
12181
21057
18346
16782
6415
18018
8539
4214
4845
11137
20333
17544
20982
18139
3822
3552
18344
17447
11495
433
674
8449
12098
14388
13798
13559
7977
4389
17027
2530
16065
17028
3247
13521
13027
13866
10369
19434
14323
13355
21489
14294
4098
18520
11370
14440
2671
19152
18659
4835
14570
10224
3367
15310
19524
8780
11929
15300
3285
4709
7042
3508
10334
5306
14911
4386
21148
9189
12235
2325
13346
14357
16372
1544
13964
18638
18081
15408
1442
566
2871
936
6860
6213
1256
8538
12619
7786
14746
15810
725
5563
21879
14433
6431
8570
17405
15233
19317
15764
21235
9999
11728
7131
15617
6295
17576
9948
3663
21531
3265
10504
6509
19849
12681
5944
18715
4851
20006
7153
18506
6938
12959
2824
6337
19579
6178
4677
19765
15979
8225
2799
17624
15769
17486
257
16336
19797
20214
14460
17149
16179
6327
3279
10516
19169
17451
13001
11052
14815
3824
51
14900
20604
16791
9996
1476
9020
9936
10187
20228
13822
6324
10567
6260
21221
15244
6286
328
20189
10048
14604
9106
15518
16135
13679
5990
20547
13254
12043
16288
15307
21371
19500
17307
2228
6953
21040
18078
7865
15273
19575
5900
9364
14339
6341
21633
10555
13032
17169
6029
1268
14265
11227
2691
16431
9121
3122
1092
21748
14587
20000
19539
17283
12679
21133
307
16204
138
15280
16320
1976
4195
19334
13851
21804
19942
7448
6543
7674
14993
15651
13649
8685
8460
14348
16705
13557
15910
6780
8812
16735
21192
16985
21245
4818
21376
18473
5181
20890
15488
4532
11584
10794
3692
14943
11484
11531
21248
3477
20188
5113
958
4691
6809
11706
6278
16442
15751
4127
2626
6990
8347
2560
3095
20226
1238
18723
2185
9255
4867
11892
14558
4706
17316
22408
8654
2422
16002
20750
1854
1501
2755
18105
3629
1551
22033
3165
14551
10987
15495
19597
19407
17881
15963
11799
13992
11977
12299
5014
19253
12944
15847
12506
2047
22174
1403
8679
4078
3462
16727
1718
13809
15032
5368
12358
14825
5355
7519
18001
21867
17364
13136
15230
18836
4384
9036
6684
10984
10087
9157
6472
5011
7276
5177
21529
19533
6932
11063
20275
6674
1382
16420
2320
7051
13823
19191
4387
15727
13112
3117
19711
12269
19808
9931
20174
6897
19345
18611
10010
12511
1496
10908
13949
21473
22145
16718
18537
16721
12407
7626
14274
582
18810
13919
11517
11487
11316
4112
4959
13575
21743
19729
3011
18829
6312
13196
16647
11367
17837
5645
8000
18854
3330
9834
9551
17950
20875
8457
15485
22089
3364
13311
22221
5365
11660
3621
1367
20535
21281
18153
18671
13914
3121
18315
15264
20580
10535
11618
6195
18980
14800
10723
550
18800
2172
16308
8346
10490
16166
2182
10225
5962
10438
10126
18058
17005
8598
16376
19495
19763
17961
2393
12528
4020
14792
19968
15162
15987
11286
11389
21565
6362
19022
6443
5278
6854
20803
7309
17948
22440
11860
19030
7186
4286
14217
7930
2444
21681
18125
1737
17707
8889
5009
9324
14933
6434
19234
12389
19691
18729
2083
18867
16014
18702
21776
19437
4624
11008
4228
12394
1352
14626
4679
4849
14393
18055
10868
98
798
19026
17911
11516
20934
10900
17223
22299
13463
13871
17161
1651
4426
7445
13835
11902
11890
10218
2430
11594
21354
21827
16923
42
5606
986
3944
2144
7705
3878
2341
1599
9220
8227
20450
12174
4086
22001
11778
19074
5305
7190
5963
6859
0
9239
9901
8202
7470
10942
14776
7717
20640
13059
11599
4919
3070
5899
18985
19998
14537
9197
2000
4599
5783
11244
11607
14740
1157
9846
14278
10300
14006
14766
22249
20512
20475
8631
14465
1597
9518
2752
21740
15781
8615
3939
10611
17623
844
2398
12203
21100
13787
8491
16939
11883
18888
3510
1068
14401
17415
12316
21015
9145
14334
21030
658
5449
20337
11775
2947
20560
5863
5564
906
14182
20587
16940
13381
2360
22168
7264
13691
14303
14094
8026
17861
9609
8951
819
2254
5201
10985
11770
21894
4769
5081
13471
3402
22466
17002
13997
21397
5059
19148
4676
6677
6731
10392
14429
16700
1756
21377
16034
15693
16067
3625
2563
22298
13786
12329
21960
1423
12906
15664
14230
3315
12563
17043
3480
3708
20976
16496
5264
9876
12210
5521
5754
14056
3101
17125
21603
3001
13590
18794
16620
9194
17301
7887
20597
5489
7040
14285
22341
14820
10122
2088
16878
10160
8721
14649
3702
39
12353
18138
16425
1613
13005
17929
18795
19964
8338
5457
5637
13998
5269
9558
14957
22209
11506
7155
6108
5107
17285
21611
9636
1449
6456
21780
13441
5854
21761
6853
15439
14621
9964
22311
11908
8665
21808
5465
16
7730
340
11617
17388
9965
22241
13509
21263
754
9090
16445
4517
11736
20682
17021
22454
241
5620
17953
16910
17954
9682
13270
723
7527
17384
16967
5309
8369
2894
610
193
19243
8526
20016
33
15793
14916
295
19425
19474
13348
7838
2292
20765
10319
17963
3167
6100
5430
298
5948
18265
1321
20563
12721
1208
12932
14955
6017
20489
19240
14372
13938
8191
10741
17097
15755
15259
18731
14975
2092
16435
20250
13930
2856
5868
1903
21432
11104
16628
16938
19569
10781
7301
2739
10123
5275
245
9287
2686
15779
15346
20277
17225
22169
8062
12323
20796
10909
591
2110
11705
20952
19405
12309
13364
1485
15036
2673
18085
9286
2130
2343
21129
18941
2456
4007
13470
21114
21283
11741
1898
4592
10058
21904
84
14513
16704
19390
16538
12264
18060
3627
18225
12966
10204
14569
4930
12716
13145
14268
9902
3873
3041
3994
17208
2864
4372
11573
6186
9927
10192
11532
5959
3325
20971
2451
1705
9190
22368
5760
9771
19203
1042
146
3270
12596
9949
20519
22446
17372
17558
4079
10677
7664
20201
18111
12020
21450
4026
4912
832
129
8262
22387
6619
14804
6099
9907
13284
3900
13790
7610
2850
3614
7444
18811
18216
18266
16651
1508
19912
19760
15456
21569
21323
4710
10546
17176
17289
8831
6738
1693
21020
11821
14263
15750
9683
22344
7250
16993
18250
15465
6527
14227
22166
6291
161
3684
9823
11674
18746
20403
11437
6562
17230
5096
13304
19332
17159
14500
19820
17524
641
10740
10467
13101
2436
7571
703
15350
15936
11678
4923
12957
1940
18217
9479
7628
492
16654
19680
8084
6646
8284
8879
8524
18412
2324
13805
18345
22256
7619
19543
1362
13516
19669
5445
18377
17251
1471
2082
15080
1630
6965
2296
11214
21472
5159
22186
16123
20080
20582
2516
10653
16887
21085
12294
17218
7273
1901
10790
6086
8002
16500
12464
15019
9838
9319
4591
7976
15023
22100
19268
17353
2924
8771
11395
5506
5664
3282
2034
13722
1565
15741
19810
5338
20696
15732
2788
9679
16907
8219
11012
2474
19386
743
9741
19974
11861
19604
13724
8312
10421
15771
19565
11871
18291
12514
625
4036
22230
1507
18834
19164
18336
6487
12157
12120
4447
19850
2276
10931
7331
7432
3585
13438
8061
15094
10958
11041
1225
7221
21024
19068
18958
2595
9656
5816
18745
21204
20948
21140
1053
15694
3923
645
11762
14644
17592
12303
8336
8950
12601
11449
21269
14879
17656
14667
17120
6080
12622
20366
5363
619
19477
4728
6354
18823
16787
13445
17572
5045
9805
10422
17660
19997
7525
17665
4586
17535
12890
1638
10171
17058
2159
3616
14651
5924
7922
19962
7483
11737
16139
3565
2695
3134
20436
3951
4572
16120
15020
18562
12940
16020
695
11084
5836
7560
11477
13248
3464
19896
20107
15891
15961
14647
21126
20456
7539
17611
2400
16773
14685
2857
15916
15789
4189
8789
11100
17449
19885
3003
1913
18495
15697
13384
12199
16261
5438
17789
21206
3370
5515
17124
1118
7681
20370
21498
12089
7357
6872
643
13677
18733
3617
3245
12831
7159
7314
20889
3047
21340
20409
15299
15491
11044
9337
9370
20451
21396
9028
1672
2090
2549
5336
12262
1758
5146
15757
4974
20840
13739
8495
15774
9262
11924
7253
10134
21352
9666
13958
15831
10577
1784
17691
20186
7795
20118
16852
5397
20959
2420
22318
16229
15743
13060
17018
7070
21265
15634
3113
3682
9046
812
13203
11179
20558
9796
18015
16730
2893
17173
9758
14999
21943
19135
8960
21435
10568
19766
17770
1360
16523
14075
10252
16673
17367
20984
8401
22326
14778
16018
18306
19291
19504
16241
21452
4637
977
10748
5502
4805
15426
19344
14216
11132
9110
16234
9773
3291
16706
17510
11006
12324
17434
76
11135
14522
20003
7148
139
18509
16250
14090
912
15840
21236
10321
4996
11092
2717
19666
10682
20363
2222
7520
9146
4518
11512
6032
14407
1870
2012
19645
7260
8216
9313
11329
11205
7852
7485
7723
7205
7915
21583
9155
14573
5298
11901
17601
11925
8252
14055
9987
946
20177
19245
17422
18590
18103
6416
5493
17326
2659
4353
6814
14326
5394
4417
14907
1992
21860
8633
4638
6321
8634
16119
15004
10832
14139
5666
15146
19682
19299
3657
11789
5954
16033
21697
1355
16935
3576
11111
6088
20306
14235
171
21316
10026
8874
9755
5100
13081
5410
605
15435
1339
15097
20484
4120
4836
3767
137
13830
11069
20617
12718
17631
9506
9323
18146
9540
5846
19020
13768
21014
16183
8283
16830
12052
1285
9342
3890
12082
1948
3947
11481
5374
20687
12603
3515
256
9469
15209
5429
16778
17713
13180
16569
4600
4954
6972
15821
8830
10575
1826
4526
7477
1187
14435
8110
13974
20377
2803
19082
7147
12195
1932
3083
1448
8371
707
15391
18205
16656
17751
4844
3980
12633
20411
21506
9333
7033
1767
12105
683
17603
8450
21817
9647
11136
18591
3554
21428
21657
18835
17010
20082
11331
5043
9853
11533
14200
2517
13439
12607
4934
3710
17221
4509
1942
20903
8302
8592
1051
15845
11583
15513
11267
21862
8546
19129
9768
17708
4749
15522
14047
878
10603
20065
9309
11177
2723
10350
22048
4663
13347
8986
10158
7899
9526
18334
8331
22414
6502
20121
14918
5876
16036
22065
14061
21395
12184
15667
15866
22189
21304
17446
8007
14321
615
19446
11293
9481
21446
9632
11301
19059
7259
12459
20021
19743
19214
10691
5328
7589
20157
6873
16596
14
20861
21823
4040
13947
18901
12088
247
12347
17138
14548
2472
15419
10969
16962
11156
14533
11936
14605
20014
14151
19813
5958
7460
4337
8652
14164
701
2450
6310
357
13387
3221
17007
7632
19514
16551
20095
984
8836
5440
8176
871
5208
14996
15164
16088
564
3345
2021
1001
11121
5929
13772
7085
7957
13165
7720
15762
2261
6808
11436
8742
9642
551
198
11074
19889
8250
19939
17864
3901
4450
10216
19370
16249
14748
1805
21393
7927
7753
10944
6910
10120
13826
16945
7228
6299
6536
16235
13282
19092
19172
1479
1177
691
7821
18431
12713
18472
18031
16086
4287
17762
17205
18761
5091
5726
20056
18978
993
1609
1900
1054
1129
19732
14507
3995
10939
8597
603
1027
4627
21832
17160
7860
9724
7266
3803
1374
10952
657
3771
14035
7269
17584
17573
2156
9872
7597
16509
18268
8702
11980
4148
13021
14525
6977
7942
11254
6712
10009
11718
19550
16885
18104
12337
596
12234
20723
13515
2392
19811
15354
22044
2217
21285
9490
7905
12491
7975
14454
19071
19138
16217
15492
7689
15610
9704
13118
18194
10040
10588
10417
3540
22040
3085
15320
1663
9071
15566
6025
11758
5485
16060
13037
2754
11917
9952
5712
11303
16482
5532
20330
16991
9104
148
22295
22243
3377
14140
4317
19790
9672
6727
2631
810
10402
17991
17459
2827
11184
19600
10538
7456
10097
19178
8426
15351
4358
22380
90
14152
12530
5767
5225
7023
10148
11966
16895
20349
10576
10903
8038
363
15956
5112
19686
13714
11114
9535
15184
17089
13952
12383
336
9427
17349
12657
8695
17360
16391
13602
930
19493
10250
1719
1307
17746
18374
14147
21389
1432
11088
4610
697
2847
8123
17598
9613
6671
12560
91
12071
7163
19464
15929
4768
4942
12946
6475
1813
15861
16167
4839
19630
11280
3988
102
9022
20905
9947
14002
17663
21275
9937
15930
9044
10226
11825
9251
5289
1394
16789
6580
6557
13073
17854
21025
19393
8154
11899
14169
20933
4645
21702
19467
15289
4566
1747
1154
3965
5957
3858
20354
18492
6011
9265
21893
15220
11434
24
7548
12853
16932
19519
1393
142
7199
8231
11610
17943
21741
5498
16424
7000
7851
1247
12247
22260
10398
20365
19515
16541
13124
17528
630
18048
14564
18098
158
3859
2224
5828
15629
5661
10184
2878
2536
3040
21964
15721
14680
3912
16941
6193
186
18271
20918
12867
16952
4918
13903
13082
14209
15347
15608
499
5586
17514
188
5934
12893
16178
13697
8949
6171
8845
9837
4442
9161
6369
4507
5152
3162
1833
530
3500
14003
5016
12589
22239
2955
18725
14319
21714
8050
9349
5271
8707
6102
7913
21621
16476
2704
6688
18951
9634
21638
12334
6117
2619
2348
16840
9529
16226
15531
3124
3100
9618
3389
16942
11381
6131
3753
12515
12441
16519
2112
20390
20986
7570
15462
20924
15236
2869
11183
13718
4015
1224
19916
20879
6215
18243
6265
18202
99
1326
11106
16401
1917
22143
5544
553
12028
2514
13534
10426
12569
11238
13902
14044
15057
13795
6799
6010
20917
22028
20442
15455
6706
15919
2938
6846
11178
5623
6082
1894
16957
20697
17747
15716
8045
18245
18676
18368
2274
15309
12387
10086
9726
10494
18254
9910
770
2904
14091
3774
3574
17430
14813
21984
20284
8245
18424
7072
7233
11863
18440
4823
17141
18511
1712
5753
1395
16011
5699
1320
15151
5036
22064
13357
20727
613
12419
15389
15913
18022
9681
10992
3952
1594
5008
4303
18230
19792
14415
2728
10949
3852
12192
17894
5702
4747
10081
11761
21065
10690
20751
19373
19041
16795
677
19957
19078
21588
8018
12574
18251
8178
18467
7345
15616
18581
3439
21081
13961
8858
18095
6162
673
14350
8446
21004
8398
13753
4338
12497
7429
7969
15139
12045
6160
7645
1255
5003
9209
14353
17874
18033
1812
17146
9375
7222
3188
5382
8205
11593
9858
3196
14046
15349
6861
18675
20253
4527
22138
19929
3737
20710
13251
22417
18166
19045
16125
5723
16709
20985
9177
19785
18825
980
18418
17193
5524
5239
5936
6970
431
9856
16441
13742
6259
4448
16089
16947
1159
18946
10798
19205
17816
2823
14196
1637
22460
1037
20740
20394
21101
11118
50
5173
4034
19855
5019
9815
1821
21195
14188
9578
22258
19471
8725
10624
21597
18710
15297
4467
3025
10215
18928
9241
16848
19841
4788
16141
8030
21939
772
2557
22013
2404
20393
6044
5132
17878
17555
15643
19950
6605
2699
21678
4740
11159
10176
21533
3128
6212
1376
18460
11697
3051
8297
13699
13410
4316
20527
15381
14988
4652
21607
20416
7021
10938
14666
12750
18129
13448
4155
18234
12488
12875
5869
22279
9376
4208
5373
981
5198
14547
14921
16170
17836
2886
154
20628
12752
6993
4498
16259
9721
15698
12981
10848
9285
1667
20821
4400
20881
36
6667
21239
17956
3198
21087
10572
579
20900
16798
14026
20549
18606
17256
21925
16073
16058
13298
6315
13269
4935
10285
21317
17563
4111
10073
8322
20043
15928
12937
12460
14608
12594
2655
1073
1297
2197
1547
13622
10510
6481
16648
11943
21935
15701
5984
13761
4101
19845
9757
6951
12159
22306
19780
7718
8555
21968
17076
12714
2161
6531
9981
19417
705
15539
7464
6137
13765
2485
14884
4847
5882
7916
19534
56
22424
17363
1950
20355
2119
19383
522
11645
4466
20514
13934
12991
1786
11382
5992
4810
804
20745
16244
13126
17918
221
845
4992
2862
13989
12023
3391
10570
7333
18041
7243
9664
13349
1217
17627
16832
9750
20757
319
1853
19141
4523
4961
14846
11591
1688
560
8842
7825
10019
11941
21772
6134
2078
4479
3153
14497
19379
9831
2413
4927
6601
12428
8701
13933
10320
6375
2905
20134
7339
19323
20401
4055
19264
10332
21078
11266
18757
21961
1837
125
15501
15509
4811
21112
12145
14109
6544
5701
16188
15277
21519
19642
12930
21701
4873
3855
925
16427
19936
690
16961
22391
4516
12022
12947
10280
20310
3352
13099
4352
21062
22235
966
10397
22025
5023
2553
19190
1679
15091
18439
14427
12068
4119
516
8660
8935
12774
4639
14064
21425
15176
7334
14553
13782
3409
17990
83
5640
20051
21857
9928
3491
6365
12452
16429
17240
22297
11526
9341
7029
15883
21682
11605
12113
205
19037
20326
15574
11504
22106
640
3119
4165
6767
2272
2734
19365
4201
3924
22105
9614
8436
11422
823
13192
12649
177
3114
11002
16757
15980
20033
6947
7671
20866
2546
11836
6271
13892
7343
5444
9953
5841
17842
9497
17566
5270
5006
9799
1099
4617
16194
21955
19297
17654
18758
17900
19230
12342
19319
16689
2635
7139
6921
16347
17781
8333
22374
7831
5375
20486
401
19854
13531
19382
9514
16868
14387
2750
4763
2087
3137
11574
19655
15822
8804
18664
21688
19557
3904
18276
22252
6107
17551
20339
7294
7160
15397
12010
8924
11585
6118
20674
988
2036
21135
8009
2687
8014
6882
19599
5840
10207
7475
15536
3658
18092
18947
20183
4249
11510
21642
1775
20187
21859
12818
15117
1861
21306
11037
8698
18008
17144
3590
11046
14847
8357
21447
2515
13281
18935
5463
8551
5360
20185
8624
10119
19650
4175
17356
7366
22359
8694
18204
17922
15860
7958
17039
16379
6957
18979
14447
16157
6797
12421
11963
1674
9172
20070
15504
20685
21909
13646
6841
7391
7646
9195
9643
588
14711
5522
19003
7591
4444
6549
12756
17154
3424
10596
413
22421
2570
18696
10769
15724
10758
20652
11079
5775
4441
17155
17224
2984
14392
16636
947
22086
6038
9652
20044
4156
13543
8085
13916
8961
8116
8377
15576
19248
18883
16412
21207
19284
18342
3543
20389
18637
13878
11597
8325
3431
18512
1243
15801
14097
10957
7592
19598
2796
13977
15145
22225
13190
7801
7079
4097
17615
1090
11488
12911
21222
12916
9940
20041
7272
11065
12484
19688
22108
3186
20301
12169
8241
7510
7158
10543
19445
16786
6020
14586
9117
12678
18977
822
22468
18258
10151
17450
21033
12602
164
13299
18167
3242
4515
12282
5537
4272
16702
10299
17632
6771
14092
7028
2567
4655
3346
3972
2192
15168
14375
3383
261
14000
7688
18159
20418
3586
9213
10498
2455
18678
20105
1649
13142
21838
3182
16049
19796
2115
10277
16377
16799
1768
3683
2044
14374
6478
8476
8317
13501
3183
19337
4348
20040
3549
19271
1265
4133
18376
18425
18437
4217
7998
6634
141
11886
1586
17324
14603
18013
15893
20351
13244
18482
9802
2749
4958
21094
22379
12374
10997
11414
6002
18110
11854
1543
323
6444
13417
16003
2026
7832
2109
3359
18838
58
17118
21707
6883
19746
7729
10387
227
5662
2412
8596
19444
14282
16031
13858
9223
21564
16009
9852
16815
19577
12450
21963
10752
4313
11456
10345
4187
11299
2086
15243
6707
8513
2768
14802
16458
18579
19982
8278
8059
3432
13982
21044
14045
7576
16323
17351
7011
8636
6647
20893
3219
9065
15580
21806
5447
15276
13302
2569
13371
3792
18813
14083
8137
18036
5733
5558
13608
12819
979
22412
9272
19637
11816
3277
6540
10743
21127
11813
867
12728
15502
11253
19755
20588
1117
8114
19355
14052
19586
21301
6412
19137
14186
2994
12626
15179
19423
18650
14290
10689
9995
22329
9407
13897
20479
10879
19783
4979
3324
14633
17017
11230
17924
14795
18196
8896
1890
19070
21424
3643
827
10619
12469
15483
18037
10313
12787
22011
4149
11981
335
16978
8628
18370
21672
12719
4567
20472
7669
2062
8060
17612
4024
20747
10585
4909
7376
18610
20025
12483
21267
8461
21745
21649
5082
11420
9669
3751
7379
15623
17489
13359
18670
9842
16872
11471
4062
17417
3948
1943
8078
7375
7605
9661
2789
4198
16268
1493
18360
8438
13214
20929
22377
14025
7833
7561
11850
10867
19549
18667
19104
2944
7798
6068
3725
20612
2746
1876
11237
11323
857
11999
3518
6417
2900
12352
763
17863
17231
12799
8223
13363
19718
18763
3244
10094
4392
17849
10403
16286
103
20482
22339
11027
6941
21800
19654
22125
4104
22236
7481
13735
4168
21830
18981
9124
12376
7888
15511
21215
18844
10143
14213
21414
8272
19687
3411
20632
21826
49
514
16248
19053
21870
18347
12597
12301
73
1006
20209
13128
12431
7581
2035
9626
17871
13832
4412
16856
2617
5186
21705
13337
8294
11568
6909
8474
12472
10371
5093
22152
7883
13868
7501
17062
5631
11527
12317
22120
349
18119
10196
10793
6679
254
2719
7672
17099
19978
684
18450
2486
21019
9855
8034
4997
15742
4085
14386
16640
14430
21586
17192
9055
1021
4432
20656
16749
5216
10414
8580
18419
10278
16294
7169
8305
21618
19166
4375
15060
14535
19151
4290
13038
4661
13442
16785
20946
5070
10110
10276
17247
5707
18209
5514
8561
4653
14212
12620
12044
4405
10236
12332
835
19475
18921
4712
6351
19851
15355
16100
2264
2506
11710
18427
13427
12870
10877
13643
12954
15249
8873
2244
7104
20089
10590
16696
6400
1891
10021
11165
6031
10852
4640
11993
16905
9925
7990
11202
6661
3793
16048
3086
19527
1953
14764
18144
1615
12727
11735
7407
9780
16671
16886
4289
16075
7330
8542
9875
17412
6657
1513
277
11007
4814
9100
3355
17559
12382
5719
19856
354
2826
14612
5128
11559
7631
19981
21351
19812
7504
8492
15321
8954
20430
11091
21609
6185
20975
4673
7325
21760
10434
17441
435
5847
4795
17385
8913
15955
2334
20964
15001
2828
20896
11865
3844
13763
12093
17610
19221
15904
8705
14517
12804
476
19852
15690
18986
5748
17637
17126
16515
6308
5877
8343
549
9094
8444
10979
17386
11385
455
11101
15676
6516
7307
251
2640
2206
20254
15206
10177
22290
12979
5219
18351
16324
4076
2540
4486
22285
11805
11364
17093
1966
3749
10296
5622
4642
19660
246
18674
18400
9493
19442
7938
18107
2287
19304
9939
19508
1819
5133
19320
4476
4983
22386
4035
16646
6768
776
12941
7918
18726
580
9101
17549
2108
10530
2136
16764
3997
18211
9605
20575
2361
1509
4113
5651
10661
6821
18747
9018
3458
17466
11349
7389
15613
11756
731
12976
6054
22422
4496
11785
18890
17997
8041
21226
2637
15809
14449
12644
4522
21692
5092
21183
12097
18516
18628
9170
66
10559
18124
4403
424
20290
1460
2009
1988
10329
15782
2533
7025
22101
16404
4067
11033
14753
20657
9031
11312
3668
18417
17216
10035
14289
2840
16360
20947
21602
15571
13197
11192
20222
10998
11288
5543
20811
10271
454
6741
15736
13406
21427
15747
9719
1107
14194
3571
18330
3015
2696
18
10244
19255
12609
2057
12926
14956
16613
18317
3841
427
513
19289
13979
21532
18970
21540
12737
17835
4102
6554
16375
2970
20990
5183
13856
18827
17170
8135
9425
47
16633
14932
21122
21468
18535
20678
8853
14153
2174
21815
17920
4296
22348
20849
9988
11273
15371
13095
17060
12994
284
14345
651
20038
13452
15203
7502
44
20561
15401
17435
13572
15952
11328
20694
7864
22304
8271
10139
9406
17464
4359
3248
4780
21699
17078
5792
21877
16132
21869
3018
5528
8925
19276
2859
7872
12125
20369
18679
11463
710
6980
5004
9276
4206
9458
2194
12135
12927
5499
4225
18502
17915
20538
2703
20319
20949
19149
10705
17029
6590
19290
6499
496
4730
9972
21247
18837
633
7493
20980
12206
13375
2461
12077
1173
17232
11289
18620
8437
15222
6167
15689
13986
997
211
10312
12717
19453
11039
15357
18442
11204
7010
11906
10064
9893
16532
17444
4936
3962
1365
2127
4335
19432
10167
7412
15838
18828
3735
10850
13069
11066
10445
13451
9890
12396
20972
18988
1809
15312
10435
12914
8536
19392
22181
2615
13732
11374
17100
12817
2190
14376
13154
4045
16658
5905
1933
8207
3935
20794
10501
18224
12557
2186
15578
7037
11965
20503
18046
8344
16366
21041
13680
19387
17955
839
3076
10885
6761
6051
9955
3073
20111
3348
1219
6620
13937
2594
8809
14068
2667
4263
2772
3577
17469
6403
17503
7288
15069
16802
18184
21735
12835
14875
7505
11060
3160
16950
11197
17319
8507
7353
8415
10943
4623
8959
4906
10581
20736
14351
1766
17568
15559
22247
1654
16403
18155
458
11256
14162
21841
15915
14101
16566
11311
6878
5665
10587
20245
13277
2875
4533
8029
10644
14405
14880
4718
2521
18313
14074
10293
5317
8064
829
2794
7256
8939
5432
13656
10464
163
7204
15425
19342
22455
5238
20171
7323
3772
3039
21549
5965
404
757
9107
17959
4576
15868
6158
13526
10813
12315
14515
18544
10059
19421
4534
825
3854
20032
13119
11472
12931
17041
2889
16296
20181
3847
3930
18554
20956
7244
20550
15326
9786
14945
14234
20712
4665
14919
15812
1880
13447
18874
8479
10406
6600
10067
5311
18777
15062
8994
10650
17397
18936
22407
3077
4100
16603
20904
10994
6652
9491
491
11748
20920
6276
16064
20320
10983
16292
22443
16243
7467
16822
5682
17686
12856
7964
12049
5909
2629
1789
21930
1163
21410
15405
4764
4430
8019
12365
11539
2661
4881
17667
7514
5482
14503
2045
3171
18824
17526
14484
21125
13411
8069
13616
11903
10554
11675
13638
22362
10823
18983
2652
3996
21141
4451
8136
7806
11103
15864
5478
865
20109
11302
12929
14512
20114
13895
10358
22199
1183
5326
17481
5468
7166
12638
7777
22431
13317
1929
18174
6609
3434
14170
12268
16759
4077
1762
15829
17529
9130
11910
11600
11085
13129
16928
5303
3395
17744
13206
8626
22067
13696
10537
10805
10773
7661
15569
6262
7734
3195
4176
1984
10904
12920
1816
21403
40
12676
10209
21199
8408
5453
13860
16987
2798
13253
265
12587
316
3896
12811
20741
17178
8012
3786
5914
2962
14104
18959
7737
7484
14016
8414
17344
7568
20590
13817
15877
20116
11625
2356
4946
16232
13654
15116
1751
3288
16115
1759
728
6495
12320
18944
21211
15052
20790
4785
9620
13620
6486
13389
3250
258
4842
7800
8998
6249
7761
19614
3103
4649
274
10036
20154
7471
17847
17806
17868
13967
1477
20860
6648
11956
21916
14472
17087
5791
6343
16751
8217
13614
18932
4390
19898
10956
9667
19911
22049
6348
19246
3427
17729
7191
15706
8765
8612
15049
1293
18961
9896
4478
15123
17951
11548
5617
3289
10631
13048
11894
15882
20059
6734
9302
19330
19300
9523
2091
5333
21409
608
18455
2649
7496
4565
15105
3209
14215
17570
14579
19279
17255
7758
20026
5926
7134
14674
3341
15461
15889
6339
15985
15436
2581
2043
12631
2116
15748
563
5105
19120
12742
8829
11373
3226
16317
11468
10895
11797
19951
8316
1263
5114
19773
8930
2308
1384
12228
12550
10161
15533
8640
9015
4848
22363
16339
9734
19587
15816
8035
4920
21335
6711
12912
17278
19573
3984
3503
7878
6669
9851
10441
489
21392
15431
1717
19401
3017
6729
17383
16030
14295
20631
14177
16140
7966
2111
21130
9467
4831
8667
9945
10489
8709
15666
3712
21429
671
1629
21343
531
17266
159
4453
17776
19762
9187
21833
5742
9361
2327
7635
16682
15760
21855
19182
5166
8120
19875
1237
21464
16224
15836
15630
9488
14589
9468
17074
6045
16954
6144
9534
7553
15835
7187
11921
22055
260
20599
13408
21456
21257
21380
14843
5286
5022
13404
4023
17987
12651
10968
10037
17119
7850
10096
19693
7802
4297
2256
43
6263
16588
17279
5358
2980
5941
6833
19777
15758
14013
5385
17016
12816
11787
17152
20648
10816
15969
6726
10608
11321
9521
5001
13746
5979
19350
3125
19891
15521
7783
1534
7819
989
4609
22057
14920
15746
18183
9718
17467
14777
16746
10127
19449
13036
13592
6371
4041
20274
7480
17068
6034
14505
934
17000
3273
5976
20380
14716
18226
17831
6662
21358
9932
3309
18409
6284
583
874
20962
16319
11315
14810
6693
6763
1032
18208
10429
15096
1026
21391
12121
13013
18152
8887
21905
15865
21013
15279
7101
9391
4782
10714
2765
5168
14927
19235
8328
3045
9555
10973
18089
15002
13612
10203
20120
20498
3437
3264
14979
4678
2627
12611
20399
6644
18917
5080
9474
733
17262
11989
20791
4822
864
14834
12921
19222
11575
21866
598
12146
19996
15503
10172
1687
17886
21710
2382
14508
3704
12955
9921
11523
18735
7556
2454
21151
22090
5163
14582
18295
17128
20013
21070
6555
1646
1291
20140
15668
22452
411
14389
937
13564
14806
17023
2736
8743
5046
9374
17491
14738
12194
17347
8657
18246
21217
7447
6775
5986
4538
9331
11700
17966
19906
14171
13694
1162
19277
21147
19888
22068
655
19894
13734
16948
3141
18929
19086
17036
3798
1607
7324
14458
12709
16897
8360
4081
445
16959
19619
2883
12984
14751
7181
9692
5017
8600
7613
1938
11433
12909
9385
15549
8719
18587
12712
724
22153
18193
466
20433
20357
18621
21654
5857
20311
13392
20400
20295
10872
15475
10447
4799
1653
11634
14358
17302
6944
15144
10829
12165
1034
10405
17985
12632
10340
19098
20238
8052
15386
11059
4886
10513
1706
1147
3469
17971
13462
6617
17337
12346
4474
9394
3538
10995
12881
19938
12745
11801
13842
5259
18284
21138
11772
13984
21375
7170
21976
21175
10466
4791
2479
5353
10548
7667
16570
850
1635
4672
17664
6598
6730
9102
5169
6428
9140
4777
17694
13222
1911
18709
16246
3516
14699
4125
2877
13970
21154
20285
21550
6579
6754
4736
7486
17829
8363
5583
9989
524
11234
8756
9983
18339
17012
11848
2601
10815
7805
19930
12740
19375
272
22223
12367
1269
17117
3976
17480
204
10390
16665
19054
8010
4859
7359
5529
17499
16801
15722
13260
15584
21128
16946
13341
10976
19580
6219
4278
12861
5574
12341
22063
8383
17519
13676
4846
9093
21347
1220
7810
2993
10174
15131
13586
13350
5434
652
5411
15516
12062
17517
18043
7554
3716
3877
21334
2233
21036
5800
19789
20156
2967
3587
8992
7694
9604
3173
6234
7775
11119
1095
14467
22193
4095
21278
16407
18316
13751
7438
14409
17431
13623
6187
18044
6081
4905
19294
13097
20151
16577
1030
11511
21794
2052
20647
2636
14127
5452
4051
13466
15937
16498
4025
4670
5700
14845
2468
20769
11476
8455
20200
19638
1413
19578
18117
3758
12363
15897
955
15278
14578
16481
6363
20883
15982
18375
9388
6063
17274
22160
8335
15770
22129
18029
3588
10042
21430
14910
2193
9767
15851
19194
12401
4593
19162
19613
13942
21941
20675
10625
3174
4720
8496
8787
10718
16591
7209
7365
16860
19975
7879
11271
20307
19926
11194
17685
9966
14789
3405
13022
14697
15523
18751
14966
17229
259
7627
11733
21659
7167
21329
10031
20125
14314
7657
5230
20235
20346
8587
13110
21271
126
10025
18990
6279
9383
19288
18062
9135
16740
5029
18358
4869
5887
816
15087
20977
347
2443
3691
11982
2781
3033
17033
11684
17757
6402
17965
4333
17957
1467
19653
17976
3987
584
18101
17471
16378
15136
15530
15568
19899
19546
13150
22232
2770
6007
1515
4745
898
3542
779
15403
2377
14687
7940
21765
4669
5910
17129
18355
12765
9713
6683
13928
7177
3425
11067
6623
15167
16683
1091
4227
9320
15954
8397
8501
7552
16737
16081
17458
13240
17181
9076
10408
12021
1873
7727
741
20894
17509
16069
14883
20670
20758
8182
18011
808
21944
3504
13546
16462
6864
13941
7580
1987
1670
6718
10088
1749
12355
5403
20168
20871
11427
17696
19227
10053
7293
13395
9059
5879
13828
17591
16281
18645
4246
12922
10711
3808
17522
21121
4070
10109
4703
7933
10433
3335
17281
6469
9747
10930
1229
5624
160
8576
11058
21526
16218
3723
21021
5745
10706
19624
8228
7889
12103
15476
5815
19791
5035
13510
12266
16722
2351
19725
19463
8635
13257
15193
9763
11262
21560
12132
15366
13189
11131
10633
21764
16710
11429
4116
9777
9191
1348
20768
14270
13655
8046
21289
7978
3875
10910
13234
3630
4841
17428
20434
11550
10736
11258
5421
12688
14346
17443
17284
20666
4302
13603
3632
1701
1990
14273
16820
2457
6467
6151
14420
20231
10649
1944
2897
6246
20719
5766
10410
3363
12615
8392
8458
18136
9379
13496
19566
21936
20802
2246
22188
5706
2490
19652
16416
1905
18734
3909
22205
12621
21913
14114
16447
22
9785
2981
11947
13779
971
9142
8969
4675
19211
17110
8608
1350
4932
11133
19298
699
7617
18257
16105
18732
18383
8888
21157
10947
8575
16920
1169
14286
20474
5346
20414
20467
2395
11415
18571
12901
19828
15817
9569
14338
2138
8984
11558
9387
9109
6867
11038
5260
17085
19970
18003
16001
12618
7921
59
20957
1774
13186
18875
5750
9424
16262
294
15041
4683
4815
21007
16659
4415
4762
13443
19741
7512
13511
8932
11392
14607
1404
2692
13674
5284
5518
13983
2183
8260
4833
21679
6332
1052
21907
7638
17424
21807
3784
667
5938
8008
7405
8056
15314
18290
4793
11780
16981
10318
13504
14459
4251
18952
19536
8037
10210
3916
19512
5590
12667
14120
2951
86
14439
1858
19954
21355
18274
11494
15773
17440
15250
107
18038
4664
6758
1625
13415
2245
21579
10325
13093
15293
18550
453
15532
9334
9136
13624
18301
7164
2941
11613
1301
8733
14325
3031
21056
6227
557
6430
900
7206
1803
17313
666
17766
22229
20203
506
240
6377
8403
10514
368
7678
13820
8319
10182
9128
12265
20643
18548
7817
18623
21824
21198
8209
1910
21891
22357
20404
17327
21668
13042
15114
18573
19170
21835
14146
2616
17050
14538
2132
1214
57
12012
4305
7305
20397
11904
4952
3215
5550
20778
22096
21999
11171
21054
19308
16741
7963
9788
2438
10734
22238
11960
10970
10641
16314
12239
2225
9203
19032
12079
20882
11049
18142
20133
21845
1254
21455
5215
1282
9827
4223
4250
14768
6844
13955
21325
14244
6199
7427
5267
2620
11500
1486
7392
22437
10051
9437
22142
7954
1463
10400
3185
11731
13706
16154
20192
15126
6302
12106
11350
2860
18088
9122
7231
22349
15129
8630
494
12821
6960
7636
12473
16543
6637
6700
19884
14968
19944
18164
10518
3131
20344
19723
19799
20146
7130
13000
578
9021
7996
14134
2501
19158
12308
1440
2700
19283
4494
21572
21635
19113
12612
14249
7826
10162
15395
4877
740
6577
12809
9159
5024
11806
8499
15120
10719
9352
7725
646
3788
4774
15453
773
19429
10921
20669
21406
12564
7404
2383
16533
14925
3301
13437
6115
8965
6641
6930
17726
6786
1868
13700
6388
6353
14717
21778
15333
20897
156
19431
11333
21664
12279
20832
3696
20663
5547
194
21075
2247
15825
6750
19293
8402
13532
17390
477
10255
22248
565
2171
89
5058
2332
15554
16159
6452
9554
13784
2466
6488
13636
16434
19116
21405
22434
868
9710
21168
11788
21042
3016
20585
18131
1020
2054
451
18968
14622
20459
4061
20533
3072
17140
16208
5190
15656
8311
7735
18498
13601
2630
9353
179
15852
17923
11149
22082
2459
7787
13266
18841
11284
12080
1218
11579
14492
12364
4786
21032
7114
22382
5685
1970
2929
12734
3342
10055
16624
9871
4283
889
17521
9069
9550
20766
1526
19576
9460
1387
17393
10901
9158
11211
17427
19983
6834
7315
10439
11499
21594
2371
22325
8190
10517
22321
16345
3593
5849
3690
19439
11001
11255
15340
18112
329
13034
14060
20207
15336
3677
8094
20635
16042
3521
17887
2512
4363
10683
6645
17578
20149
1725
21729
11054
14703
18662
10774
16298
20476
1275
7600
14010
9867
2297
5943
18540
12635
7517
2677
4031
19895
15071
14494
11057
17148
20085
8122
8995
22314
350
12408
4611
4122
3135
17684
16374
5972
6027
19786
18552
70
9539
21801
8810
18451
16999
5619
9292
8196
5808
10916
9299
4803
4816
11712
14451
22148
21644
15454
9091
2255
8790
16507
3132
20611
17649
1897
5837
1222
3567
17783
280
20799
11636
18542
13233
9442
12451
14041
5329
4343
18791
4630
12032
10436
7110
11024
1302
852
5689
34
5604
4521
10791
17061
3487
10074
22224
14742
19472
7733
1209
21796
14593
21542
152
22244
3553
17080
14864
3814
6885
7088
9640
16093
13894
16943
10241
14283
21231
4350
18894
10643
20623
540
17045
1452
528
12008
14337
16421
5579
18558
2123
16731
13225
8646
22469
9720
14708
1202
6470
11935
14636
20312
13968
15438
13793
9828
13678
19748
14904
16530
17822
11224
9268
17133
679
20094
952
4594
2769
3354
18859
13149
17738
16807
15925
19199
806
19229
8439
8928
6064
11997
8955
3979
1922
9233
18027
16697
13030
13850
2165
5246
20969
14322
16114
3406
7150
8467
17873
18704
3404
1203
12486
2603
2125
4046
7236
18113
648
14594
12007
7162
12455
21593
9441
18285
5611
9345
928
5821
14142
13885
1578
10849
14545
3747
2204
16305
3351
20596
3107
2365
377
3531
14638
2609
20921
10700
20002
6294
15839
11292
665
12180
18398
19134
6625
15525
18896
19338
11985
15588
19710
2073
18436
1066
18974
4757
16714
7696
9694
15837
15684
10473
10699
12630
15423
5994
12862
3175
14914
17500
2314
4459
14938
16274
11578
866
6743
18293
21556
2359
1574
5007
14830
5295
11396
21174
4181
8774
11556
8193
6994
14676
473
21378
4613
607
8366
17788
4898
15786
9154
4616
11375
8798
9577
6245
4539
18863
18681
5576
14349
4234
8824
12415
16448
18435
19406
11642
7241
6614
4307
20236
1530
5768
7300
3986
21422
22214
22182
6255
3666
4980
6572
9911
3318
19452
17055
18926
15284
9143
12137
11358
15328
22459
7742
20457
450
1846
16022
13567
4429
16041
9264
173
5040
16104
9929
19837
18566
8452
10068
7182
1341
20749
4578
4633
355
6500
16525
21431
4798
7137
397
2835
16387
18465
8918
18625
5668
16794
3213
12379
20584
8128
4379
19701
19409
15800
21552
2162
16484
16632
426
21754
19346
5983
3985
8638
14736
7755
18335
18504
1723
3763
16413
21520
5073
7453
22109
11959
13598
19933
21311
6451
19925
17680
6744
1276
4401
2991
18897
9950
21647
3340
14331
22070
9357
21064
5458
2067
2805
9705
8146
13226
10937
10294
19840
8111
20996
19684
14678
15339
7050
13703
6003
8503
18583
6103
6166
22428
1804
11265
1555
19868
5002
15124
4674
7094
7565
12720
16025
16622
15951
9395
5026
17681
4238
18653
14639
11549
14036
19862
17303
3384
18569
379
9096
15141
20273
19372
9465
10339
3484
6831
7398
20827
6221
16937
7791
7242
22132
2963
12054
13109
11445
18596
11983
15992
9938
4493
4088
1888
22291
5931
3801
5120
10565
7313
20836
8150
9473
1857
10118
17379
21292
5551
3111
17084
9627
12577
7788
18995
16291
4172
18866
10645
2050
1131
7869
20375
19403
13025
969
6202
6760
7197
1886
15682
18148
8603
6535
5130
8870
9389
18607
12188
12398
20818
16439
4288
5646
11514
3927
7494
21475
4050
20161
3498
14123
15147
18889
19775
6858
18180
14718
948
3080
16944
2265
16409
17974
2201
20420
3468
21240
3078
17295
863
13278
7320
15593
2543
19570
16604
5711
21899
15921
17185
9316
14298
19455
5202
21651
18169
15088
17504
423
9456
13198
19626
11225
5653
15790
3556
2792
16269
8886
19217
8362
11889
6482
9401
5021
9501
2873
15557
4773
1427
21234
2777
10206
10729
20610
1184
232
20633
2339
8793
3067
14799
9868
13414
3601
13845
14683
16690
22378
3036
6022
6740
17810
4013
11644
12749
5084
10670
13870
16724
14650
18235
7932
457
15681
3091
8953
14320
1697
15033
6455
19685
1511
2575
18639
3856
9782
14801
12777
16884
12112
9567
13250
20332
10526
12744
3539
1456
5734
6802
11669
19497
3591
4737
14288
2852
15256
322
2586
2446
15262
2876
8735
12690
4449
3955
21099
9025
19396
16901
2240
10626
13399
21785
22369
18457
7704
13808
11496
15917
7408
3097
21166
4802
12552
15459
792
4158
9164
3287
3624
2956
12599
4968
9185
7880
5603
18907
12161
5254
17268
22072
20371
9598
12238
18279
21088
4708
22092
14308
21076
21989
21255
21223
9740
3534
14049
12275
425
1435
6477
12392
5784
12538
1136
11750
12731
8127
6725
1120
3670
13360
20324
2081
10029
9615
12604
1727
5089
8266
21286
14119
5281
15378
7184
10827
13485
12211
19636
5389
9199
2742
5659
8963
20822
881
2583
12668
18891
22149
7056
10302
5184
16295
18294
13578
20914
18449
15348
16285
2836
15926
19591
21784
19195
5541
20743
16220
12467
1125
15711
13917
4554
286
11022
12
6978
14856
11651
3731
15981
15015
21461
22175
14923
2634
4564
14356
11455
5716
2556
8993
6057
5657
19742
6085
16836
11798
1827
15674
7764
4053
5549
13804
12571
10710
7348
22219
19771
9284
9778
4830
16556
11698
21883
3501
9086
5018
2139
15650
19347
22372
21722
2782
2919
109
15469
11326
9149
18730
9991
10693
7403
11365
12258
10502
11969
8577
17982
13195
21929
1895
19706
16821
13449
16026
2865
6266
18856
13116
7762
11937
2679
5401
4596
3872
21521
13951
11190
8768
12127
2783
849
14432
19216
16126
21643
17267
5804
20327
6361
6173
851
14524
7542
18408
19076
11972
6992
3278
16222
4240
16163
7793
10308
6386
15628
8188
11167
1745
4391
14980
20973
17241
12479
13419
12666
21156
8016
10232
17108
16891
8445
8487
4205
1272
3115
16316
15160
4469
2639
7844
15945
226
7479
18030
5928
4143
17269
5398
11829
17455
14645
16437
4794
911
5131
12524
20764
16085
18505
12285
18599
4866
6984
22255
14087
12373
3777
20241
6462
22254
18403
20960
17679
22119
94
2196
2102
15480
13319
4105
20428
19021
11388
8373
1070
11407
7622
18924
21383
9126
12964
21713
9218
18906
8518
7007
3126
14149
157
3225
13342
10550
19758
9533
20055
8658
940
9508
14137
19960
18805
3721
11310
12708
20342
14818
20566
13440
16006
7124
9246
7012
9392
17200
9014
5056
6382
4897
2005
21581
1498
11866
17901
2920
21742
8352
9525
5855
10168
16512
1289
16713
12580
11490
1396
1959
17513
7045
20291
19625
1556
6678
7836
15579
956
21262
12255
20268
4900
14020
21917
2602
4582
1300
8139
11726
3485
12614
3450
2721
2175
18369
14185
5721
1198
20067
5277
5210
21394
15449
5037
19102
1713
15190
8593
21028
6812
4643
1215
10622
18384
536
17909
16137
16133
13758
22066
19832
1714
12757
18102
10245
9956
18850
5422
20855
5782
11649
15591
1418
13068
1333
9399
20909
597
20279
16643
20124
1596
10681
15908
12795
6630
6433
9254
17912
16076
15128
13028
19377
9756
14652
12985
17472
5108
3268
15546
15006
21499
12215
6305
10295
10809
4998
8258
381
6801
6281
9818
6950
9369
6756
15878
4973
14561
20491
18448
4196
10552
8747
8367
8385
1806
21243
9414
5614
11338
5736
18972
348
4173
10923
7097
2304
18057
644
3971
11721
1698
10704
2028
12050
1982
21190
21212
16423
402
7721
22373
9125
5251
20574
20689
19197
21970
12291
20198
4355
11739
8293
11844
9307
16287
6570
17248
12942
11802
12841
21624
21591
20103
22018
19013
18256
17926
6240
17476
22052
2641
9298
5347
18802
6383
1084
8126
902
7625
9717
1212
18711
168
18881
11928
19362
15948
2271
10461
21146
6408
18122
7071
13948
13985
8521
12014
15498
16122
12751
3046
7035
2153
4689
10138
15044
10431
16480
4686
4092
21641
12865
5164
13046
3130
7891
17103
3116
17670
2016
20162
10640
3296
10262
5746
1704
17947
10770
8837
16639
15416
571
12993
10193
11834
4311
5974
5818
14794
15156
2702
9859
9673
21385
7987
22112
6943
6928
5996
18261
17487
11479
2480
18878
1669
2678
10751
3562
12292
12362
3146
21034
7107
415
18872
7637
9737
5041
14318
15597
3701
8559
18365
11502
6497
14203
434
5725
14531
21696
7840
5561
16614
6672
5297
2291
18845
9886
19399
12502
3074
8689
20490
16550
3254
16565
16912
4329
4972
12270
1848
7609
14214
1566
15451
6120
8520
3836
16349
13366
6216
16436
12680
480
20536
6811
13936
2433
5641
20748
8348
8179
19192
2187
14307
18476
5915
16911
9452
19007
8806
14043
8855
1955
13682
10610
18871
21012
1769
7214
8246
13890
14893
133
9967
16175
19696
17001
9570
9217
21900
18685
13273
9439
5630
21415
21077
21896
1137
13513
16708
6916
15229
18551
12845
9438
9445
17496
7338
2071
8320
899
6139
9797
14324
10377
16916
239
13120
12119
8666
20562
14613
2623
15705
11771
13199
15109
11003
17163
21797
4797
7128
9308
6551
15599
9288
3275
7533
9530
6153
16524
4445
5390
11376
5057
10272
6093
13019
1678
22146
21781
18363
16174
5433
8488
11631
7818
3206
16788
14495
3915
2397
20999
6493
9499
14424
16151
13898
4274
1562
13939
13973
9873
554
2879
621
8613
18646
13987
9813
16108
7087
4058
21495
8406
18430
15175
9538
19697
9557
20126
7848
2663
13709
8057
18649
2415
1155
11363
10811
10258
16864
11656
15440
301
20581
5824
12384
15275
14017
11881
21525
13827
16446
10378
3982
19620
15291
11515
2418
2257
19865
2215
224
327
10929
21957
77
12414
11401
4324
16561
18024
21193
1709
14363
7928
14082
19611
20257
20009
7326
9434
8480
432
8399
16044
2925
15968
8472
13514
6537
17206
15329
17884
14124
17495
14840
2914
12176
20800
16471
449
15296
17769
21981
11588
7425
21617
1397
1962
14099
5772
18475
17101
16634
21863
22419
2333
10017
10549
13492
15683
5249
209
3558
924
11226
6307
9728
16331
14175
6803
8581
8530
8736
18402
12704
18920
20227
8459
4549
10430
16325
12791
9701
20709
6069
12733
201
8133
12139
2622
1788
22404
16487
8082
8892
1563
13847
9641
4975
16958
1614
2015
4437
19313
14443
774
19665
493
16263
4369
19367
2169
21474
14734
19988
6285
6331
15058
7383
12735
15332
6996
4551
9196
2069
20958
20742
15537
1226
3064
314
8974
13855
7771
14228
4574
10071
13428
16318
8482
7388
101
15931
21874
22095
13287
12956
7341
14727
20782
14076
13619
1080
6825
22413
14812
11661
13354
18229
5115
5301
7420
19001
18469
21061
3055
19694
12814
13497
13663
17844
19315
20081
14441
18693
1524
1062
10484
8610
5266
2364
11341
2806
3414
3053
8977
19542
7171
22399
6319
13738
21608
3092
15818
618
6004
20915
17484
11540
8351
9992
1754
20850
5632
1852
16631
4028
7132
5621
11882
19486
14755
9483
18626
17308
19737
7854
6257
923
3438
18319
12627
2003
13373
18728
13932
14707
16306
22272
8033
10726
15358
21249
7926
3805
5728
10463
4948
7251
16271
8795
16711
2300
18672
17051
21612
208
7588
2890
5323
2784
7451
13587
4264
2527
4933
10427
14311
7715
16575
16692
18191
18367
19846
6976
20703
8970
11830
10254
8280
5731
18764
9660
3488
19516
13846
12873
1411
2447
9670
1437
8844
10737
10679
18127
10383
14954
9840
17025
9393
11269
3795
20762
6096
21090
6097
8292
21613
19662
7418
12331
15670
4860
14165
1497
17800
20335
5998
15856
14057
4216
22107
15158
2773
3108
16238
2839
19800
14161
6119
19433
11879
11430
10999
13764
19087
2248
5350
16909
7687
19772
7853
6050
17866
1686
11357
9328
4644
9047
20343
4889
5971
14950
10891
4202
19265
18821
16475
9459
8307
3109
12178
3361
20874
14089
20104
14860
19438
3158
1618
10601
15361
19707
14488
13965
7116
13309
20303
8758
8396
10346
21736
10314
6875
12064
4891
3127
9137
9300
10780
4536
16712
6722
14028
15763
21652
2128
2407
21783
1277
12253
2633
2935
13580
16674
10814
1924
18658
9351
909
882
12761
16853
21648
7292
20097
19019
13305
6184
1324
20170
21630
21711
6627
19965
1893
9472
6083
1149
794
15267
10157
10336
620
568
6277
1043
20627
20539
10715
9696
8778
9810
13494
11344
6607
22030
2340
12231
17596
2542
5860
13361
3328
3313
11221
14066
16921
9559
15118
16280
1138
10428
3607
17617
1412
1935
19084
6454
10023
20045
8684
1199
14269
11667
11627
12025
13853
10155
617
18186
15795
8914
422
7713
7138
20925
17291
13886
20099
19989
8923
6736
18326
15159
9150
2284
6959
20788
2037
2453
1645
5486
13457
3546
21589
6061
10623
9775
9511
21252
8218
5523
14138
885
21787
4137
19761
9603
14469
16715
12781
8988
2230
15543
13834
21596
2471
2303
1665
14532
20047
4545
20795
13506
9870
15478
17775
20720
16662
21466
16930
8583
6961
9693
5078
7080
481
14342
8854
20780
2322
13876
914
14403
19391
16949
8486
20076
20287
12248
5048
16310
5674
405
10975
8744
10727
16915
19224
6522
18677
18565
3202
15085
4261
1915
574
21853
6223
22151
20037
1787
1464
12892
9794
22453
6106
20638
19843
19112
939
4269
22087
16231
20698
3811
14189
17925
3612
1856
18529
15958
15636
17626
21313
785
9054
18096
8748
5158
17520
6613
14811
8468
11976
3396
16492
19782
12251
1892
9517
6979
22217
18755
13744
19649
2288
14960
22135
17621
18130
11612
9182
5448
13267
16046
1824
17328
2926
1710
19966
8229
11005
20953
19596
8917
20707
18481
8508
20384
2368
15726
1983
13418
8323
22292
21339
20443
1863
13139
6247
838
18517
2299
5858
2903
13333
13002
4530
5892
9160
14514
22240
13626
16758
12663
20884
8298
8440
16858
16760
6367
16597
9270
10030
12349
5743
16637
19106
19011
3525
6656
121
5044
13788
6116
9082
3333
19584
20259
8166
6896
4416
18822
14888
9560
21005
8779
11394
15635
21274
11885
3806
11570
9594
11026
21789
22418
17073
5735
1482
6270
10864
18399
6798
13310
400
9371
19043
7567
11080
10962
13579
4068
11939
4180
18231
231
21273
15240
11760
5675
2053
14892
11023
14413
4650
7985
5552
16328
5747
7898
9034
15895
10713
9247
801
15986
14659
18797
10920
4237
9413
1878
5380
2391
21926
3727
5895
6349
5217
21312
7924
15441
15272
15489
16300
14877
9821
13301
8911
21965
1763
17180
16032
17348
17657
18695
2610
14961
442
5881
2505
951
8269
20350
7278
8334
9294
16443
7804
18918
9070
18956
20551
11313
10248
3157
17333
2762
9801
3687
21734
17226
12476
19341
19787
2370
19804
2489
8819
4660
10561
6692
12802
11174
15322
1998
7083
9477
854
8625
19817
2236
19991
6182
4809
10165
12851
14128
16103
769
22286
17826
19378
10288
13045
3102
19237
20823
19254
8125
10856
4868
16068
6423
917
888
18736
4696
2384
15638
19183
13167
4043
15239
20340
270
9296
15411
1116
110
2369
20639
3790
4917
5480
20673
2658
5047
20141
8489
8504
10357
5756
2529
6087
19226
10915
1035
1977
9200
2880
599
21948
13639
11210
12403
1472
14445
4748
6126
472
11152
5294
9904
6818
13056
8475
9625
20598
7115
4561
14689
9922
12357
15989
13307
558
15014
16965
15592
13838
2022
6248
6149
17910
16828
2063
1417
20322
7751
15710
20391
3736
22343
11147
13781
11042
11444
1934
16805
15761
2
6254
9612
15260
15618
17508
3862
17322
12378
16109
1951
708
3056
111
18818
13012
7395
9722
6347
15772
9957
8404
12863
9541
9131
7423
5106
10154
21408
15241
20061
7285
7968
1730
15142
18865
17712
11047
19901
10239
20555
9543
15565
2741
6154
16506
5459
16936
9650
6819
17933
1904
9403
16185
7466
7297
2481
8299
15540
9638
7749
18354
15252
10870
7808
19756
11849
4501
3168
19004
14302
21401
3106
14528
4926
4716
7009
8832
19343
16956
7960
9698
19461
8788
9318
6948
12400
9622
10702
17067
4508
21580
8097
10257
3099
18176
3397
18925
8042
2694
8664
12826
1433
19419
19806
12220
2520
3187
16110
21680
7127
1677
3740
20865
16743
5245
9507
3599
21244
13922
15581
19385
14749
15192
21974
3375
3303
16162
153
22114
4130
573
4481
12286
14336
22150
5555
7534
876
3551
14398
8529
19055
1585
20015
17700
4064
6772
15221
16189
8036
17282
1086
15647
13889
13213
3490
1323
15110
6510
1425
18700
15918
14731
4413
19952
9549
20805
14489
5718
13232
8867
5099
4096
5151
6793
7663
5527
7318
21288
2942
8642
21906
7594
20797
4826
784
7500
3833
3720
15872
11755
16352
2966
5140
2095
1267
19675
21493
768
20734
13555
4825
2628
21367
18343
1554
17271
7710
15718
1738
19077
5483
21399
20410
13585
12579
10342
2358
8560
11196
8759
3523
21972
3502
12662
21433
17330
12850
19457
17382
12458
5890
19848
21575
16470
6654
3306
9256
5930
13503
3618
14897
22179
2077
4531
14154
14798
17150
20242
21915
8878
12950
2564
5051
8737
384
5377
17582
8443
19914
1056
18514
15802
17579
6393
6530
4091
3978
19309
5787
7695
12568
11926
4480
5612
1512
12846
17482
2253
581
5932
17497
719
11662
11987
18362
11115
9443
3143
14951
15932
14107
412
18950
4318
13774
19327
21998
600
11852
16555
8651
1018
8752
18178
16825
21803
20102
12480
17848
529
7769
18738
19356
14987
22206
16904
55
2269
10959
3584
14527
548
17250
20441
21945
19153
21407
22218
22280
490
17287
18635
13376
3235
2997
9617
4960
14824
9417
21653
21983
3043
14366
5705
2074
388
632
2624
12537
20466
12754
12128
12267
6837
13194
6863
10208
2179
1251
18655
13690
19325
7948
7799
2427
16790
14620
21727
5247
11650
13296
5316
13570
5013
18605
10129
18634
7189
2582
12724
8075
16251
19097
13528
6697
4330
15152
20870
8506
15777
7877
12201
10506
1495
8423
16859
5776
7270
5918
20437
14144
8409
12002
15548
10534
13242
7980
2968
16201
4482
9115
5117
1373
17506
10333
263
16198
13458
11498
9335
12641
10078
11182
13252
19947
11251
11633
8253
11441
11897
15953
9923
5903
14444
5720
805
17850
15194
6770
19880
20112
1100
12783
4511
12143
20680
12242
10361
21188
18188
21372
20023
1278
4485
17505
1312
10179
13423
19661
12412
18594
17565
15380
8368
19719
13104
10353
13495
2352
11742
15796
8773
20496
15174
19201
7434
7686
818
16542
19185
9631
20650
18411
18042
14557
4971
518
12076
9843
16918
13009
2587
15794
17780
19109
11243
13996
8834
9174
447
14304
13182
13103
18661
18327
3059
11384
10202
5925
1414
22012
7988
11864
6876
14042
15363
10917
15933
2849
20205
14868
362
14197
11880
10779
10630
6095
19126
2724
8841
10954
12391
19430
21535
9524
6333
3286
6175
7194
21011
13893
15665
14009
2375
356
19603
4993
7955
5423
5075
18173
16917
16677
12343
15396
19258
21537
1724
124
2738
5853
18163
18480
2306
15422
9446
22288
5507
2688
2974
10584
11051
5609
96
20557
18373
20842
4776
10012
8572
7780
8726
20150
10311
22346
8162
511
441
15899
5599
13552
2550
2743
16356
278
2006
5781
17162
15255
9113
14426
5165
3908
16161
1262
8021
525
14421
21119
13887
18560
2140
14769
20846
21080
3297
1204
12842
5684
2458
1778
437
14416
3849
13125
19353
2524
2600
8340
22448
19414
13416
11581
2366
15482
2051
18930
15550
19932
15063
7223
19745
23
2996
16969
17880
4771
14159
3400
8851
8711
5967
12586
282
14207
6926
18147
9151
6235
11034
19699
13505
11677
16419
4964
15246
11572
16931
9207
13175
14723
4339
3416
17463
8755
14634
12348
5677
12532
6226
21361
7063
18282
21458
7731
9079
732
5109
16866
19427
19956
3139
13589
7595
1659
18491
4885
4721
12948
11377
12060
11819
3428
18613
18691
4009
5098
16850
12100
12151
7275
15787
18421
19127
8523
5801
5508
13630
11199
19408
8897
3081
9381
7993
6391
6519
6418
1231
10594
15508
9974
8527
2097
4136
16642
7991
10724
16873
7545
11714
16871
5189
5442
6675
4258
5172
10133
19640
8473
19615
17113
13396
5596
13596
5134
2810
10121
13071
6026
9545
8884
10720
18026
1168
12482
16701
9248
8171
3246
5361
20353
15859
4443
21921
18394
5071
18443
15370
17748
21348
7306
8456
634
4132
14641
18484
6717
18215
1431
2262
18909
11824
134
21220
17548
9415
1126
8076
17286
13329
9727
6253
1684
14596
22320
15200
11109
11991
15235
12702
3572
3570
8040
5946
13163
22231
14759
18422
19415
4411
20662
9240
15780
20621
3261
693
9231
11847
9216
20197
20252
19404
10373
3436
3960
3817
1773
14411
5557
21214
22124
12492
3161
2867
22367
14963
18578
11306
17246
4221
13908
16842
4838
1655
16186
15999
14496
5064
8563
3164
19000
3200
9111
14474
20567
3679
14722
7909
17167
4690
11277
4784
8856
16693
19462
1439
5650
6564
4606
2493
12435
3075
8500
419
745
1536
3680
3048
18756
14991
312
10703
3653
21861
20543
3926
10965
14540
17478
2113
10542
10497
4033
6733
22184
5319
14617
21259
20048
664
10881
3169
2952
9568
18073
9400
324
19678
7312
13083
19528
16553
6611
2176
4404
2305
18269
18381
10038
7337
21058
15433
11562
3320
1612
1680
17797
9707
8493
20499
5964
6532
2094
20731
10669
21117
15528
10013
13256
7578
15325
3032
3910
8080
1588
20767
9542
4087
886
14829
10066
14958
19902
15903
18518
17329
2010
19923
4659
6826
4705
18987
1359
12493
18868
17595
14556
10330
19027
10628
17175
13770
16055
15673
18559
21066
5845
2336
4871
14942
15108
5330
12685
1005
2315
1847
8512
3787
1648
18852
10217
20869
6441
7387
4514
21332
6483
8274
7890
1322
18631
17191
9409
487
16595
15662
6222
13454
7174
3430
2085
12847
11938
5952
755
6541
19908
4892
689
16010
6664
14529
7691
13210
2912
16364
21547
11521
15078
13272
12689
1963
14399
4760
4054
4154
216
15627
8339
13453
2766
5086
9232
12974
11347
11713
9372
21444
16609
11261
3449
12261
11383
15047
1134
22251
10356
9746
12438
7350
17787
1233
6981
17706
20595
8571
1657
6378
10698
12314
5862
12936
1119
1647
14031
17123
5244
17064
16817
16657
9498
3634
7616
12522
6576
8261
21441
14093
6966
8990
19232
1446
11975
9011
8740
21185
174
12172
13693
16312
383
20620
8901
8857
18452
5940
4502
5950
10924
21503
5927
19548
4622
9495
21379
1491
18786
19673
16074
12652
669
4880
11086
10836
18595
13524
6041
10666
10039
9237
5279
17560
8922
10824
21496
2998
21831
17940
14004
19186
9774
11542
1639
8909
9537
8710
10060
11015
16381
14630
929
10638
21684
1372
7126
686
5000
19470
12877
5961
5710
2544
3057
21320
5025
273
6520
11229
12375
4277
17436
12655
2142
9099
12063
8541
8782
16806
15258
8741
14355
10395
6969
4634
18310
15733
6997
8754
15170
14550
6414
17465
6232
1399
17843
3977
8696
782
12304
17312
8882
21573
1690
11309
13881
5652
6782
8187
20517
6194
12800
18688
17275
1369
14784
18773
12570
8303
8569
5087
11072
17539
18705
19986
5902
9665
512
3412
16513
2716
7697
6306
9250
13540
11021
2513
1711
3148
112
8424
6385
17106
15826
262
16851
17545
585
11073
6687
13148
2532
9067
17983
9139
16494
22262
13231
13051
9772
15775
367
2697
13931
9173
4991
4500
14972
5229
967
21625
14555
8554
20293
8255
2126
8109
5810
18996
3695
5439
2841
18847
4340
5680
10785
3314
326
1772
16164
382
17111
20692
3381
18487
15253
1104
5426
6105
16357
15699
11360
10495
18853
13704
3961
17586
5039
6542
14670
16054
2218
12051
1533
3709
19485
19371
3876
6468
7416
15076
8156
22463
21671
14565
12034
6587
6835
18640
8850
18322
8937
17493
8786
1728
4850
3311
13421
8549
4460
15873
3369
7633
7670
15012
20017
17717
7271
9029
2258
20396
861
13905
5654
13107
9295
1112
9678
654
11530
12595
14277
4632
19335
15034
5406
14312
11070
3374
4951
12822
8957
6346
9984
17056
8055
21728
18716
19257
11117
5795
12405
12952
22352
5546
15228
18760
6394
20843
19301
16200
12540
21606
6769
7258
18801
14211
15214
7067
14833
19105
7013
19312
16829
7084
19451
13815
19168
6585
10911
16444
16522
1796
19063
20592
16142
8723
19821
19117
13854
7032
16121
14780
9235
12659
22005
13249
5806
21799
11503
2064
22366
759
10423
7563
5741
15095
13500
16982
10662
11948
6140
12582
3452
6380
6143
6148
6501
14236
8353
22216
16681
16027
19776
5683
11566
10418
21751
3442
9024
1875
21971
16660
22331
1244
22155
15234
13926
19769
4778
6296
22228
12989
20504
17172
9039
8938
3851
2117
4406
230
10024
14463
7629
1371
20814
16839
11688
140
5970
4939
3120
13634
21073
12960
19674
2842
15274
3991
11635
17876
7441
20449
7566
10799
13322
2593
2056
219
4407
11428
7096
20262
16350
3741
10130
13653
5492
7352
16230
8431
4212
18414
6028
9963
5407
233
17882
14267
9703
13312
18617
15605
17212
9430
10764
3826
16414
2114
19125
11332
18717
7296
16527
3906
3470
6204
1975
13733
5088
12508
19179
9447
602
15827
7719
1305
17304
16834
22336
11676
21842
21725
21733
16837
4118
11141
527
10880
6721
9575
20119
18023
6908
19150
7198
13999
15756
19161
7919
12495
1151
9619
10234
14373
1398
9180
6659
12122
9814
12803
22002
22438
20256
16755
9894
9201
20225
1046
12225
11402
13502
12283
11536
9847
2881
15298
4915
21091
11281
11818
20856
10150
4191
3181
1514
3848
1593
13959
2791
16844
19945
14276
8471
11564
17821
13950
18526
20010
10001
2820
18416
5101
7216
18855
2475
7714
20050
463
15211
18459
1264
4157
9592
22396
10521
13328
5288
12535
2223
20182
13907
11621
21656
14701
6303
15820
8863
5209
19672
19502
15376
21985
8968
15641
16976
16402
5692
3068
21524
11075
6616
10986
4431
1235
21477
2611
11749
5122
1087
17525
21322
9326
4657
2684
20446
14347
11337
2670
3087
18778
21665
3671
14541
4852
10259
5789
5888
7543
19633
3453
6779
7895
14238
20944
6594
9877
17778
13666
15458
7043
7203
421
7363
4170
2526
8233
4106
13685
21093
8287
21605
6934
3208
11953
200
17300
2148
20229
11014
4017
21962
750
14695
13434
19025
7415
3251
5415
5357
12426
20684
17107
12410
11874
10103
3276
20071
13058
10745
20951
796
17609
17690
3762
2408
3239
14635
8485
7923
14361
8566
15659
20857
2032
11283
17512
20526
20516
15294
2313
11439
18938
635
16601
16245
2888
6073
21834
10646
21003
16087
21120
789
10243
7358
20730
13338
12475
10963
847
13315
8428
9253
6561
1361
13975
2470
10416
8816
1795
16716
2011
9881
11378
13456
13873
22016
17840
2554
8683
5919
22449
12478
22358
10237
21854
20646
19676
5469
8497
14671
4018
17739
6869
18312
4462
5320
16501
19147
1364
8972
13840
17437
6205
6982
17203
4399
8282
16315
15113
16528
21369
16187
2774
5473
13106
10233
12296
15844
18949
20255
9702
16057
14741
21938
170
3257
21131
17164
9274
20839
2846
17968
20916
5223
7364
1855
9791
331
8883
19651
5218
3513
16857
391
19815
21513
7577
12696
11729
18051
8101
11740
16994
13803
10488
8912
1616
9504
1817
3192
13766
10776
10591
20153
498
6816
10765
9404
21203
16264
20541
14007
12306
3686
15556
15677
19893
12185
17354
6422
2429
4424
6150
14362
19506
2538
9004
17456
15753
13212
7910
9784
15143
1570
18005
10219
6890
21888
10124
963
11717
21775
5822
18198
7982
12339
10270
9245
9946
21650
9444
941
14498
6862
17905
5912
14597
19441
14704
8944
6920
288
1298
1067
25
6606
13715
12891
16870
21848
2982
22043
10
10801
321
6602
16273
9186
6145
3759
3566
7247
10240
4461
16380
11763
16599
1928
1303
13115
14301
6685
4222
975
18997
17668
1634
20058
5220
17220
19363
9489
4510
9230
11800
17638
2160
20867
237
22014
20166
12516
3673
225
13963
2055
3905
10503
7679
4969
10292
8703
11096
14490
2329
2930
6963
17569
1887
8574
5431
12682
22293
7518
9327
14624
3889
14190
10564
100
7612
13016
1071
18494
22164
21585
12509
22130
1478
6715
14059
4089
21544
22233
5503
20998
15984
21418
11795
3506
2221
11120
18787
831
22081
10459
4759
17760
21640
10858
1314
4540
1025
21150
11139
1994
18886
13981
9804
4701
10598
18061
8005
15497
20176
21309
17501
7524
2705
19739
13740
4603
3895
7652
7016
2829
12980
7099
12539
1546
15655
13178
6049
18287
10635
13479
9764
5153
11683
9882
14418
5400
15180
6954
17669
19012
10906
5150
11867
14609
21878
15940
2607
8905
6453
8663
4827
10925
8650
19262
4360
8321
13687
13228
9344
15127
5690
16469
5539
4328
9306
10509
1330
11169
7943
20532
6628
22177
11260
7529
5694
14797
11176
3151
19085
11342
10197
953
18767
19555
19058
22045
8108
14341
16831
15205
19260
859
4146
1153
8820
10079
13152
12318
15306
19809
18820
13475
13569
13821
4452
22263
14681
6018
17552
3706
16283
5175
7265
15843
20473
13911
6507
3349
6130
18239
19969
5935
12857
18577
228
14246
4001
500
2539
20062
16082
1931
18485
2302
22147
19285
8589
10376
20760
10303
20830
10749
5155
17035
21294
12310
7489
1589
17550
9000
12096
14867
5135
11680
15064
1545
20970
20642
359
21567
19507
19236
20654
15013
17885
13382
4381
1172
6636
3846
6548
6024
14221
8516
1517
12477
3299
521
3866
6005
1825
3917
4141
9384
17168
5688
4052
3748
19177
15027
17978
2872
17628
5906
19450
21978
7002
8326
15083
6138
6800
10750
16361
4210
18793
14293
11061
20589
22289
4039
18248
4590
4192
16408
6902
2923
7218
17979
3719
4756
17086
11035
6553
4986
18784
13353
682
13530
19174
22416
20963
8232
14067
1059
3393
1191
22180
10198
13184
16896
19622
5893
8309
16504
19124
20283
3460
19897
15993
15703
11541
20352
5798
5384
17692
7355
13913
20083
4940
1761
17986
21124
6748
18426
9390
19879
150
20465
2151
11259
16490
11223
3633
11380
4308
4368
18249
842
1069
19721
20039
10352
1468
17375
17602
3214
4434
4090
14464
19481
3378
19443
3230
13247
13098
6847
6508
14178
14857
14367
12004
21189
149
1542
8374
17675
20664
4489
18737
10871
13444
3888
5560
390
3954
17542
3000
12736
10200
14232
8983
2547
13426
4635
961
6765
8427
20833
20899
10634
8991
17207
6545
14684
11781
14305
7736
14729
2662
11916
16797
20230
15054
14471
2573
18826
21250
19535
21287
184
18070
14614
16171
12810
3770
18135
16549
7161
13900
9926
2706
20505
9816
10199
13207
20781
13927
22056
6325
12091
8017
17357
4695
2068
9688
18884
12613
6806
19612
14364
14240
20432
1735
1097
14385
5079
21792
13217
1484
8070
4775
19136
11161
18572
11898
12170
21010
14292
4685
3193
16202
18963
1115
17711
12838
8675
2180
20518
2606
11823
14986
14078
14226
4524
12801
4351
13473
7406
14360
248
2969
4725
20373
14934
17406
13971
3035
20376
2977
19046
10558
1074
11188
17852
14619
9377
8760
4800
3255
1230
4546
16902
14437
236
10235
4556
5763
5616
6762
10246
3038
11045
7175
14456
21445
15888
15169
19883
22433
13954
16925
19730
18570
6458
15567
19103
18420
8590
394
15685
6289
4282
5255
16879
13138
11626
13810
7329
13554
20548
5487
11361
7882
15029
995
14744
22465
11807
3373
1038
8226
4646
456
8846
6224
17809
7896
12000
13945
21467
11130
3703
7814
1296
4491
4704
17297
5667
8208
6880
18912
22383
13316
20911
8065
13130
17003
4275
9792
2355
7574
20936
6387
20184
1205
19123
18099
14625
14710
14581
19101
5769
8627
7039
10256
4727
1195
7965
17676
13542
17827
2212
17537
3152
12661
440
16719
5325
9380
3946
6785
20586
13681
22036
16824
2293
4589
21297
20148
2330
15900
2243
20655
1271
19274
7291
3054
13621
11158
13070
12654
16612
8264
5302
20507
21937
21270
8389
19424
18539
2525
11263
8828
10618
21881
18772
16365
11486
6316
16819
15399
17243
7849
3945
10054
12229
12830
13730
4220
19709
10687
17470
8089
13944
12566
10652
15038
8170
20199
6297
12070
15849
185
11896
5451
15708
11632
18557
12223
13172
5324
534
18816
10305
12573
6703
2219
12546
3791
21809
15661
7551
6787
17046
5072
11129
4739
5067
13969
398
8535
3356
19922
17716
6629
13391
893
9860
8813
6559
19778
2416
21724
12836
3283
14395
22126
17182
15342
21709
6784
2701
12026
21865
11343
352
5891
19029
14174
17345
1354
9373
4197
3008
13123
13650
10742
7841
18004
21327
19590
48
13356
12227
17214
13162
9729
22201
178
4231
10863
12767
21849
21600
10485
17606
7668
7658
1668
1031
19369
6720
15365
1815
18181
5050
1363
20077
10286
12200
5292
21479
9008
15520
8066
14648
17567
16583
1206
919
9058
20630
19972
15208
13632
16521
15302
1921
13689
18842
3145
11845
22121
650
12295
10845
2989
7327
9075
18232
17906
11240
13736
1696
21636
21421
3329
1327
14487
12481
3595
12164
15712
20483
12094
7546
3782
2848
21847
2551
2209
17258
5536
18302
16276
12017
21793
6998
18445
14871
16694
5949
281
8295
12490
4383
13085
4049
22051
17851
2096
7843
420
20851
15257
4160
3312
20485
11945
4585
17008
7263
18054
14453
1623
3211
12078
19131
15988
21509
3386
10589
10190
11822
15337
16467
2279
21356
19381
14243
11920
17946
16256
4723
1666
8890
1961
16479
11519
1342
15672
11298
8926
11873
12775
10532
13220
15526
12152
5094
13004
2200
3220
19360
13609
15424
21303
11622
9653
1179
13672
15729
3294
19140
15575
17818
11029
12425
2075
18527
12924
14713
11447
20938
17418
6013
18999
18179
4464
18389
10993
2120
16473
14828
14881
16000
5372
13675
5383
538
2756
5176
12461
20298
3410
5467
14601
18221
19608
16953
16927
1521
9648
12230
11602
80
19768
2971
15379
242
16619
8947
7641
6059
1572
5170
2316
14997
17808
369
6465
6066
1734
19314
21774
12505
5774
3020
10389
5062
19744
22197
15055
5513
7901
761
2030
19621
22038
10668
5273
9848
14964
9954
13183
3734
10443
1098
4185
13836
7653
2885
16077
10586
12520
3241
14842
18545
11469
2188
12205
7822
3408
3258
17187
7532
20965
5145
16772
19266
22268
3757
13221
12669
7052
4570
9735
13476
21934
16922
8067
17019
1085
15457
2163
833
4563
16392
8173
18021
11443
5418
17213
8528
5481
16111
751
2572
17765
15392
11652
13433
2079
2211
11162
4787
2099
2106
21363
5779
19067
10525
19807
9723
12241
1573
19924
17892
16116
408
16150
14040
12046
3366
21959
14709
17015
10664
5180
2646
13263
8825
2001
18943
17011
10754
13862
22427
3004
8864
16051
17114
20179
6405
16926
1064
13816
6322
2797
8604
10374
15912
12591
17453
20471
21889
9317
16398
5015
9368
9587
14080
6094
4853
9812
2612
8869
5224
17098
15527
20726
5005
18876
5834
6898
20264
15040
20961
1902
15654
12390
19585
11716
7770
2070
7121
16754
12380
587
8031
11314
21213
943
7794
10982
3447
6037
11004
3550
15805
16118
18660
5349
12743
21314
2689
3659
19551
8796
6955
9283
3201
14033
13297
3496
16977
12360
1160
4032
20382
17989
22116
3631
22059
12411
1473
9064
14849
11752
15964
11336
10170
9453
18858
4254
4218
8115
11859
12605
9043
13512
11809
2821
10166
5660
9398
9651
17988
14568
1564
8799
21721
4320
2957
7279
14939
19870
10104
1388
17913
18297
5194
5042
22213
5676
7585
16253
8671
12359
2559
3166
18270
2145
11670
14108
21364
16753
6228
21882
13904
3308
11791
16517
13527
484
7433
9153
2574
13957
21179
18388
6218
12218
16812
13549
12623
15043
1883
16371
2347
4943
17661
17644
3232
11774
7639
590
16756
2220
14168
18663
4083
16131
2804
12016
18975
4006
19364
3104
16301
16289
14359
18175
14141
6466
9687
13606
5884
10556
18228
21558
13662
19435
8081
4575
9836
14369
8349
21411
20864
13335
545
3800
2896
2748
4625
11247
12855
18589
16389
13066
8313
14637
16531
15331
172
3825
337
786
13568
15564
4418
9553
12059
1273
22313
18434
18898
2311
8289
1537
20139
1385
2251
3827
4395
14396
5978
19594
14183
1729
13909
7449
9410
10971
17547
13275
2819
10688
6870
4656
21368
1945
287
17815
13014
13345
13166
13661
6092
2121
1336
2227
8682
14902
13791
3317
19927
10512
6889
7952
15327
17429
13320
21898
7692
17233
14019
18680
21115
8908
8221
14379
18206
20325
21254
22458
16685
17222
17020
533
1379
9171
17042
14663
4680
4820
4199
19953
4490
935
10144
11790
18604
17613
12254
1007
21584
7778
2837
19247
1991
14428
14841
20873
18150
5497
9166
604
376
18463
5531
5567
22163
22170
7509
19456
17054
15798
1444
8553
20386
8197
11173
12758
12418
5490
10980
11435
14774
18390
128
13523
7226
14585
20447
17571
7756
519
18870
16438
14602
933
19940
5873
15053
18694
10655
13043
8817
12707
22356
6330
6789
18722
7531
16630
3860
8772
9440
2137
20057
2576
9291
1313
4456
12523
22195
4438
9914
7768
19207
18236
1660
3066
4380
6696
20554
9418
5420
10696
1914
21105
15287
13259
12617
7816
17869
4525
5921
9105
21732
11773
10547
22281
10063
20717
18657
18860
8421
10482
13117
12158
2345
1979
2666
8469
21136
8003
5643
3465
6526
22300
266
9089
17374
5811
13727
20368
12741
9048
15615
15589
8891
4505
18405
6476
16997
18754
758
21241
7120
14598
3089
19040
339
11451
4957
16191
4463
9564
13962
3519
16661
14077
6413
8731
3090
8763
13035
5085
3887
3203
12123
8567
5615
18815
9129
14296
18308
11010
10615
21508
18982
1316
17442
16152
16066
10125
21308
14266
19529
22429
12030
910
16354
8074
14365
19532
22303
19366
2154
16070
1601
10213
389
21770
6407
11513
6887
21825
10600
21366
11606
994
15858
1015
5896
5937
7624
10128
16340
9905
20364
6457
3885
10940
12321
5817
7824
14623
9874
11295
6261
18080
21795
5171
12684
8141
19132
19318
9884
2199
17341
5827
4894
15090
6517
7900
12833
14352
11272
15962
4472
9645
21695
12545
21357
19943
5732
7929
7435
8153
13777
6968
18902
235
11508
11164
834
7839
5829
3765
16826
1552
12928
7111
624
16299
16983
3743
16970
14952
2118
19395
21264
407
4966
15898
1567
6072
199
4783
10116
21747
15595
15857
18093
9176
21463
7117
3750
21417
11461
6264
12588
17143
2608
12879
75
3061
9825
13711
207
16883
15414
6239
14354
8966
7599
7059
968
14948
18321
21161
14661
1591
13096
2498
4193
15132
18766
10412
338
6198
7020
21507
3259
17299
5597
16574
20338
9198
6836
21694
9803
19256
11955
1715
14079
9563
11534
7701
13990
3674
18168
8996
7946
3530
13980
16341
7974
7606
20424
10298
19002
22327
3529
12207
8248
22409
13635
10380
21553
20511
16559
8648
21295
2210
16919
10364
17618
9752
9582
22278
18774
4260
11492
8962
11689
6552
18341
9003
22133
17071
30
4834
16720
2100
13280
20602
18213
11371
16560
16744
17342
15185
13113
1642
11995
13775
16021
12245
8172
12449
17574
14750
10695
10231
18406
20296
21008
2046
21739
5894
543
4555
2319
14831
2357
11719
12175
7443
7172
9738
20600
17265
12859
18720
20500
17457
20305
2150
15065
21723
19900
21744
13813
9087
12576
6838
15803
14882
8022
12129
11242
1197
9943
17204
18966
13435
1345
16136
3228
21261
12284
12670
9748
1583
11846
4928
16534
4499
14936
3823
752
8688
13778
13891
9502
14172
2337
11246
9745
18489
4455
5203
9148
1600
17731
18471
18561
20269
21820
13686
5253
14754
5573
2250
8263
12715
9585
14669
12628
334
16176
10606
13723
20143
20834
12653
14844
16182
14442
2825
18629
10022
18644
4294
20994
10082
14461
9960
2990
4767
14618
7743
8412
19541
3603
11170
1194
11655
8332
16362
2267
18652
10756
10728
21931
3931
197
20029
14959
9668
15084
4037
92
1033
3929
7884
20619
18171
14995
11839
4731
11814
15496
1167
16237
20531
6774
20816
5633
2442
15191
12102
17614
9753
1014
12517
22354
14737
12138
1752
4139
14204
896
20922
20358
11640
7873
13158
17352
10460
21374
15421
11792
2473
17960
8738
10928
15442
4140
9072
9487
20901
6929
12899
8043
10229
11692
12572
22283
978
20809
10859
788
7215
3592
5367
14479
9338
22141
17209
4048
21482
14887
13991
9311
22350
1726
3654
21299
3799
16792
21767
1753
2845
18289
117
12868
8791
3243
12018
9162
3722
7057
17402
3718
12471
1930
18493
10396
10382
841
17814
2492
2414
13668
15619
13219
2992
12598
18843
6101
22069
11596
115
8734
15247
6401
6250
15607
9310
7995
17793
21022
3382
17112
17325
7740
1458
9092
17838
474
13161
17642
10328
11442
2737
8674
4080
7319
14574
17554
8087
13040
3094
2164
15490
21975
10375
7608
13397
13648
65
17022
14600
14819
3006
17593
12843
19714
1527
13923
16827
567
11417
4203
19
13010
79
1128
10674
14069
8552
7098
2478
7547
4279
7381
410
11400
13011
10107
3933
18076
14229
1558
7346
16611
8143
16667
10028
21291
10876
7876
19208
1579
22024
2949
20220
4641
3360
11126
1927
12738
6639
6911
12925
7015
11368
22385
6539
13326
13520
17211
15870
21590
21132
19111
1078
904
7178
4758
9141
4547
2476
4667
17945
11450
11962
11646
680
3907
61
7644
18438
8543
18035
2373
21811
18259
3323
21639
18913
5504
7386
16451
11231
2726
12326
3353
5526
1045
875
10757
5525
4336
14106
12402
8102
9900
13743
19270
11984
15172
9809
19096
20030
26
21895
22294
1633
21330
15720
18441
3548
11241
7082
9297
16278
6174
20770
727
11664
983
19072
9222
17697
5593
17174
18395
681
21716
11764
3818
3229
13193
12126
6558
14673
15896
4557
1889
21488
12395
16385
10522
22436
6991
8079
20863
9528
18989
20152
7962
21601
8144
19282
22406
5495
11353
1310
18686
11810
21782
8222
19581
11270
22210
19784
18267
4931
9878
22187
18352
539
6989
4735
13972
5464
15768
18032
14896
15189
8653
9584
16876
2733
20480
14410
20930
12729
8375
22340
6504
8784
1258
19695
10996
471
22020
16158
8509
2917
21237
3589
14184
7947
8121
22102
21719
5419
19389
20721
3461
13545
18969
18311
16155
8750
17294
20251
17227
12289
7302
11978
9332
2833
4179
1972
3267
5479
12883
131
1123
360
1144
7857
17196
7207
17134
4560
4875
3499
4454
19056
14058
20276
3628
21152
4126
4487
11878
7728
18556
10707
2101
19061
2141
3093
18939
1176
3478
15133
19490
21197
13215
13869
4702
5334
5435
12202
3249
10735
18338
18632
16728
9765
1839
824
4256
19511
3662
16867
20601
7340
10468
1082
12992
18212
10539
19861
6065
9800
8113
16571
14394
16537
11711
6053
13271
8142
16098
20564
16934
5408
3140
19244
15675
2760
11628
14732
747
12108
17588
16129
462
16503
21500
1845
15324
15880
19877
11538
4984
2854
13605
2596
7411
11359
8213
10135
13633
20966
22032
9572
2441
14889
3981
13536
13935
18298
15976
800
8720
13812
12406
4779
18851
11691
5300
4131
13290
8247
13407
11124
10307
15369
916
13091
4163
9629
3545
10211
4082
1057
22375
4145
9924
10783
15813
308
12885
14584
14878
780
18915
3467
1114
3911
9258
11957
16845
20737
6865
6894
16869
10049
18864
15974
13488
927
1502
3821
18423
555
18156
14180
20688
3421
11715
15950
19847
11958
2507
16134
8103
12938
8400
13640
13087
10822
8165
19671
15089
10759
9249
14539
14001
1048
12561
8006
10470
17414
344
21990
1872
21868
8599
5671
7703
10047
18348
1211
12148
13155
6439
12553
18940
9118
20928
13318
19130
18432
5982
6473
5717
15460
3344
11454
11474
3218
3699
11779
14455
17332
7316
9267
2237
22447
13841
20423
21426
14315
6021
6159
20974
7424
21382
10249
3060
4183
16279
9690
464
12694
14510
13701
13289
7950
1063
9280
797
8378
17109
15914
16903
11245
20495
10266
21068
10164
10448
16240
18934
13185
15678
17839
1814
3495
14861
22265
16768
12237
15811
4513
18140
21060
9959
1608
18474
8181
2933
17293
12042
22207
2031
4200
21958
11946
872
20945
10425
13143
3069
4732
18707
2191
4204
6411
1096
13875
16102
16265
7630
736
3557
1315
3665
10508
2321
17996
21563
19447
14084
8801
10531
9103
862
12543
5509
14823
11181
16267
21880
7202
7254
16854
1450
11659
8785
14065
19402
12101
2680
4666
15119
9662
8210
20069
19562
22237
13146
10642
17622
6336
9120
12732
20939
20812
17409
19488
12153
9700
15135
11537
716
2435
4504
21315
11811
16258
13114
429
18903
20243
4265
22275
12705
497
22410
5897
3968
9973
767
10580
4008
20888
15368
3639
1451
22398
19973
5359
614
12958
17553
20725
18478
12496
6830
19269
16986
612
17998
15887
18546
14425
504
11142
1156
1391
6243
19918
5500
10354
21604
5257
9736
2843
16765
2268
2465
13446
11150
7516
1459
3350
6923
19400
1416
485
6583
1885
21522
18819
7767
2522
15585
9861
9845
22461
14187
3894
11603
220
10884
7537
18165
9857
21055
22161
14595
19518
8129
1122
4310
20594
6008
22200
3681
1631
10955
6290
15967
10990
3457
1171
20100
3746
16650
16388
5796
4030
13385
7875
11730
17092
11304
11509
1213
18264
13544
649
20348
1926
11098
21570
8616
9436
17709
869
10007
7102
13147
11686
16369
14406
15927
303
4541
2205
19157
7026
16563
16092
17135
3745
11264
4751
15292
6515
1415
17972
8934
5575
3733
3456
17394
2065
7611
5794
7912
11682
7959
19479
4812
14070
1865
3528
11996
5825
15622
10855
9820
13255
6023
18530
18444
4621
13074
2801
4257
15854
14434
19616
6147
15545
9844
3392
976
9892
18869
15281
7490
16215
16687
14821
7549
13026
19689
22074
10717
18806
4244
20419
5196
6269
2898
17688
15994
18588
19759
85
16080
10191
3842
18563
6043
3864
7862
9630
7623
21437
13065
13429
7973
535
4190
1956
10223
7885
15814
14668
16974
11040
16745
16173
13749
1009
15473
11933
4042
1907
3564
5212
18892
13879
5362
1426
4321
10348
4110
16266
18668
14632
2428
1103
10453
17131
14946
17671
8183
17102
7558
20508
20923
7823
2331
15855
5443
20661
17314
9610
10834
20173
4365
6999
17534
11339
3118
5409
2638
15446
7262
18220
14132
12278
4911
17872
18955
6680
11095
11577
3638
16691
6135
15624
18045
18911
6686
737
18618
2260
12173
6663
13204
18624
8606
2936
2645
6575
7091
8557
10821
8585
8291
10077
8716
20954
5376
12565
5233
11598
22047
1455
22400
10786
22165
9699
21225
19537
7934
627
3358
9883
15388
22099
13450
15374
14506
16272
2660
20383
14191
4631
20807
16113
21726
1257
7680
13230
15305
17490
11290
6168
12584
3176
14306
19823
5413
8112
2477
11019
7360
2953
15079
11875
10140
5744
7994
7144
22253
7811
2693
4241
4171
11317
21876
21324
2396
2029
18025
7476
3413
1571
12307
19311
18066
10835
10883
509
18699
16865
2122
13386
8876
6749
21634
17515
8027
19465
672
9562
15121
16212
17052
21478
19107
6905
20651
19717
8677
20415
4094
1430
7142
18350
18592
19977
20074
14400
22333
15853
1453
3655
22080
18533
12311
19163
21086
10269
3418
9624
6180
13588
1952
4765
14329
6506
15505
11557
4219
7647
4857
18812
22328
9826
19480
17561
6109
19009
2948
4925
17024
12134
14150
639
11630
16586
15728
13995
9023
10465
2242
18199
11580
20001
11172
1281
13191
8586
21790
7119
1317
5880
3602
18714
13324
12319
1731
9676
15692
16875
8447
2098
19712
20270
4059
8885
22008
16600
7528
7506
7662
21266
9219
22031
15704
5010
11464
2283
9930
4292
4354
13181
6708
15111
10261
12433
9080
10367
16440
4713
17439
17562
18523
21812
11555
20136
21038
1287
18461
9108
13160
15709
8582
15886
13409
6398
7384
7766
8004
18743
15409
1259
20668
15188
16190
8715
4687
8092
908
1044
14130
5280
15871
18392
17908
14201
20744
5610
7185
1019
692
7827
19154
12547
12090
2080
16979
8107
18803
12753
11348
21910
11406
18933
3096
16247
17355
11083
2995
4492
2511
19196
3293
8390
9760
1241
8700
668
20987
8746
9184
9691
11064
19726
11393
5282
20820
2907
19411
6288
19999
17199
5803
8718
9178
13915
1358
10897
10560
11163
16138
9234
18899
18380
5911
1743
20101
18614
16205
7125
6737
21037
16370
5501
13283
16390
15283
18039
826
10391
9581
19658
5378
16838
17857
11185
14542
14073
775
14167
16804
6595
20708
1989
20810
13594
52
14448
18849
19554
5601
7861
821
19459
8394
10014
71
11108
1548
6649
20576
22351
19752
19122
9830
10946
16223
20300
17261
7452
3512
5381
7874
14773
19853
21074
21350
16383
17634
3190
14905
21512
4153
17630
15730
855
13906
858
11128
19303
19984
20728
13377
17730
6521
16411
1346
5142
20831
11216
10989
15909
20704
18524
3281
8915
12962
20072
7699
10189
9475
15487
11148
6783
1245
4999
14803
5589
20088
14254
1329
12437
7367
5031
13201
19941
11217
8072
19720
10115
19963
15806
10341
10006
10974
2385
12397
15942
14567
10457
8211
8522
7046
9411
9761
16766
8532
9862
8410
11352
135
14935
436
507
8025
12686
9663
22322
21137
5886
5291
1389
21885
1844
19641
16598
12204
6170
1790
7342
21980
19249
6665
18120
13111
11232
10583
17927
17235
18028
1520
12677
11891
1196
711
18697
17075
15874
10052
2426
10981
7722
20683
8096
17870
21102
35
12549
10366
2795
6201
11327
20066
10479
1869
1029
9850
5069
6077
14712
5740
11869
547
145
20671
15734
10612
15680
13499
21661
18009
10578
8265
15003
8979
3475
15679
15197
18407
11998
21686
3667
9841
18197
15323
17791
5520
13566
10152
990
12747
1832
11432
11123
15009
13877
2419
15879
9979
2987
13238
7281
3034
3892
10709
21480
3509
20096
15983
2483
5425
21009
6523
10782
8160
3455
21284
13394
16335
6513
7712
22456
10344
11403
19692
16638
8940
14782
2495
9112
8086
5129
973
2811
8149
8300
9593
18576
11888
15977
13519
21615
9304
10112
3919
15187
5157
5697
13576
7685
15016
20644
7245
4604
6857
517
21387
17474
17237
6079
17331
11930
11505
19547
4327
11569
21700
7060
19018
4242
9074
12848
2911
9419
8224
1489
20392
3560
7618
20208
9655
749
4729
12608
9356
2588
4475
21018
503
8877
9314
8380
4142
15028
17832
6790
1335
7267
21208
13171
15093
13956
8800
12660
13294
6033
17479
14011
21413
3399
15201
18788
15657
20524
22266
13088
10322
9686
12179
5572
5693
5321
11020
21750
9977
8893
7064
14863
5556
9751
9282
8088
16684
8203
4828
6651
5545
16540
15066
2235
15707
11951
11826
8629
4422
6817
21000
19099
11734
16747
18106
9
8259
1797
715
15163
9050
3646
16855
7544
7711
15404
7951
8982
12567
13061
10043
11609
3867
15238
20614
9602
8764
10472
2528
1681
21856
7675
18477
12422
5842
1884
3514
19416
13007
21662
21153
9340
18708
14071
16143
11767
5832
10492
11704
20469
13631
10857
19618
6568
19388
8722
13797
5392
21502
9571
1400
12521
7103
7732
21918
12504
11647
7361
3024
15538
13597
4707
21802
17104
8279
16664
11840
10149
15166
8273
7904
13583
5102
16228
18555
16914
4559
1695
5658
2988
15301
11876
6366
3953
13796
19171
4579
1867
7746
10818
13627
21706
14981
8341
27
2410
15082
18109
17889
11804
10316
17151
4598
20028
15000
2020
18879
2669
9478
12338
19920
11623
7521
12839
17728
3380
8783
10563
2270
6471
12951
18115
6124
10875
21006
19286
12439
17824
2285
13760
15695
13618
19397
9012
8578
15739
6287
8192
11545
5889
1469
1407
9898
19835
7491
7078
10146
3179
15165
7797
1017
17201
20935
16332
386
12953
10918
11458
12243
3688
5559
16748
12896
6538
6512
10474
6356
17292
12518
5352
238
3058
18149
17949
22110
6368
3839
6252
16723
10837
15173
9168
19413
4553
9167
11325
14412
22054
16029
11872
19348
2909
4855
12116
11213
18059
11563
21890
1210
143
16933
5240
4629
18397
20906
13223
18642
19872
17577
9919
13090
6597
9589
720
11723
6581
20686
14436
6745
16695
9887
10507
14814
11843
21017
20534
5695
12812
8967
14725
14967
12825
11614
11954
16393
20835
13837
3830
21333
12104
6446
20007
15749
16686
807
18798
15830
20660
10349
21752
5939
18719
778
4376
21026
1141
20292
21440
14719
217
18391
202
6489
12748
10838
17184
17249
4550
10660
12371
17063
4890
21942
17378
19992
465
11081
20892
17254
19668
21296
19219
12453
2061
13313
6155
14482
12939
17702
20572
12866
8098
13563
3007
920
14029
17215
17655
2815
11893
5313
11907
14728
1908
8117
6650
5310
9677
15995
787
6273
2216
10722
19647
21505
17376
9461
7655
21047
8919
6839
1811
17040
14027
10599
13432
11518
12983
19525
11145
4587
3698
577
11672
20193
6578
6209
11354
14255
11639
10991
1148
20381
470
11720
20649
4608
15161
17166
14271
19995
20653
20672
10100
10853
19571
17590
16405
5126
22323
7372
6314
20219
10977
10065
22021
20913
20435
14739
14242
20787
20493
9739
8655
10384
14848
15290
7286
7092
1161
3343
21626
20440
12827
20542
8605
5672
2226
20497
12665
14199
333
9275
10002
21660
18641
561
10089
2597
2986
14913
4011
14050
6610
11952
16400
19358
6917
14909
16508
8724
21492
16005
18273
8762
12430
13799
15074
5386
4506
5980
2494
2720
8306
21619
16355
14788
1127
14922
8477
20024
11189
6461
18074
20886
10520
1622
18359
4601
7047
6596
13669
9588
1132
20559
4134
12746
21914
12417
2017
15330
1800
21837
21388
7468
3623
19478
14758
144
8814
11473
8661
6971
10475
5856
3761
6755
5988
12789
7515
12312
16071
5332
7487
15740
5450
15778
10684
9363
12372
9891
16338
19231
21386
10108
14762
9709
1188
16213
7401
1871
10004
13200
3789
18203
11239
14838
3368
7956
2946
9759
6067
4552
2048
13852
1664
6983
20693
9623
22140
5125
21337
8155
4512
8053
6076
5074
5535
9396
12828
296
9027
10789
21667
10075
3042
18069
4965
11154
1106
20388
21202
6015
8980
9006
22270
16219
11932
9450
744
5966
9880
1445
3507
15848
13041
14627
746
16160
6906
3990
592
12369
18413
8047
6233
6424
4014
1683
15702
19659
7903
10804
8054
4135
2868
13487
19757
2309
6732
13229
20667
5866
11709
18454
21501
13339
22234
9225
3779
13325
17298
7604
13507
3660
1561
5788
11087
12208
15717
7255
21365
37
2787
18162
6593
17741
8989
17999
13865
6111
3928
7034
8579
16270
9714
2278
20294
3336
414
10964
165
16489
9179
4879
13268
12844
18507
5773
1750
1919
15842
2376
7335
12288
4956
17014
21491
2558
127
18804
16304
2793
3893
7847
10446
18510
3974
7036
1110
14208
7068
15068
2487
16428
18361
7461
20297
2523
6563
22462
15947
21777
5819
11107
18967
13430
6237
19145
18364
11203
19200
6702
13402
12996
18833
8391
16775
19834
6919
3967
1462
5951
12198
1939
1525
4213
18378
6773
19818
5242
12368
2884
13274
1577
1000
13023
2838
12006
13920
20455
21988
5790
14122
14231
18379
15971
1611
7173
14022
8198
9978
10500
15911
15223
8407
12978
22098
21629
5987
2509
22034
17311
12345
17703
467
12794
18809
16491
11285
10519
15923
13367
5989
10733
2424
21627
6442
6272
19024
19333
21675
9382
4693
3863
3216
18500
1923
6114
10820
13374
16960
9675
4761
1528
21016
6777
8013
8794
12943
19736
5396
4796
13741
20218
6445
15663
5167
10657
17392
890
11322
11193
14470
17318
9116
9339
318
853
5569
12763
12935
21171
7133
3012
4150
2534
2735
21836
18091
13205
13767
14575
9073
3263
10263
21483
6206
4440
622
1860
16326
5598
3524
14438
13800
21457
17408
346
11796
14984
267
1274
5351
6357
3079
18931
15467
2650
5466
21149
10902
475
9970
22203
18063
7961
19239
7211
2870
13664
14048
19657
12977
19296
688
17896
22000
9998
3511
20407
16329
19492
13874
2790
21578
8358
20700
14853
8645
19015
17532
11679
22464
18954
18447
12423
15555
409
16468
17735
14646
3815
1801
9608
14693
17715
8393
3334
8301
6658
1685
5265
16849
1540
15725
19623
13140
17171
13455
7027
8267
21469
8032
12556
10767
13168
14210
982
14906
897
17967
12302
16172
753
21690
22364
15313
4394
9061
1621
22075
1755
19006
3675
5068
15384
5308
14297
16061
21300
7373
19380
4924
16386
718
8422
4824
18665
22176
7583
4332
781
7017
3098
21843
1308
14021
17785
15792
16456
16615
4746
17743
16629
22276
19036
13780
15885
16726
8020
2874
13988
14571
3388
18192
15892
21103
3339
7402
3492
20073
1757
8730
10892
13372
10544
9365
21307
15791
19060
13236
20806
17984
22312
10117
6642
3390
18200
14770
11222
13883
6842
17721
17564
17387
7385
7277
3238
17257
17658
887
18049
1808
1941
21746
14808
119
16833
7108
22390
1306
4789
3446
3417
16558
19553
1918
12798
5296
4602
8200
13789
4896
21170
74
16616
18769
