12448
2598
14534
16107
16739
21979
10951
15268
16707
6071
18521
10557
15445
22128
10854
14850
8732
5554
1739
21813
20753
15686
20422
19827
2469
2817
21260
11794
21345
14018
5404
12656
13641
8448
4537
22212
14262
9684
8441
11923
21786
18329
6956
21691
19263
4255
19892
6399
873
18433
21677
8822
8840
15561
460
15464
14125
1842
11693
13710
18415
15510
20334
6236
16302
16252
20341
17992
17764
3150
7061
22117
2467
12277
183
15406
13321
20665
16483
3853
16816
18741
2389
20779
4402
18608
6292
16841
12370
15245
16863
11552
8933
4435
7845
2901
2518
417
18371
14702
5678
5299
714
5290
20577
16893
17369
300
7538
16562
17841
14173
7935
10111
18993
1794
7603
19715
15939
18247
15863
5861
15195
3914
6546
7409
16655
12494
22157
11565
9586
2758
2234
11927
13625
15106
5727
19142
22010
4937
10541
10476
3715
3714
14193
17335
6866
14520
8405
16056
2060
13692
15881
8285
3966
16156
10221
15335
606
21995
9062
18525
9730
11973
1343
17763
12829
372
11944
11695
5639
4717
17898
21092
7992
2779
10686
6691
3189
380
3780
10359
5127
16752
17264
3832
19090
5738
15876
21756
19917
17309
2307
21381
4612
10573
22365
7044
11397
13288
5460
11094
16649
8359
9658
5920
14431
12997
9544
22444
7706
5124
