21206
20613
11990
14013
4414
4609
731
11409
22020
4975
562
22032
5278
22406
22237
12293
17908
21258
9841
10754
4040
5084
4884
9040
3176
13527
21846
10553
21582
15375
21275
3371
20249
15850
21307
13087
3214
10833
14673
12549
8811
9043
549
109
4684
13528
22099
3070
17929
651
13666
9094
3559
5689
5783
3590
5940
15337
2781
1601
17297
17650
19656
1229
2103
3857
16788
13194
20708
632
10976
16362
10358
10893
17032
5607
515
18109
8992
10120
1481
12309
11279
18401
7395
4883
1129
2395
22246
9740
11143
3689
14146
1919
3574
17157
2527
22368
10597
15484
7524
2267
9687
22129
10667
17373
12699
7293
10547
21804
398
1605
16726
21792
11480
8308
12055
4743
18489
9365
21111
3290
3446
17428
38
16388
17062
15067
1082
13743
13510
7229
3171
782
4024
14350
202
13475
20115
4769
19505
459
18819
16552
20884
5386
3465
6627
18282
2000
13483
18679
216
14540
8419
4334
4669
10214
21016
5921
3149
13904
21745
19821
4342
19527
7737
20087
18885
21503
12296
19647
17381
10198
10211
21888
14432
3072
5895
237
18565
17538
17924
1425
17181
9608
19576
10773
17946
15203
3619
18933
14994
10466
3642
1757
19415
20714
18504
17200
6781
7350
6548
2667
11943
16182
231
18555
10238
3376
14818
19159
11762
9111
1181
22461
14363
13478
4755
20698
5233
14490
5757
15700
21674
5122
12617
10060
5279
17931
4621
15041
5379
9045
21358
17156
5803
1016
6429
1518
5471
3144
12548
13308
3531
4447
14858
5125
21628
6008
3977
21958
18346
16068
16081
16111
5665
18252
4578
18124
5179
19108
6644
15127
19813
20117
4720
7068
11865
17504
13192
17092
3485
3970
17654
16543
14302
13175
20308
16170
2128
20655
19770
4603
18126
13711
3988
3906
18261
20001
18540
12106
17900
12166
1499
12813
6362
1974
16749
15795
1122
9863
9425
18843
12420
5923
7687
13972
19970
1151
17846
19201
1304
17269
11881
18780
15405
8760
18215
1401
14349
14645
4974
5434
13633
10810
16596
6695
19800
1611
1174
16932
6793
19220
21579
13781
17733
10566
10712
4630
1809
20722
2884
18469
17813
10942
6094
840
6118
16715
5454
16561
16863
8847
18827
19819
13722
12363
22218
6350
20204
4933
3990
10946
5506
14106
5735
2468
21796
11542
20324
12401
21857
11675
9137
15291
995
13273
13585
13577
16011
2480
17909
20861
13611
986
3912
3123
7661
7384
9394
15770
13070
5145
9119
20297
4376
19048
21483
20214
17702
15439
520
15833
6037
17557
3432
7497
1849
15176
6144
12239
11315
15317
10970
12271
7049
6689
10259
11316
16004
20057
18224
15997
88
12700
16086
18554
21871
11946
10295
10323
7838
18942
13453
19001
11985
15728
16114
7860
8571
5808
9896
14210
5846
12584
18888
783
18559
11734
9403
15622
11196
6133
6365
16474
8988
21118
14170
12807
8470
20006
7346
14589
21554
5264
3622
6093
8867
11091
2
6556
20237
14983
11383
21498
19713
12971
14987
4149
9122
21026
12018
8617
11181
10122
9246
11833
14786
20659
13572
15556
18732
7378
11733
15400
1559
15363
4701
12612
1188
6578
4849
11006
11777
22109
2898
7968
18728
11268
1732
8954
9725
13200
15314
6308
1121
15780
21223
15462
14
1464
22297
12959
14733
14033
7158
11666
4830
713
10508
21684
5398
557
3311
19867
1716
3950
10367
8515
13094
6891
7609
22345
20998
15978
1405
14471
6109
16585
6880
16384
7280
1311
2846
7846
5795
13028
18053
22119
6417
9977
14055
9562
10182
14186
5292
9388
5824
18188
18431
11835
9200
14780
8928
2526
6660
16419
7310
10860
5150
20846
12281
19430
7960
16789
18302
8154
6728
17185
10484
577
4117
6734
4745
4650
19171
21157
5018
9478
21645
19899
3674
8704
2555
19372
10968
21357
7494
3134
17360
5537
16489
16603
4300
16697
8574
15384
3469
19515
21211
13005
20658
18724
1599
3508
22000
5598
6480
13797
4462
8138
19927
13357
18494
10229
5805
9019
13430
16446
13660
22465
8530
6351
14834
4098
19930
2133
11210
1367
22290
12432
15472
8893
18989
16418
1951
11010
8690
8807
6651
3361
20555
21474
15799
18230
19035
13179
17226
13084
19385
8299
9409
13419
20915
9168
11075
19969
6208
6165
1267
11033
20358
21323
16354
4952
4264
20594
8217
993
2946
18181
7767
1835
294
11387
1357
12267
5234
1545
3563
5562
14271
1907
12461
4722
13889
15907
2748
16938
18848
6726
20446
7170
9492
21699
19988
9723
7015
5653
3601
13222
3668
17620
7208
7698
10086
2118
300
11170
20155
20380
8335
15506
3197
21208
9553
12254
511
18578
9926
22041
7168
1342
2709
550
13333
6542
17347
15731
3711
5606
7218
8255
13795
5632
1071
21021
20002
12355
16108
8331
8730
17298
7484
11537
18441
16200
16674
19375
14610
12651
847
1411
22404
16723
19144
5289
11322
10814
6474
3195
3829
13788
1530
6413
4945
20182
21676
10750
7964
14238
5257
12418
19811
10835
14794
10368
15037
13180
5987
1246
7549
20566
17256
12443
6466
13639
4426
20444
2649
857
10170
20356
19079
21594
11556
7074
4708
20827
1965
6514
4814
1727
15765
12787
4251
22138
7016
15792
21117
21881
1971
4378
20160
5272
9128
8856
19559
77
19003
1928
18921
9987
17237
95
12519
7692
10596
4005
16888
14137
656
20952
10042
7051
13193
5310
10075
3964
13958
18061
8147
14863
6927
2072
7546
7938
11573
18082
6607
3791
20265
18264
19330
14771
1285
20635
18058
9693
6106
7914
2051
13099
7166
21053
14449
5376
100
992
6464
21930
4214
6545
671
9474
6964
6489
14627
8197
17213
18308
13775
16514
19877
6926
5288
4268
2486
5323
15854
2236
7341
13968
3224
1695
15660
16898
9631
21017
21148
12386
13172
11813
9579
3618
11288
18767
2978
16952
4033
4423
14281
10873
1524
14766
20622
12451
4653
3034
21866
1851
19300
21202
6688
14633
6599
10255
18020
22438
18407
4119
12558
17425
11161
8576
20355
11243
12183
4674
12084
8355
3445
9222
9075
21672
20360
18978
14164
6193
11557
13289
14683
10783
9311
2510
2908
17073
9700
9626
5677
11830
16285
19454
13493
5664
2195
7596
4175
10867
4303
21445
20921
9463
9883
9869
21264
22071
979
1555
4361
9423
7585
14626
10420
3480
9422
17270
14321
14588
13377
8424
2531
5393
8256
12453
21764
613
15851
1651
10293
10555
10277
1131
19539
8509
15440
17351
4274
3888
9078
17749
21731
7859
1707
18977
2074
3750
6088
1842
19445
7264
20676
4685
20832
12134
17339
15323
18697
7485
18851
1207
13098
10677
6717
17684
19886
5538
13469
2689
239
19438
16599
17962
1366
852
1648
18339
17386
9551
14342
20811
2159
3141
21528
2629
3762
12131
454
1238
13682
9343
20422
1381
7630
545
16371
16835
1539
8040
11855
7566
8691
9505
10292
9498
6677
3186
716
1158
7872
6353
11433
4536
16254
22033
8973
8475
553
21461
3705
6495
21678
20656
16803
7646
9124
10302
13806
14860
19221
4822
11121
14334
9842
13080
9764
8639
3363
21338
1134
7084
14531
14614
5383
14692
19837
6169
12657
20776
8020
18105
12331
15059
1805
15620
9155
21381
11490
14879
17932
17044
5503
8347
2471
21430
9946
21808
5529
14188
21049
20071
7448
11272
19602
448
18500
15893
10022
18701
10995
7216
15378
8421
11861
15740
5563
3889
8392
15240
22091
9777
9172
17271
18557
13718
10309
19285
145
15619
17922
22042
86
10116
10094
12586
19249
3592
12193
6650
14440
10579
16110
2605
4328
14424
15778
13295
3678
8079
5485
16378
8302
9038
17669
7925
10360
14601
3707
4690
3473
4911
1594
5822
178
6320
15259
13410
9645
12873
10029
543
9643
2612
4266
18062
7058
3452
13366
19902
12817
16029
638
9411
12315
15947
22152
18012
7359
7222
21242
14166
16506
2481
5045
2081
4365
174
1623
16924
5586
5308
7103
20296
7710
16755
114
15311
8163
21353
20220
5709
21103
15704
8495
4832
3298
11548
16414
2558
13246
20888
8054
1558
8053
8303
18176
19980
21962
10015
3283
17343
8629
20191
12783
12603
22344
18589
9836
22300
1575
3946
9969
8452
14583
8637
13387
16684
2301
13050
3700
9973
18996
14517
13823
229
15399
20452
13813
13208
9682
20344
665
6455
2359
9790
15928
19788
14355
13770
15084
3083
15275
12143
20131
19613
10287
20980
11261
2913
22100
13344
8778
11306
8572
15312
17323
16954
5439
5745
5729
21944
14419
22116
20089
18953
7146
18150
21798
8858
2500
14286
11460
14414
9219
21981
18354
21352
21563
11421
20525
2811
19397
18016
528
2671
18742
7772
15930
378
1949
9815
16586
1223
7831
21586
7900
3848
1970
11031
8915
21388
11283
9712
4507
6799
14297
5515
5765
8141
17613
3007
11465
8997
2107
18101
15411
5857
12056
14412
17789
18860
10648
3091
17554
230
3117
8753
617
9667
22173
18223
16100
3351
21754
8610
11162
4196
12382
16126
14675
13520
5296
18706
5341
3555
21160
14179
7128
4533
10409
4658
3640
18435
15028
6155
1396
4419
17671
14438
7703
5961
322
12708
12992
22312
11897
11249
15463
12530
17223
4434
4943
12048
13213
13920
1962
18532
18002
17648
22327
17426
7990
8809
20426
7907
4833
14123
20339
4660
21762
12437
1333
16890
8018
13505
21907
16960
21216
5360
912
1945
17003
1159
19337
7611
21003
3463
3487
2039
19126
10387
21622
14852
5791
5866
480
10248
11619
14881
14666
6555
1560
15831
8291
18331
10800
15753
445
13650
21690
19891
6393
13810
12142
16177
12412
12070
4138
442
15194
20519
7885
19482
16311
4083
12017
19670
22336
10723
14724
8780
15515
17718
18064
341
7473
17570
9887
21648
1619
14524
9727
14138
2734
9139
19117
19019
5608
7141
22026
1424
11225
13301
5366
15516
13205
9566
8423
7672
138
6026
8211
6869
18094
22110
11858
4827
1344
6274
6552
22229
858
16663
13282
7330
7686
12611
10562
19232
13623
20790
22231
12981
2497
4324
11164
7343
8084
14503
14960
8686
407
7457
18753
20421
5135
4797
15204
19257
2904
4763
4683
6461
18085
1740
6608
18666
20521
6664
18049
3060
17077
9410
19141
9661
10279
5944
5224
9808
16604
4108
8318
16045
5816
118
4998
8343
12402
5208
19881
14488
15900
1032
5640
7389
17839
8783
7175
15563
12219
16320
20953
10684
9503
14944
11370
1327
6678
15865
11369
10869
2980
14539
12610
9380
16264
2809
9520
6121
1670
3872
12590
2516
6257
14425
17960
11999
15846
14717
12771
17214
7447
4288
20370
21577
952
19147
10158
11166
17769
13700
5967
3458
11303
3364
12014
4871
6315
19000
15352
10109
12278
6988
908
7655
5991
307
17087
10465
5055
4773
19844
17439
9701
3951
12809
10482
380
19470
14323
12879
18219
17437
7588
11377
3232
7690
7383
12063
1127
9988
9164
15891
18878
18862
9458
741
166
4767
6200
19808
18690
8104
5862
6136
12472
20269
16037
11312
10742
18025
4727
12541
20317
18021
211
15752
9603
11258
16753
5414
2317
7476
5447
13545
4765
8167
11823
4680
362
11680
20511
64
19016
10325
19661
14957
5443
14552
4668
5839
2189
1503
10717
463
10651
13347
8027
17325
1542
16367
7815
4483
7873
5928
14877
14145
21590
11521
16989
6402
17785
10837
11701
10558
15371
7424
14441
3841
6783
3982
5626
12701
13549
21526
13264
18391
22427
13679
18850
18461
879
9495
21429
15126
1789
14066
21816
6159
20112
12500
18166
1440
6749
2055
8716
4313
19467
2247
3343
7436
9063
17706
2364
10286
6716
20935
21142
20194
15623
16805
13850
5218
14446
22441
2768
1903
19784
16988
19277
1255
1157
6050
18140
17864
15008
7006
1146
20027
16602
14278
14199
1533
14555
10656
9132
7116
1930
2027
3451
9479
9429
5252
11585
22058
18121
13079
18486
16883
6153
22388
14435
19045
19427
17056
8238
6641
13524
16579
15179
9264
1219
9000
953
17146
15274
7940
20401
3489
20546
14466
7249
1938
1817
2438
12012
11731
20647
13374
20116
5090
6824
364
20939
8878
14523
2674
17535
8360
3020
16639
19481
11407
18791
21038
18496
17434
11862
13890
4645
10518
256
21643
13148
22346
20797
15222
12680
14313
4244
17423
2018
735
3633
13685
2850
14330
8121
20640
71
20908
9907
8666
2644
12728
8169
18567
7725
4677
19403
19669
2540
11464
696
21104
5017
21260
4634
8752
13946
21486
8787
16090
6909
5174
153
18812
15732
21909
8877
16179
17936
6518
10927
5253
21173
9067
5843
20074
4011
11842
6539
3402
14573
14160
5751
4103
6576
21988
2567
10415
5022
13943
10443
51
18961
10375
19442
14856
10217
11719
19516
9965
8004
4137
17152
15923
1814
2575
9197
1306
3731
13472
756
4177
9882
9592
10369
16485
10131
9006
18440
21229
16376
18857
6559
12854
4035
7550
20759
19977
7886
8400
17224
14522
9408
13563
8668
12419
7112
7443
20299
17306
3075
12554
21774
18872
9445
18038
18856
3253
13866
7172
17990
10459
9554
16190
13713
10969
3131
17318
19843
10009
18276
7323
21619
3019
19240
15683
20983
17420
11041
5480
6412
2270
15479
3078
9533
6807
13864
5699
20878
3765
15435
369
12941
18214
2728
15358
7573
3682
13269
9207
10831
21122
2661
9733
4200
7364
20636
10227
20368
6668
13994
12565
5927
16690
21760
17113
21931
11351
8898
13186
20061
8041
2197
12230
13049
4622
6410
5702
21443
10239
5624
13546
1013
11513
9440
818
3481
11970
12238
20330
4420
14183
4185
16861
16237
19883
5997
18338
89
12826
12658
4232
334
18149
5684
9081
21541
18355
10271
5651
15475
11978
10472
6801
10011
4617
9593
19009
5338
12039
21516
4238
7446
14779
8598
6786
11403
9619
15190
6336
8825
2063
16026
17865
15502
10577
7303
4758
17914
593
15965
15004
13801
22304
401
19004
6346
10642
9560
11043
12404
8132
1106
1053
20397
9826
15521
11266
18685
10407
6812
14632
1597
16761
14381
20576
8351
11694
17964
18005
6348
4792
885
11570
1376
11618
1312
14951
20302
9308
10213
14712
18997
10704
3971
16721
7527
11044
10299
14865
19105
4963
48
17803
4284
13881
6522
9363
21542
4511
694
15847
13010
8494
16672
7425
2790
21197
17136
18253
19145
21149
6216
10346
9103
3580
19678
575
14017
20926
17583
17640
8564
20890
15045
12042
5050
703
14223
15719
6423
19213
2298
12780
15032
10290
16667
20484
5601
2299
1169
7658
2329
4107
4071
14525
22197
20129
19326
8486
6287
2578
18591
18835
7233
17829
22122
2754
960
14103
3379
12690
21607
18135
11368
1208
11642
17053
14699
11712
5580
7853
4326
9834
11560
727
1259
7715
1684
20699
9176
11489
2964
13437
15293
20619
6744
18858
404
2430
21515
8804
5721
10686
19923
13368
10340
163
10613
7349
18577
14233
5758
18714
19368
246
21491
13960
15134
1018
15206
21024
1413
4729
12391
4066
4713
3092
4959
16205
18960
3128
10542
19847
4629
3235
5962
5963
12064
967
13006
6378
4160
9793
18864
16084
10979
6369
17881
11831
18196
12951
19533
18364
5821
12057
16454
11290
17751
15467
22037
22159
12704
16189
289
17468
10034
8506
12482
21679
7506
13073
21088
4637
21843
18523
21980
6523
928
8207
13717
1590
3624
4204
9984
775
4847
15607
9821
18138
18688
7751
7125
5133
841
15684
13163
20081
2375
14801
10513
15806
1922
7150
1243
8853
12
11467
9144
18488
19124
5042
8271
18560
16319
15950
16407
957
14226
2670
16028
8967
3943
13499
13659
1062
9804
7970
414
12742
16299
16215
1953
12058
11696
19903
3272
2560
19424
8350
18111
11263
17714
12393
19140
11193
1135
13734
2930
5889
209
16116
15598
17976
20118
17953
7634
21412
3357
9173
1724
12043
18348
7806
10859
3255
21599
8420
5436
1664
17307
3411
1371
21506
110
2588
19862
10955
18092
10766
7862
12199
1266
3529
8428
18751
3732
15123
5654
74
8213
2106
19996
18161
15486
21066
22051
2922
20
21521
3164
2490
9221
6322
13431
535
3238
9358
17169
14104
20968
6224
3434
12053
10625
7657
4509
15856
10119
1587
4843
4866
1466
16829
9185
21463
2013
461
15591
10479
15325
581
22323
12717
15859
15839
8214
1516
6579
21057
2405
10776
1061
7512
5076
13894
1669
9366
18068
21048
1109
9209
16628
22046
15321
17054
7590
8354
10308
19653
11084
8045
16327
1192
690
82
7143
4750
2379
20412
21716
1616
17926
3220
920
22183
17758
17308
17060
19733
21935
1941
16720
20837
20085
2569
16963
11242
1992
2434
7762
9669
9771
4698
15214
5094
19441
18598
13917
2789
13097
14150
3275
12662
21783
8800
15542
21417
3878
2512
12121
21240
18731
16274
13646
2333
16001
19973
13995
3177
2992
3424
17340
1509
17365
18059
5642
9330
2172
806
7210
16403
12863
22331
14430
15894
1280
22425
22202
19344
14770
17728
16436
21022
6904
7231
6448
7768
4530
6313
1155
8391
13120
3287
21337
1872
20292
6844
19499
1784
14651
5413
5256
18328
1076
5038
7683
20062
9745
18296
10931
13918
438
7268
21576
21601
14205
11640
6996
11950
18369
7618
1829
1808
13263
21967
16153
12295
9065
10348
1000
12116
12547
6553
2696
8679
8663
8101
72
20212
412
13294
6516
1055
16214
3749
5864
18924
18822
12928
1726
3185
21288
18233
11531
6154
17218
6149
13394
4965
15092
3653
17102
22090
10763
13385
6395
9998
20018
18358
6062
14393
20727
7279
4272
4600
15229
5326
5496
3775
14005
20630
20441
8183
18199
16141
17911
78
19391
683
14710
21786
14365
10898
3198
12614
21268
6898
12069
10552
20579
18009
20492
8888
10604
11049
9397
12911
5541
570
21339
19806
17903
19982
1677
18004
8224
16528
15372
7114
14385
4120
5034
18378
5854
20120
15247
6999
2916
10729
3594
8236
1705
7159
12007
3410
13541
21919
7091
13929
15482
10355
11067
9020
16839
7896
10336
3167
17510
17790
17321
9845
9902
1060
83
21748
3817
16325
10802
14903
15193
17975
10760
2524
6005
11715
18775
14700
2222
17836
22024
20764
8491
14042
17175
11689
19584
16359
8114
14927
1363
14258
19254
19163
12998
14159
13416
19894
11898
8972
1202
13433
7365
3237
5271
19284
3623
3972
14156
6509
16608
13243
22310
11055
9629
5116
4121
2895
13857
6018
18580
6699
1196
21379
5158
17616
10517
345
9048
16518
7670
2095
10602
18774
8839
968
7795
8545
14679
13202
7826
4273
6614
21174
13735
2713
19954
18422
936
10396
3778
21056
8851
3942
4135
12769
17699
12260
4358
6214
8401
18631
18370
11228
17471
7513
6830
7129
19034
3208
20641
7668
20288
21177
12221
19660
10052
11810
11962
19287
17124
253
2839
13229
6566
309
482
12508
21384
19776
21257
485
8239
9802
19825
11829
20971
7267
1935
6619
1902
10017
5771
22287
14965
15912
17628
12328
3560
20660
12525
1672
13977
20988
4127
19978
11883
11629
22408
7750
18861
5875
18797
8768
20478
8828
3638
11534
21771
13897
9665
17688
19895
7337
13132
5863
3688
20351
20259
19939
21096
2300
10980
16322
8081
14585
2187
3730
710
16879
17804
1804
15282
18179
17773
19754
12967
3856
7822
17638
1923
10654
5574
14783
20241
2628
2590
17844
21501
4724
3023
2161
855
21135
21230
34
4202
6992
17552
16099
1474
9644
1439
10381
16809
21512
11469
18307
4403
3824
5617
2048
7321
16533
8510
8153
16330
4411
14195
13573
18136
21032
8596
466
11925
21775
15437
14131
10088
14465
5186
16757
989
4818
11621
6587
5521
11882
1186
21401
10929
19638
20954
19182
12352
1467
1885
18039
17366
12105
5743
9568
10359
15319
1943
17565
16651
3324
8007
5662
8175
20563
17605
508
11375
8304
9957
20857
6750
7266
22176
22258
14973
3221
3767
11454
20732
16493
9017
19931
18568
7600
419
1793
1621
15255
3761
8523
2122
8200
6725
17495
17617
5909
18238
16129
17404
6848
19179
8830
17222
303
2045
16391
19207
73
1003
1801
435
16356
21333
3505
2315
1303
5975
978
13570
17919
17788
16772
269
9039
5058
21535
8273
19203
17496
17629
9920
14789
8625
14839
1197
14592
15817
22291
9860
542
9823
18446
20914
10953
16113
14575
12702
22317
15829
11257
17704
2331
5946
15924
11849
7345
5134
19674
10418
532
12777
13015
6920
16058
13536
22065
1899
8287
13077
21715
18909
20451
5767
12698
2987
19338
1179
18859
15920
15878
15557
22414
11318
11405
19791
4217
9652
20589
10416
11278
6867
4904
17959
8742
6897
11255
9169
19605
12208
16336
16476
21198
14728
6685
2185
8485
1320
595
17009
5792
2862
15187
10622
21724
20706
17372
7528
8693
15260
17787
14392
4489
3748
2075
19298
9938
15189
9731
13867
18163
4050
14426
19972
17052
8462
18147
3513
11541
14079
12173
4053
2285
600
7080
17681
4386
14541
5996
20583
19585
14322
13844
7072
15599
15171
17837
14274
5054
1488
6368
3399
8876
21488
1562
10089
10747
18405
11048
1090
3647
15465
7839
1689
8292
4340
21346
5749
19379
3121
5985
4084
4125
13236
13559
11839
16409
22452
8546
16534
14750
22141
17089
15657
984
6684
2124
19600
19779
14882
17238
3395
16162
9975
15635
8723
17652
5523
20989
2609
1142
689
19942
10505
19474
9179
196
1138
18813
18443
6681
13061
5929
3210
10422
5737
9763
21555
19826
11888
13403
14324
3863
387
18145
17542
7481
6936
13504
10533
99
21396
5425
1622
9023
22424
4534
1676
8377
21012
16620
19644
16067
6233
518
7381
14380
12636
4416
12744
12300
16427
21162
19995
16555
719
21974
7245
19831
7418
15508
14208
19632
18899
17641
11793
4044
7184
9732
4478
596
7270
13872
4227
12490
2685
8874
9472
21605
9570
10361
2938
2191
10751
16223
16762
18330
8882
2719
2020
6374
10527
2825
15593
15155
13379
4731
16449
16468
3973
17034
11706
17518
7744
9648
4188
8315
17851
1957
13796
14920
10593
10477
13406
1573
788
3192
12544
11476
13115
13198
19012
12958
5750
6291
17607
16775
2439
15786
8229
10655
22069
14496
20107
12445
2340
13846
9537
18317
4480
11778
10129
18156
8342
22453
2562
8819
10872
1343
13496
2474
21015
14623
18081
16758
2406
18322
2223
2642
11085
1754
7357
5477
21368
19910
9569
13978
10139
14680
5855
19603
12871
17283
15154
10181
1569
16226
22379
11895
13959
13583
6034
22045
21725
10241
8412
10609
3416
6575
16351
22289
16656
15988
4110
15063
20082
643
18745
9157
4281
21235
4889
14227
8916
1873
2889
12338
17996
8199
22332
13173
11856
2688
9716
10734
13178
21127
11854
7783
6825
14530
799
15804
8021
15538
14599
5416
10258
11658
13019
1128
20765
13071
15845
21410
13233
5302
10078
15855
6792
17658
10436
3582
156
18976
17569
9843
21666
10952
2366
13824
14057
19569
2641
21102
2179
20973
19767
3501
17457
14292
3181
13014
20603
13341
19015
4239
13424
659
1663
13354
19732
11628
20337
2254
11321
9944
13923
6457
8397
126
4593
21743
16991
21811
12909
6974
5937
10007
20060
11709
19282
8732
16490
17107
14074
17290
18807
5994
3096
1960
15523
8604
12448
3201
4687
15823
1553
3057
3014
20331
1180
6161
11751
5899
21120
16725
4601
12810
3137
13565
10024
13342
7790
19302
5668
15081
9820
19816
11817
1375
17635
12705
7877
4626
5069
9293
8333
4429
14663
6179
389
16692
10940
2220
8633
14514
8793
4999
4667
5577
9678
3470
14439
18393
8047
7196
20462
2611
14182
4345
12065
15061
20600
18357
8699
10030
7258
22002
2278
2548
3301
16043
7444
17406
10808
21669
8539
15100
7635
13226
3553
21695
10671
6337
19356
9129
12228
2706
11419
6288
20615
8328
12434
16148
5982
3672
12460
18802
15210
12279
22448
14556
17091
12513
11853
4895
588
7111
6261
976
16546
652
3546
3160
4424
19828
1276
478
10644
2044
12919
22006
17537
20013
14078
1492
19892
12172
13329
3801
15279
5079
1723
4172
3339
5900
822
9690
14039
6604
11539
14311
4336
3397
21734
11965
13715
15093
9407
583
6196
19058
17499
7013
18376
8688
16786
12153
11034
578
14443
4056
8009
6761
9638
9621
3603
16795
21194
