20035
9239
18139
15147
20287
2014
2759
3156
7704
3809
15401
19795
12249
8616
11776
5172
7369
14564
5655
2676
16520
7439
9483
10102
6025
15357
17460
16466
11994
13899
8619
15959
4987
1617
15785
6419
16636
18587
7464
17235
6949
12756
8049
9236
3771
14898
11168
13802
9080
18241
17370
1085
15408
19798
8731
18553
6415
19483
11657
8301
13880
10205
16611
4019
15981
10788
22296
15448
20513
13075
5387
13737
8519
21851
15341
11133
6874
21232
9210
3865
571
5630
7765
5307
21977
3969
2496
11780
9233
11747
11553
17319
20329
10907
9431
3477
9163
13596
15481
16567
9277
16951
20347
10912
18071
13350
4147
8330
11590
6408
8823
17646
2324
3180
7066
12150
21928
8426
16448
9454
7763
16862
20807
8388
3448
14691
21534
20477
4946
17973
14677
18083
16800
16499
19659
9260
19824
11624
20438
14477
8234
18288
8278
17656
20847
8276
16792
8836
5755
1946
16397
17500
12999
12606
2851
7904
12527
16767
5867
17244
6112
17170
16358
14098
19945
10967
19890
10379
13398
11483
16818
1702
7796
18548
3497
10878
10617
22007
16770
17817
4790
20246
16973
19275
12276
7807
565
8160
18556
7669
1269
7290
13719
21449
16495
19912
19501
8502
17145
14820
5708
762
15018
9743
5569
343
16590
13697
14506
19462
18721
4544
2219
2305
1309
10132
2414
20135
21079
2387
4510
12499
15364
17819
6012
6352
20673
1502
7893
3207
13318
8956
3362
2988
895
8453
21833
19146
22208
3650
4804
14929
1593
20313
12196
14941
8948
10056
7828
2927
18744
6843
8611
9281
5510
20240
22390
20844
16433
8387
9201
13460
5345
882
17811
16698
16652
6225
14272
13176
16877
21328
1351
11870
8569
17210
10335
5813
9934
14115
4902
5427
11062
9742
5802
16212
12485
3476
1733
16344
4968
11194
20800
20992
8244
6189
20405
6829
19151
10366
19522
14110
14346
14999
6586
9637
7220
15324
13255
21810
8473
7322
15572
6805
15115
11722
415
1432
13181
12155
14280
5148
16059
11411
6021
2808
16292
123
8894
11543
9424
21370
1390
11125
20707
774
14915
4953
7289
12568
10185
8275
15468
8540
13828
7368
13940
21708
8542
17982
10003
2565
11981
10772
2647
5440
20042
5037
375
6490
14344
130
17696
11174
766
10392
15344
3520
13786
7535
19961
15745
7037
17418
10614
6492
12976
2344
7136
18957
5241
12629
16410
80
20910
19740
3764
17383
17977
14245
7123
21277
14192
16591
21290
4302
21703
5430
15944
8306
14895
4166
16966
739
14338
876
7616
11671
8381
12454
17296
18653
7263
4287
2452
4038
10091
7020
17416
15535
9053
1557
22292
1064
20959
12171
5195
19987
12815
5354
4559
20956
15914
21744
21043
1426
10812
5442
181
9832
14382
6110
1334
14143
14316
14181
2934
9875
374
2175
11828
21547
19093
3407
5348
167
20064
14562
20773
5318
11522
11974
13841
19052
20215
20169
14144
11904
21107
13957
19650
3845
14978
14928
12949
19476
4267
20094
1823
8454
11466
12304
10685
20634
8243
17414
16968
2822
11725
