10759
5896
3071
6045
11428
457
20574
274
17604
14542
8062
16360
11325
10445
11124
620
7558
1262
17301
20146
5705
12374
8232
10585
2198
12745
5978
5244
10834
19893
15396
10099
10866
1387
14175
15666
15849
5925
11664
11123
4964
11767
9331
5532
11704
10414
13037
6069
6543
12937
12176
6748
2245
977
10977
1296
10002
1247
2284
4762
17374
14671
3945
8295
4709
20651
5009
11021
1097
19222
84
7467
1745
14716
5283
14847
7554
16187
6445
15597
9228
12430
15821
21121
19645
3040
5943
13784
4097
8615
18232
16904
11101
13799
10492
7606
22378
15436
21859
19709
13808
11406
13228
11593
10619
7209
15141
12094
5528
14358
2031
9294
10789
21414
8919
2660
9267
9371
19587
19835
3509
4077
20551
19173
20365
11486
12253
13311
14746
16421
15096
4205
3733
10721
3646
15131
8503
3811
11527
3190
8139
6187
1452
20911
12347
19456
9755
9493
4585
14127
7567
6167
15404
5171
17532
10781
17293
20433
15006
14654
16130
12408
10303
17561
16865
14659
10871
3986
8074
3747
3504
10611
6826
9677
14379
1007
8897
11632
15761
14842
7794
1118
11852
1395
16283
4881
4516
4527
15836
11247
5092
983
2209
10884
18610
15085
5444
12984
5282
20917
11499
12936
20366
4993
22120
4101
16307
17258
929
16093
17486
21823
10691
18226
228
12626
1579
14209
18070
7978
4486
2942
21427
1719
19841
17602
20791
6361
4836
14913
5650
22386
2345
7644
11850
15954
13944
15283
15615
16910
2244
21068
14001
6131
11447
19064
8765
8912
2313
14703
9318
3161
3110
19406
15883
11323
15389
19721
1891
3318
9220
12151
16120
219
22012
21479
14307
16524
21878
9125
14045
6243
12682
11957
836
14833
7926
11885
747
11313
13741
3370
5011
10666
12539
12358
4772
1944
1921
1119
14984
10504
11787
21456
21742
8222
919
517
21615
20541
19642
18896
1123
5297
8789
18381
821
1860
621
21367
5882
1517
3030
3006
18336
20609
14492
281
18284
17415
15748
11202
12098
641
8028
21037
576
8126
22458
22248
11894
4712
19649
13862
11736
4048
8263
20823
13257
11381
3698
14604
2856
9299
1087
16806
16509
3257
7589
22283
270
9232
6993
5007
19573
5286
3279
12405
4689
17221
22130
20663
20134
18262
16175
20596
4747
17376
568
18777
13346
5068
11726
4330
11634
21549
1614
21314
6183
3908
12639
21408
11171
15951
11150
17965
10333
16303
5587
19621
18979
9362
1373
18539
12088
14759
9647
17692
5046
5265
15926
6806
6741
16558
14336
8516
21241
17612
15989
684
7434
18205
15076
13490
767
12952
1534
8755
22325
14047
17050
19752
12128
19926
4979
3602
4877
19885
19247
12621
5010
5710
4985
4917
282
911
5622
14667
111
4502
1634
8779
13694
16345
13316
9571
15012
22057
9274
11314
4761
16791
2704
16978
12218
4801
10246
13196
14052
5142
10104
15963
2576
9074
15290
15925
20575
20080
7456
6654
7361
949
15174
2773
10947
14535
1904
11684
16073
16194
2224
745
3242
10391
8380
16648
17783
15139
4042
10402
11473
10074
8316
6222
917
15974
20197
8838
1868
20435
14189
17842
961
19350
15239
851
8109
1222
19200
3259
15267
12638
15754
4014
5756
17726
453
12051
10930
16999
4218
6979
20166
3679
6616
18736
8136
9349
9582
14082
14911
7697
22252
16057
1226
7801
11562
1475
6597
20077
14513
12913
16508
5910
13102
8490
4485
7327
10350
431
5513
17171
17353
19820
20465
3981
254
3165
14405
5409
21087
20037
8896
6151
1394
21093
10339
14996
22449
16437
15331
19055
18211
8014
6983
13278
20056
1205
13822
10151
12939
18658
15236
3211
21855
16266
9983
8694
13892
3875
11700
4672
582
14061
4400
8389
6817
7285
16105
377
6127
11530
567
2506
12283
13225
889
20889
2356
20070
21665
1642
9223
9024
5373
2450
18794
6706
17163
10224
3447
13189
3905
757
4900
8117
11605
10245
6850
12243
21650
14461
19500
11163
5392
5815
3911
6160
339
6727
15736
19027
13386
18078
5525
21428
2037
8402
17402
5093
3334
7769
18841
12464
635
8845
4437
14769
10576
10816
9923
16102
6760
9526
15027
14723
17186
2760
1635
16470
19071
143
12023
9467
8037
16379
20549
7793
20922
17549
18168
18208
1711
22350
11644
20168
10090
20938
18511
5073
21799
19113
3683
4220
8624
14596
1639
4401
9525
7078
3996
7612
18432
5324
1263
9892
11633
4399
7025
6505
16662
6339
16696
9651
8252
16160
15509
4219
4795
8482
1638
22163
16071
1659
9765
2971
7927
13167
1162
2085
16154
7102
2420
9812
7034
6902
1460
11698
4201
13543
10488
11443
18810
22351
17473
1230
19879
18167
3757
19455
14624
8146
16780
10698
12478
12178
16144
19414
21914
16977
9703
11269
16286
14234
4031
14907
18638
16289
18645
20913
9270
2836
14956
8640
14972
19992
11775
3657
19964
16315
15500
754
15935
18738
14678
16931
11119
11360
14730
2967
5138
11872
13140
6875
13509
21496
1215
4020
10963
10451
15579
6486
12523
10817
2218
11432
15159
17670
14962
15777
21856
12563
12225
1772
8795
12496
4001
19030
3940
6383
5952
7653
19616
18390
18194
17029
7094
15773
5984
7980
12045
20930
15737
11352
18216
5894
21948
2970
14646
19562
1933
3012
7096
5095
21108
21303
13891
12524
8927
2404
9444
2924
13998
3036
9567
9753
17896
9501
13371
9241
10923
2724
19127
22356
17379
3077
17465
20653
1389
4090
1019
9813
21776
22265
10320
20539
12353
15902
9783
11289
16902
1245
20621
1591
22135
18966
5103
6693
16445
12477
18928
9705
1257
20951
13677
21006
22349
4153
4725
17672
16228
19313
122
5918
9044
13975
21606
14498
5432
3499
20343
9374
10836
14777
3239
11264
9373
1126
1649
1103
18093
5450
11956
11401
9326
9319
4460
4635
10345
19810
13868
3158
20007
19227
5731
4560
20822
9504
13415
8002
16251
16213
5589
8796
17191
11756
16832
10584
14900
3097
2339
18518
301
16889
21324
14497
17204
13991
1870
1084
16997
19089
13768
5112
9161
12175
5317
21316
7472
16541
9313
19303
10534
44
9284
20279
9996
21912
1079
8293
3892
10065
20892
6745
15349
15016
4751
5368
1213
4494
13875
16198
20276
8449
8806
6441
5269
8161
75
22214
15742
20516
13497
19870
2296
11954
3805
3103
4307
15075
15062
21335
9
2532
18088
400
21509
10150
11376
16965
19236
20410
14060
6721
21044
14782
17722
9871
16042
20245
4037
18550
1391
12776
9203
1209
12102
9071
2803
4574
2193
21382
18186
18730
18655
4475
5403
18778
9093
15953
13252
3743
22170
18604
3115
20768
6715
7608
5458
770
3046
3028
22106
5165
10063
19205
12518
18624
9153
20963
6905
8488
13002
12025
20497
13111
18314
11724
22328
15110
6687
14906
16186
10202
18844
16825
12597
7403
21422
18492
18301
15942
17956
13466
7324
8042
4179
7247
11594
12842
15476
11498
4448
18482
8737
18768
2819
21740
7571
11422
20882
15678
1305
12433
7899
7325
1680
15503
679
8790
16459
13470
21652
13858
7827
16689
17805
1918
14014
8499
17545
8415
22398
4638
13736
15300
10014
15185
4461
19777
12641
14788
6162
7742
20976
715
15581
839
5847
11074
8700
7961
18235
5121
2981
16919
16021
9310
14605
15801
8612
15909
9121
16122
7226
5433
5590
13074
18375
17663
21681
157
11364
17512
9625
21569
6398
16249
10799
21879
17791
9760
16821
16467
10798
9447
1398
20047
12696
21154
21533
14547
13154
3426
10261
9335
1324
7879
8636
19086
20700
18
11359
397
9012
18842
6418
5487
17093
14851
15918
9699
9859
1302
1240
1755
4292
7288
18221
1583
15492
18050
1112
20743
10818
1278
19940
1753
12452
4158
10405
7966
7753
17364
14084
13426
4492
3659
21466
17042
15014
19615
19063
16866
19737
21363
19443
1035
17436
21231
22434
10741
5969
12832
11691
2442
22341
159
15814
12964
11004
12607
3599
1256
3909
17456
5879
3584
14561
7164
20133
15885
8456
15531
11790
11580
2355
17020
16462
1618
17784
21042
6780
14458
14185
14597
9249
15706
864
19792
8212
20209
1586
21817
16234
2615
7305
19852
10554
10757
11273
11165
10468
21007
11597
15716
13021
8055
5298
10334
6066
277
20203
3209
11073
16615
12371
8524
2077
10793
1212
14101
19610
15052
21733
1751
13928
16434
17472
11248
2596
17591
1107
19492
10526
3729
9691
20338
4579
8960
17963
15278
10768
13987
1956
3390
18122
14444
6232
12789
9632
21343
4521
7115
7919
7641
22224
19999
8087
11908
9528
9931
1198
10233
2805
3100
14406
8567
6549
9395
20586
8260
9681
16559
4611
1271
1767
8798
18889
21477
8757
6370
14966
10769
13434
13095
6628
17984
530
9028
3126
12655
12152
8869
1654
2160
5057
11341
7835
12332
10749
13915
9106
21274
16531
19851
18383
13093
19096
15800
3074
4960
17384
10850
11538
2874
16438
13835
18806
1141
13325
19888
17074
16895
11244
19536
732
9100
21961
7412
8590
15090
3913
2311
16475
11277
6541
14036
5950
11804
16329
2541
5132
12292
15388
21217
16295
11683
13621
10943
18661
899
7277
13313
7197
2235
2824
21033
10318
900
3386
11972
1778
9939
