10283
7591
699
20104
19567
16442
4257
14845
19421
21092
2897
9050
11932
10936
4914
11003
2795
13588
2382
12526
354
11609
6571
11371
12643
13538
18350
1541
21592
8914
934
22134
12210
10349
355
20319
12227
4380
8077
10532
10163
13909
10924
20069
14343
3155
4438
7302
16308
4289
16896
2726
14448
4969
19384
8905
21203
7825
6443
13174
5170
12194
1598
3459
10699
914
22305
17873
6919
13912
20285
7000
2104
4606
18279
18948
16142
6525
13340
1785
1761
12905
8843
20154
14919
3327
3191
14016
14826
10950
18562
13310
11201
4583
455
11820
3517
16606
20136
678
13967
15668
10092
9660
22256
11821
21418
20816
12892
20592
1925
17957
11294
13789
12345
5522
2533
6771
13644
19599
1451
21921
11578
20642
3350
19463
18091
12384
5215
12576
1443
14403
8064
4549
14050
11587
12687
21862
17164
7731
3033
16826
10497
12858
15095
13171
17887
22301
773
8592
4255
41
2933
20054
385
7700
2282
4647
17501
20867
20740
2619
3233
12536
18863
3677
20234
81
15971
12189
11766
21949
1747
361
721
22348
18337
11718
12886
15262
5554
11097
7256
21829
509
4249
8447
10682
7297
15129
19595
20738
7445
7515
9477
17043
17573
7355
18417
21802
5859
195
7510
9083
5544
20252
22316
7426
14521
15779
9092
14215
16766
17822
399
16452
8425
1606
8978
5605
1027
15057
20293
18046
16765
8000
1160
11246
6500
10079
4409
9261
8981
5067
19082
5144
241
1009
865
1603
526
13038
13362
10694
4612
13299
15148
5479
11984
10939
6751
20777
21077
13136
14807
20092
9885
14481
9780
15381
13587
10192
15505
5449
5516
1099
1807
17261
19865
21287
11935
4474
1831
373
9049
18032
20515
12802
20376
12348
4855
10250
20739
14347
1906
3428
12086
2917
11610
11959
2867
15153
8936
1709
10706
18315
17814
16717
12324
16905
1602
15343
8111
4940
17892
5377
19270
8341
1878
2443
3839
2444
4897
4591
6900
7317
17396
5461
3166
11040
17981
2982
21883
2418
17004
19437
11115
12002
395
12308
13798
17553
12006
10424
22282
7691
8683
19461
13855
20067
16727
2139
12910
6858
6997
14774
21918
9357
9844
807
8246
14124
6140
7587
11014
11438
21687
12637
11416
9123
2170
7993
10169
3440
16077
17216
878
685
14450
6074
13723
14630
9565
6831
6959
20165
19132
14352
16005
4049
18898
6265
14737
9090
19296
10495
2479
2997
5325
5258
12255
4567
4442
22435
15789
6223
15118
20425
10143
14608
15870
9244
4815
16040
13402
13305
20208
21440
15250
883
21924
10920
3628
14758
15874
9947
22064
11435
6105
16777
16880
17983
1473
20856
9502
10652
1154
11239
19822
13022
8606
17509
11758
3722
3726
18739
8178
17220
1277
12266
16063
11795
3418
14410
8958
15191
6254
15490
19838
4991
20349
8223
5592
17739
9160
15681
14075
13364
3895
16927
9577
11635
4679
451
4405
4950
22072
16149
738
19043
16049
10165
19745
16922
8975
12978
16208
4076
6777
22038
7465
11550
15427
20472
17497
8555
4161
260
11536
6472
21320
20003
4169
12653
5698
15692
15082
5953
7576
20587
17489
13774
12205
22014
310
20960
6613
11337
15495
183
20771
19498
3031
19504
16053
19853
3345
5356
5196
10234
19233
18385
15939
18838
4711
4455
11796
10675
15919
16693
21507
10212
18904
14310
20723
4503
3321
21849
5441
1042
3175
14846
19051
474
3337
19741
13732
35
15876
8361
9099
893
2566
16994
13409
4436
3522
20585
8653
16158
12739
7923
9903
9034
9195
11215
20396
20310
9452
10110
19863
2388
2507
15135
16317
837
19460
11455
16852
3588
16390
10739
6978
8103
4410
16052
8129
13634
9563
22360
3870
299
19683
8339
2017
5920
608
1220
5917
8448
4009
6230
10795
16074
17943
15549
19353
7977
9786
11752
13851
3415
20943
7063
7441
15932
11591
4212
5032
19793
7837
14722
3883
21826
12864
2467
6403
9085
5865
1037
21146
20818
3860
18462
6496
9558
5474
14693
19011
7901
10643
2818
21543
63
10237
14377
4391
16235
14032
21493
4278
492
10174
15112
13309
10149
5779
19288
21777
4780
20862
6625
15269
21929
12203
20504
10842
12297
2376
18103
11646
13488
22035
21144
771
3129
2098
9079
416
10944
7375
15725
11146
5728
2557
6560
11404
10703
7334
6795
21714
6388
7673
22366
17126
10695
19990
9187
15980
9538
14289
22103
13082
3701
5475
7875
6425
4099
2410
16556
2691
15056
21239
17925
21172
3384
13121
7071
3038
6119
7340
6070
10899
6262
18213
12182
346
10701
19916
1318
9666
20749
6242
21757
13578
16337
22055
9512
21597
18478
20357
1132
4893
16967
18157
8465
11392
12681
10571
10004
8471
2675
18309
8127
539
21134
8815
6498
3398
4817
1548
18754
1355
8177
8245
6692
21693
16633
6314
15205
15130
4908
9392
7936
19976
6182
19114
9031
3625
6739
19989
15525
20638
18452
19783
6972
1356
8531
5305
248
1838
19294
12286
8359
20684
20192
14998
9779
471
11173
11727
13860
14653
2215
15875
22105
4803
1896
13777
18319
19199
12594
15872
295
22407
15117
22269
5394
16380
15955
6186
17202
7514
1822
18175
3450
140
2046
10659
14153
5245
7018
1665
5712
12517
6235
1040
18399
22405
2279
1752
21109
27
7842
12520
8658
6870
21518
1674
13725
18522
10894
772
10105
18299
9306
12852
2252
7388
4995
14364
4413
1417
5452
6405
13221
13690
4676
7064
22147
329
18651
18270
5229
16817
19680
2273
6722
6237
1976
16255
1985
602
22201
20984
8036
7799
15099
11749
5939
6053
20270
9243
7315
2143
3697
18952
20353
7773
9212
21183
20748
11000
21366
9950
20781
16119
2579
5469
9166
6940
17446
3518
18782
16885
10031
21393
9315
17690
2389
748
14684
19664
20966
19586
21485
7851
2094
20359
9183
12298
8599
10693
2131
19640
5331
17232
7223
13647
19875
20853
2585
12368
19607
15890
3886
6873
3846
16547
19449
5680
14816
16676
11481
5390
11520
8250
17313
12630
11120
10162
6028
18944
6557
13300
20176
20786
10819
22381
19383
1781
17505
15917
9864
4703
2334
7945
4163
11944
1020
3880
16657
19944
3631
4102
17397
20863
2341
4618
16055
12974
7339
5707
874
16797
1760
8944
21876
531
17057
16287
1967
18118
10965
1886
13598
8091
3135
10583
14819
243
648
3758
16701
10826
12692
15937
11963
10994
4522
7031
11154
5548
1153
15406
19301
9905
10480
19634
3536
18015
12751
14682
18484
4381
3372
22234
10538
14037
19343
2342
966
17285
16109
19884
6537
7019
12075
21246
1388
6497
11222
20267
16185
4907
94
103
19572
15368
19137
22081
9258
19295
8837
8348
13338
19056
10621
5526
16637
860
3617
19458
10960
10664
14660
17724
17116
13397
14083
3575
2882
1216
2070
10055
17118
8660
13721
13752
15350
20893
11001
1830
12415
922
17664
6359
15638
9634
1034
12551
15152
2115
17080
791
9531
1574
17853
22432
15421
15498
4061
7206
1984
3915
1483
2047
1349
3547
17352
5585
8976
19592
1423
15362
6239
2190
17209
5177
2936
2265
6236
695
9497
14989
12723
18115
13105
8455
14796
19981
12869
6024
14034
16874
14594
5399
16497
6534
13948
10376
16588
22370
19589
16847
15899
21832
20093
13149
1227
10417
5842
8609
13109
17895
8535
7363
13160
16680
13500
5358
10820
11037
844
18815
18395
10327
10382
12435
16404
15583
18914
1104
11051
1890
20982
6632
15459
3347
9546
3610
12506
11843
9427
2816
17287
11886
21861
20149
7026
6113
21344
3244
12316
8206
16625
2229
13779
7957
2544
18959
441
11693
14293
5614
5464
18454
3229
6736
15226
4504
21965
752
17105
7169
14923
8131
10948
17274
21330
6292
4027
6788
9387
11604
5856
9796
11934
18938
4620
12838
19098
4656
7477
18886
3957
11378
8215
12465
1604
3299
8701
2211
16006
2258
12945
7586
13870
12289
18505
14870
20222
10926
7681
21735
7551
884
17945
20905
5212
22199
9646
12354
333
1133
19685
4088
11503
15866
20195
12306
17453
14263
5801
10403
19258
9442
14173
5327
5428
9624
10962
3903
2140
5660
9336
17995
14740
17643
14255
833
1307
14528
13653
22241
3462
10268
6278
8078
15711
14279
7615
15624
3293
14855
15750
15517
2162
2838
7387
21132
5919
867
15332
6484
4899
5052
7840
5828
9491
13201
21027
3225
19339
10733
17166
14125
11188
5517
22463
16503
7156
7908
2112
1193
11893
11296
15602
21067
7092
11426
8767
14320
5716
8134
20113
926
10389
4589
18173
14193
8910
6526
7056
16941
21062
4192
18373
15879
14329
12062
204
10148
1764
10353
13044
15103
15968
962
1380
7898
19720
20940
10909
2402
14436
20255
15416
162
17610
17413
972
9953
13508
273
22454
16422
7250
13417
20591
6643
17579
15916
10875
21874
5319
12294
258
1746
3821
6071
22068
10180
15690
2707
22193
6832
18329
12599
18814
16573
18371
4702
8457
12515
6006
10364
10807
19526
1421
10206
5851
20937
15908
5099
21898
6203
7695
20098
11293
5725
20273
7003
1510
13040
16481
17998
10509
7916
1191
12483
15306
2881
20323
12706
16478
13507
11526
10352
5187
11009
19749
11565
3455
16184
13277
1083
17978
16408
7163
18281
20995
4610
10591
17649
19333
18487
956
10452
12799
3879
13668
14518
20851
21052
17193
19523
3403
7344
13676
22450
16578
17993
6808
21609
16031
5571
8602
9325
14981
17131
1115
14428
1233
3098
10892
20756
18416
2554
278
370
2384
19120
8505
10696
6533
20480
9759
3051
6636
7561
11601
15196
9384
7471
2601
7871
7797
11583
20868
21467
18867
11408
17038
4778
18165
22030
16838
13020
6702
17898
8226
7562
8650
21915
1422
290
1
2655
16622
6306
11802
9695
4285
21484
8797
12137
8258
22073
12357
18153
863
10590
10588
15002
16870
12154
49
13843
9692
17939
5600
22185
22164
17541
2114
19908
19466
13778
18601
11100
14532
21994
7861
8923
2146
8634
21858
15101
5261
21061
11738
10374
4710
18054
10645
10687
14088
9460
8974
19423
240
12359
21182
8413
3658
10124
15984
19359
19714
13372
3924
5741
19013
728
3305
19100
13556
5988
22467
9316
15936
19547
1471
7508
14133
5579
3268
21439
5904
17755
15647
2416
8294
18326
1498
20016
21889
5564
11340
1543
22092
3483
19450
4470
1279
15532
1749
3053
19242
21588
2550
9831
10282
13017
16711
5543
1484
1049
6444
12932
9997
1410
17665
21842
21159
16032
21585
6729
939
16747
12560
18642
16342
360
20382
1650
5470
1273
16145
376
21155
3833
12259
1776
6048
1867
18464
3660
4015
13686
4276
5556
17599
21465
1893
19756
10010
5499
6458
19261
14958
15367
2800
21923
7766
13984
6886
7404
16089
9769
12011
1624
5703
2484
19245
10888
12226
10903
16794
22054
4350
12207
17474
7354
5560
15094
9956
8023
10401
18984
6437
11613
17786
15386
19023
15165
15530
12975
13852
1799
10983
14787
5968
4550
18622
13590
12488
12162
20033
1959
19836
4898
10806
9334
2951
12656
6987
6342
5482
1291
1487
12916
9991
7287
15585
18594
14294
4513
746
13452
2738
7746
22423
6784
20342
146
10413
6096
13836
12736
1178
13320
21892
6343
16940
17070
176
10752
18919
5429
9101
11720
7261
19510
20544
6391
4041
18569
10082
2001
12320
19955
18641
6416
302
19801
7706
16504
20078
13292
15257
19682
14516
7626
6515
17333
17558
14107
20032
6890
12707
3795
8532
8959
13290
15651
7332
9674
16395
7637
21537
10219
3101
7410
19398
8015
4487
9367
2854
11814
8268
7174
1687
16948
40
13511
18471
18514
6860
7225
930
15931
8932
12280
17215
4286
18895
831
18676
1924
20434
20437
6082
1549
12784
127
11036
7713
19724
11061
19165
4592
20559
15698
3693
19118
16381
3789
8450
11199
7390
6139
16460
2622
11342
13620
7133
191
21713
3998
16550
18316
15249
15640
5083
6661
15149
19758
9337
12562
16992
1841
16218
2797
14615
5869
5100
11479
255
2528
5512
16542
2328
17695
1532
22188
12882
13261
1710
14091
1661
5290
17273
6004
13513
2960
10039
9263
5029
4322
1241
17893
3786
11744
10673
11496
9585
4571
19057
11324
5476
21342
12303
10546
11069
5124
13024
11991
22382
21903
15898
14616
20877
424
16812
19278
7153
8390
12077
12719
13039
15425
12579
13537
21959
21625
7192
13231
17698
17101
9818
20009
2843
15863
20871
2350
20502
9893
3768
235
18174
6335
9972
522
19815
21513
1610
12652
4499
11472
158
13382
16024
18871
9013
8917
12583
21023
18793
11345
1852
11566
10993
7422
9072
8929
19121
9936
19281
18546
8552
18410
14574
13210
1571
12214
12313
14230
19366
15921
13458
5639
18749
5903
4632
17526
16095
18586
20381
11130
20809
13895
4886
5176
7652
161
19125
1163
1881
1149
14554
19896
15042
17448
9738
16500
10649
5184
4154
4754
13769
10803
16845
7374
6168
13297
1438
19675
7244
15543
14327
14249
17768
8695
2602
1894
19730
20258
11650
10314
20523
18700
9027
2060
8220
2865
5844
17562
2848
14340
19068
5397
11968
6779
1996
3745
15238
3107
11418
21063
31
20316
16253
21244
11180
4793
21419
3086
112
5641
19102
4060
10711
6595
2369
2130
11967
7992
8066
19131
11398
7295
11670
6482
14459
16659
19631
15019
18067
12287
5796
8358
13906
11252
17522
17150
13285
11414
12994
21610
3606
8469
11552
1336
7920
19532
3928
19212
868
18967
9279
3639
2959
6546
22240
20483
3153
4716
4390
22160
12665
6762
18406
15244
20417
4809
21212
12008
11233
11765
2522
14889
5185
18544
1244
7636
12395
4432
7419
16943
21392
3725
15565
6194
7193
1308
4030
18832
10095
2817
14938
19189
17407
18412
22010
15345
3304
1766
12441
19937
13142
21255
13245
5797
1024
15712
11299
19771
7770
18501
8451
22249
6073
15106
20015
1200
22442
9461
7362
4109
8680
7121
8525
21675
21635
5217
15058
8868
6198
7397
2241
18497
4675
8386
820
11284
4704
9574
22158
12031
14687
3003
1472
16389
10774
5204
4363
5314
18287
5423
19196
9757
1743
8257
7117
20514
3114
17252
7538
20275
5852
16956
19975
1165
11811
12627
942
8313
9255
9356
16535
2367
2511
21989
12231
18769
8150
14785
16457
17732
21779
2403
19204
20840
16708
12836
18750
3122
3430
16600
7040
9904
13530
14062
10665
6363
7642
7486
17738
10467
1774
17045
19997
14813
13531
6663
14168
856
19401
285
9884
2053
20126
17971
9136
877
19626
8099
21438
21437
15177
19812
16796
1462
16121
11603
267
5417
3572
14926
8661
974
20150
11105
18713
17985
2741
3890
20334
22250
14939
10164
16804
15610
12912
4961
10016
10787
16566
19525
18248
18313
9369
6840
13825
20931
22262
105
19432
15992
19122
16363
21950
1750
15197
6379
7147
10530
6960
7251
8417
8591
15398
18682
8405
5687
14020
792
14814
20171
17041
9744
4681
3716
6116
11424
1248
16707
14672
20880
12722
5799
5583
20543
8072
16833
17082
19346
16173
17566
12198
9462
9439
425
12093
6027
7813
22324
22459
9706
19719
4976
10623
12264
410
19974
3055
12821
15775
13207
19210
2073
8106
14467
4738
17578
491
2907
2268
16008
11379
21279
1283
20735
16087
9511
16642
14283
21893
13625
11659
16834
4700
13404
413
1328
862
14337
10989
8512
2645
17190
9688
6401
1039
21565
17711
21297
19382
998
4831
16909
9985
3265
1168
3759
17533
3997
10008
3552
20161
18397
14043
2891
1576
15035
8714
8979
12602
789
6568
5860
21755
17069
2221
19588
17443
1620
9516
21385
16670
3766
18026
8384
16050
9393
17778
11144
5243
16270
20997
3835
3274
18171
15827
3920
7021
16349
19480
16372
9496
18472
18112
10419
1258
15261
13126
13758
15219
2281
8581
7415
13750
60
21374
13555
15987
5667
13429
5498
21696
13845
17243
12915
20616
17515
16929
11638
18935
2427
16257
1436
21739
18531
12649
7379
1848
298
3873
11429
17017
14859
1720
14284
15911
2998
6185
2132
21637
21289
5845
20870
2097
18991
5906
1567
4565
5207
16405
4318
19312
9805
9469
9751
19985
7709
1086
14884
18656
7556
17395
9610
8864
17377
12782
3709
12819
11614
7108
208
15896
21265
6757
59
19564
21992
4535
9979
11300
3820
15046
13966
22347
2448
18030
21692
6770
14754
247
15457
16464
15613
17948
8120
5049
17299
19911
16824
1856
11781
21551
19556
4484
7819
12202
3437
11026
13882
9955
14698
9799
22274
5351
12113
8677
17524
11427
16370
8210
6639
9082
18421
13064
11030
10100
21133
11743
9980
17534
332
12115
10400
5502
5830
18659
7967
12337
8662
15631
5682
1493
3720
17761
21677
13363
6705
18318
14455
4980
19305
17147
9561
6164
16867
21336
605
3314
3901
1780
20327
11457
16054
10240
18031
760
22284
634
2949
16269
1529
4398
19348
5775
12740
21561
1983
18558
7604
17154
14644
6791
8642
8176
5922
11993
5722
2371
8445
11076
8435
6382
3196
10657
8288
12299
21263
5504
17363
7685
12901
12676
2232
18185
1580
1236
12356
20318
6743
21514
182
17527
17710
17529
4085
9016
10702
16629
7760
121
17196
16972
990
19924
19668
9573
1453
1595
17176
22242
19111
6884
20309
22150
4602
12686
13561
8641
5931
9595
1632
14586
11066
16091
7352
13110
11134
10457
20573
8712
15433
11826
16886
4425
11007
18414
18347
12763
10284
7547
18820
1403
18533
14954
8943
11940
6130
5881
9873
3596
10289
11768
2963
19477
6035
16350
18141
21726
4237
14030
6421
18545
19409
21105
5180
12334
22023
17848
6065
7348
2230
18784
13101
13754
12046
96
8240
2693
18915
15755
10719
1525
13707
7761
10208
13638
15709
18098
18510
18970
21176
691
15253
20361
12943
14489
8577
5274
10296
19412
742
7095
22153
11524
2291
18048
18334
17653
11271
15292
9623
20517
21761
15977
1673
14844
897
16431
7560
10062
2485
8277
19643
20753
4782
14736
10735
11413
7983
3443
13445
318
19237
14936
20955
4373
17242
1915
16501
21252
1961
3011
102
1998
5167
8203
5401
19604
8812
7674
13728
21979
14811
15510
1858
19074
10857
11547
21349
14434
13401
1108
6475
22260
11737
11668
17477
12947
17947
18585
16338
3240
93
18356
1898
12628
7407
18107
16484
8618
2711
20049
12897
7733
16013
6916
18466
17111
8168
2855
20808
18760
19755
14742
9287
1756
21552
12803
10332
9899
13195
12312
6532
6834
4839
2396
5732
16610
8508
19347
19226
6205
3119
10221
4929
5594
4875
427
10218
22464
22107
16683
8761
22431
20206
9840
18077
14580
17282
2303
7433
3669
17455
5350
19248
1414
11317
11838
21065
15637
5012
21341
17277
12695
10919
11090
6610
15011
21444
17705
21139
14006
591
8901
4514
2955
3409
7774
2899
20223
16038
1832
2957
4955
16159
14914
8630
18374
4428
12727
17876
2735
1023
15422
12223
5782
12494
9378
14533
22209
12889
21806
4517
17438
14008
4472
20625
8267
9855
13818
4122
11598
17295
5126
4308
3949
12823
18893
1412
19172
9146
22192
21809
18475
1360
18964
15263
6631
12903
12918
10522
18158
5700
19377
15544
11191
10697
7507
5102
3615
10421
13214
2841
624
8297
3609
10707
6562
827
1857
19785
11155
8411
1110
14268
20147
8119
1929
19665
8692
3514
13053
17659
15873
7997
18799
21411
20716
10203
2310
21732
10434
17639
11773
3626
22186
8561
8993
18453
2617
21639
8575
4682
358
2568
15946
7894
10720
11511
10225
19706
21179
21072
9402
13072
13550
20548
12270
11028
18086
16564
2834
10937
17884
15714
4134
20681
17128
19541
1511
1237
16224
17219
666
11172
15629
3333
10865
8920
1806
13411
6765
233
16782
6234
16473
18434
1270
8751
6935
9714
10135
10755
12211
1073
10454
19345
11979
10524
10207
6051
19781
16884
2842
3959
12703
408
12851
18003
6099
11533
6820
1050
15452
6178
607
8430
2727
13250
18424
15079
15132
20994
3960
19324
9451
1773
13540
17674
21187
12146
15520
13223
5181
15444
834
8279
133
55
21972
344
2231
3793
18022
9289
14721
21759
6259
8472
17938
3331
15940
10012
15887
9342
7274
12985
18581
11961
6605
16785
3975
7557
3173
402
2714
18925
8829
1741
7069
12005
12522
6798
19673
3919
8059
13063
2509
14905
6095
19871
19904
10294
14606
16236
9353
264
9791
2361
838
16401
1295
13518
6055
10043
10061
16613
19655
14916
7186
7624
19376
7200
9061
16568
15144
13356
11707
9853
4924
1407
18669
13421
21562
17179
16157
16661
19297
3713
11567
16088
13089
4157
10514
12691
8192
22060
16402
4408
18715
3557
8568
2914
3414
17115
603
13956
14505
12168
14886
9278
12774
7367
8556
8468
15539
4384
393
13418
7221
17765
4000
14207
6248
479
22338
3200
10127
11197
14147
3140
8118
22008
4512
6349
22394
21184
10383
11915
7946
15496
18344
17770
2138
9323
14423
10380
10486
1980
4619
798
15376
16016
19531
5535
3022
21966
8582
14751
16545
8587
12248
13771
4493
13018
10708
996
16631
15277
13503
13332
18366
20736
10756
7520
3612
4562
12766
12591
21259
7574
20340
13815
9867
6436
11901
9379
14912
15182
7656
9314
19817
3322
20109
7785
11005
21436
4440
20354
6577
16617
11983
21310
11797
21865
19329
5593
8908
8227
15888
19864
842
11927
6871
5085
11523
17651
22227
12608
15798
22043
9170
2155
1340
19047
17642
10493
18854
5806
6718
13407
16009
4174
9464
3961
7366
320
17923
16748
5198
14269
15483
15722
16808
17999
8005
21850
14739
21152
2240
20927
9296
17048
7455
4167
20855
11217
4280
251
12732
16233
4026
9514
2525
17129
2749
896
15621
14773
8676
11955
21475
9587
1504
15901
21014
15470
7236
9450
5309
3026
15726
22266
9974
589
18643
4360
21629
128
16958
8324
11677
7924
7053
1987
22440
16010
19373
2515
10922
10603
1161
16875
17934
21284
440
12049
21671
8687
1239
18640
20499
18517
14681
15746
16700
1274
10813
6963
4457
2788
15979
9381
12668
4863
4523
3703
16003
16250
10636
21128
10184
12089
12446
15449
17862
2349
2634
5841
9142
8743
10934
10881
6083
18907
17548
9459
21701
6531
5072
3241
6255
14527
19666
11423
18142
13618
17759
4370
21772
8164
20824
5976
11189
1124
11759
19451
13280
1608
933
14964
11761
14250
11072
20567
9852
7814
6040
21082
13730
7488
6231
2633
16020
2614
20218
2755
7370
20593
13352
2323
4846
17189
9762
8298
12796
147
2954
3869
6746
2950
357
11394
6126
21664
18707
14059
11353
11808
21815
4821
19194
20665
4741
11910
11039
175
3088
14472
22235
22420
8345
19405
17007
13953
12850
2208
8317
20687
20404
12514
8272
8504
13491
13542
6145
21480
3859
6101
4556
18828
8325
18712
238
4568
20798
391
17619
15869
4417
4139
14048
9466
12834
4331
2939
21124
3204
1458
2751
20906
9961
3868
12427
18419
135
6811
15164
5216
21301
18187
15178
19323
13554
1537
6103
21371
1703
14345
14452
6434
5484
1491
10059
6173
1253
20682
15702
7097
7621
4182
19763
8808
7458
15895
16911
2432
22342
3636
16219
20830
14031
7149
6428
5965
5284
21175
16695
19578
556
12585
14955
11221
6263
5877
10846
3488
6031
18321
3385
15270
13936
6995
6652
8865
5082
20545
13288
12050
16583
15715
15652
2994
5457
22200
1330
9508
2947
17559
9102
6286
1249
7917
9457
17097
7911
3541
13714
16225
21575
3368
4774
288
19606
12564
7132
17713
7509
3102
5040
8198
19158
3439
3406
1454
19922
1681
16193
18220
12022
16252
6030
4270
1441
18817
18766
3490
20608
1326
8031
8266
9881
20394
7843
15590
6264
5907
6332
14246
14709
17389
14946
12333
11281
20895
8483
7145
1029
14803
10520
8533
2423
20784
1625
3206
21953
7682
10663
1564
21
16262
21245
21070
4500
18470
21355
19968
558
3611
14798
11186
20715
14040
18246
12136
4086
15558
4393
16183
11561
7868
14136
16511
21869
7335
5999
10058
9523
2840
2868
17974
3382
16793
4142
19436
15207
15047
6453
5998
19268
19905
4325
6810
10845
7705
16655
21282
17441
2380
16979
22079
15370
14650
18804
16216
3936
4468
20004
5404
2431
18465
2723
16477
18325
13266
5768
11859
12215
8108
4771
1011
21539
12743
12291
4524
2744
21125
5075
9966
14982
10201
1973
1646
13869
561
7530
5720
497
2280
12829
18528
2057
11914
7689
7821
8086
16592
1869
6917
11054
4395
17689
17030
3493
13976
2920
11094
7869
15633
18801
22145
6991
3089
3968
590
8460
4209
13762
2123
13878
5086
7802
1369
11630
10393
6782
5893
19266
20043
8899
5071
14618
15412
3954
5764
20769
2032
20912
12720
18426
3378
21163
11135
22410
6146
9113
18324
14544
10404
17371
13217
1419
18520
21812
16135
7188
3250
12410
19112
4921
4349
8320
20805
15211
5718
10195
1627
20019
8957
8984
2249
8918
7529
5494
8264
20864
9536
7874
15913
7318
14071
17143
6459
11596
11358
7676
13804
19509
14502
2747
16779
11384
14637
19941
13155
712
19809
20363
5044
7154
16014
6241
12423
16301
13096
20774
11643
18162
10804
14201
6952
20812
2965
2945
19840
10028
909
12082
17625
475
17144
22415
21838
20820
4007
6622
20326
1317
777
4693
3567
4036
14873
1825
19195
21587
2093
20969
4394
11442
19036
14077
11350
14872
21170
10044
3349
1377
10765
1448
16764
1758
13381
18251
18563
5619
15109
16704
16394
15359
10130
7032
16505
4939
19008
10722
16369
8698
21458
6797
4563
20836
10809
18912
15973
22144
21997
15964
14152
2353
527
11309
9654
4705
11204
10138
7085
2989
15797
21933
9391
4449
4482
14711
7858
7865
4580
4840
8608
10276
17369
16306
3068
5597
14867
12710
16146
22228
18512
15512
12288
1892
19596
19778
6280
3050
6246
17611
13399
7910
15305
13512
6446
16199
4431
10650
15429
1297
12074
21317
13898
21651
2429
12942
12217
14686
18403
315
3061
6719
12840
18939
7312
13993
9405
20315
13023
2651
13206
18079
12577
20383
12383
4926
4314
19601
8717
2482
17037
737
19786
5935
7246
11492
8684
17796
12059
13949
21399
8204
10106
3136
20409
16649
20835
1094
7613
1748
21243
2010
16510
19229
11136
8966
14638
3162
3855
16950
9199
19839
22077
14025
2804
13601
11880
2625
11840
18694
8835
20108
6338
2116
21327
8638
1457
3830
693
22311
8968
9056
18290
10337
20614
10189
12938
18363
20211
21556
2437
6215
14298
12986
1901
15906
1465
8665
12118
7723
5299
17952
11639
19701
19092
7739
21784
388
11110
6933
902
17729
11812
5566
5
13016
13932
13438
2745
13011
15137
15424
8242
21249
4575
3687
9981
3842
19097
1098
3739
10069
386
6373
16618
2154
12156
18902
19005
8261
4978
21750
7671
15310
5412
2263
1978
10141
16244
13436
14171
4874
6889
2794
8822
12950
3084
10738
21407
16983
14260
18650
970
4927
20829
17135
21511
10152
2820
17850
21663
6928
16374
14861
17991
3581
18294
759
22088
9976
20761
8551
17737
9929
15536
2370
7803
13933
6277
20389
9959
15546
6142
5898
14408
19757
18551
20493
15471
9382
2772
20788
9224
17466
8208
4465
6528
12029
1844
20933
20486
17979
14622
2984
17250
192
11491
16970
1204
3359
3064
9770
22148
1211
21369
21285
11588
12785
18695
2977
17843
20670
4633
18448
3013
14558
7542
17445
17338
16483
18203
8594
9636
14664
2766
4582
3296
12738
14810
2238
14220
1911
9726
17594
22001
16816
10913
8987
10856
10329
12724
4788
3935
22047
18036
18693
14647
17174
17847
18922
872
4740
20819
14262
13004
15961
11211
8094
13000
16343
19387
4006
19002
1728
11582
6789
14339
9932
21766
10107
15730
2394
4458
16259
20695
15336
15724
10580
19751
1409
971
22016
16316
19017
9383
3405
14576
12027
14731
19731
11800
19453
3524
6432
9849
9897
8655
4697
17488
5973
2705
13204
14130
6922
8092
11459
4879
743
17560
12504
17880
14942
10462
4931
16842
12792
3876
2417
7033
5415
9618
4263
17655
10528
2269
1313
10483
15967
21756
18189
18890
15670
13088
4106
12755
10433
22102
14433
19022
3714
14333
2831
10974
16201
11577
9993
8559
4003
3550
8113
5259
21604
6163
18524
11912
5047
8307
2806
14196
266
20201
10573
12442
8269
13782
20177
20639
2292
18202
8010
19325
4520
18779
5638
19552
18451
3728
20710
13078
3336
11434
16033
15630
4860
16756
2352
12240
15454
2677
5104
973
17422
9134
26
19684
8852
1251
5787
4467
17358
14018
21298
21654
6367
22358
11785
2177
15489
6460
8895
16191
483
18183
4379
4427
7130
19700
21824
19259
9612
14934
20522
20298
16036
6527
16996
12335
12083
17662
21453
5001
21943
3962
10868
17736
292
5147
5977
18310
1551
7755
8096
18574
5738
20096
5349
2757
1522
10341
2251
10103
5014
20929
14486
9354
5636
18008
16778
19984
13662
6563
21039
11103
7420
19628
18019
8063
10519
203
10737
15491
19234
11449
7675
5342
20346
14901
18259
15413
7291
13740
10918
7493
17951
20686
8135
15972
11504
9641
11175
17734
17463
9355
10775
15656
3052
18549
6540
6835
10606
2775
1397
10019
10933
8651
19053
4291
9789
21840
16412
11184
9908
2290
8764
5770
12362
5754
3047
20053
20602
2973
765
21002
18718
2456
6633
5742
6494
8399
8142
2286
10853
4718
13254
19814
22343
13678
16502
5407
16017
763
189
13599
13989
21167
555
24
13667
11681
11259
6846
6768
10688
12387
2786
8881
11697
2242
4876
8043
10624
5197
21801
9889
5408
9916
349
11510
338
456
17084
21329
3466
20420
20122
5421
10199
12741
19328
11160
108
22036
4962
19256
6302
5493
6520
3751
11519
17556
22299
5490
2976
9225
14579
9951
7505
2584
1694
7965
5891
18013
6653
9455
17644
6776
21767
14356
15353
20731
12343
22203
10858
2761
21009
8601
3989
5599
12390
7028
8218
280
5727
20048
8398
19101
1948
12247
6485
13814
17869
12615
14100
18911
5777
6816
22219
13396
10753
17744
717
20683
7921
14224
15320
2007
22329
7482
2483
12467
9758
17046
13047
17061
8649
11896
709
10746
10456
7326
16946
6172
12898
16736
18932
17871
2173
8016
15055
5300
21768
21390
4259
10137
8493
3571
10114
18229
13358
18634
20729
19641
1803
2460
9141
21005
5511
1486
323
9069
4734
12899
19765
234
21548
19186
19033
20577
16962
6673
9919
16323
5959
1078
4721
3534
9594
12444
6311
17590
16731
20508
3392
11574
46
7982
1010
10386
6207
13727
910
22433
18289
5230
2581
17291
7640
14437
2025
592
16334
20406
9265
4990
15616
17454
4537
1572
1362
173
19774
20770
15097
7243
7745
1744
12505
15655
13937
22244
1445
6600
20387
2684
10830
16096
15555
16644
3281
8762
10779
4170
19898
16025
7213
6177
5347
21291
4526
15382
20886
13992
20597
8001
8657
15818
18824
6931
19915
10378
321
9307
1816
113
4688
898
19014
6411
15848
7759
4152
20598
13446
14129
7776
14015
702
1940
7930
8706
4216
10876
20230
18672
13747
6253
12364
21922
10171
5453
18981
13661
10716
6774
13724
7204
17401
19143
13378
4144
22330
20813
11080
16030
16461
6731
17760
20787
13376
6930
1341
17928
17031
18680
17012
10610
8189
19075
21887
18687
4616
14933
2702
5781
5313
17240
1051
17014
13322
3570
22
4787
21460
6942
7380
4696
7569
18691
1937
9545
14366
2880
9575
15699
19386
18396
19370
636
7113
217
17575
16664
9175
4752
22179
7888
4576
20669
18201
12900
6637
17519
11209
3147
3851
13695
6977
1383
14404
16310
6899
2499
19468
10658
12793
8818
19349
4858
9488
1845
317
19238
12765
15218
12081
9041
9301
12224
5508
2912
7252
3932
17096
21250
4305
13914
3718
4176
9021
6467
316
21018
3665
2043
14828
10855
4184
12764
14602
16204
14021
6210
5812
9711
5344
7468
6333
2320
21222
11571
5612
6903
21377
1195
15837
11087
11663
668
2699
16536
14204
13304
3526
7309
2102
12805
513
11875
13886
7820
9653
1877
20534
681
13544
9600
17741
13879
19704
16864
20238
7067
7918
22207
1813
8902
14095
3885
10425
4362
6990
9051
11920
6818
19727
12233
20400
19950
2828
283
11661
13326
16115
10825
6487
7963
1916
15024
7300
18274
9596
3400
16443
7684
4789
15747
15001
15017
12631
21978
21375
18042
21471
6301
6017
7144
3427
11058
12569
11183
5960
14655
4670
2573
854
14457
18609
22232
169
18741
9862
16211
13651
2698
1917
11996
17766
12980
11857
17249
20469
20281
646
1520
10093
19246
11333
9414
22067
16451
13321
2624
11723
3373
11035
5031
5472
12862
13839
4471
13191
5249
7469
16169
3148
14669
20556
12521
16526
21034
13184
1063
12747
7976
6376
17609
4595
3952
7400
10251
22254
9914
18360
8008
2753
7663
22125
6385
20901
14652
10935
21957
20702
16746
22076
14063
21114
4018
13680
7798
7161
10026
53
9184
8011
18717
2683
20876
6656
342
18582
3763
18483
4796
11568
13319
21991
18792
1275
5540
3666
12533
14515
14572
7331
17021
12804
20581
3263
17459
6157
1658
11396
9615
19998
5166
11038
4966
10331
8076
5173
20023
5596
15450
3734
4552
8416
6966
10529
4756
3525
7054
6592
22352
17410
533
13324
8190
8463
15251
17806
11475
7752
7577
3643
2110
4374
20473
17634
9549
8924
8953
6341
3810
11216
13865
15584
4293
2373
9524
11916
13116
7985
17587
498
4245
14499
7811
21332
7044
13787
16712
9724
1385
20172
8903
14560
9937
500
547
4806
18705
662
10070
4235
3593
13684
21925
714
10990
6984
5789
18000
390
6640
16137
7319
2782
750
17540
5118
11088
5127
5365
6815
1093
17173
17141
12256
21567
7269
6787
213
16901
10111
4309
2428
18506
6951
20758
1359
21906
4441
10481
3976
9928
18729
21719
20362
7593
8791
22015
3383
22078
16914
76
12982
11348
17458
4594
3800
17479
9242
14341
16400
4967
17257
20174
3246
7185
20557
12185
3967
4824
12955
4450
4495
4624
4466
6503
19550
13059
350
17902
2087
14550
13749
20481
5887
13931
6266
8536
2096
12537
2556
20345
19872
8589
1301
15242
20290
2392
10791
19716
8673
13112
21447
8675
14184
2911
11213
1527
18428
5784
20213
15782
7607
7949
16570
15659
14621
187
18060
6276
10910
13834
718
5886
22175
19395
493
12209
13999
9226
17387
537
5678
16373
8849
10005
8228
886
2058
18670
3044
19966
7098
10365
20454
232
17626
14776
17989
14708
7852
2489
6244
19635
21640
8986
10448
11157
21867
12904
21476
21191
1080
7702
13129
12616
6238
15373
9649
17025
20972
11440
2779
5752
18940
7570
16703
15687
13337
11291
489
1072
850
17921
18207
8319
2288
4623
21787
16178
15248
2493
17930
21060
11444
19235
15340
7454
12251
7148
1430
22271
4539
3401
9797
1612
11330
245
15588
22050
8946
16097
1637
13166
9068
10476
20644
17359
4706
10540
12930
13058
4319
17229
22121
5239
13370
2631
19575
6252
6790
6667
21478
10489
14925
21378
15170
4296
16168
7534
11023
16837
9989
17482
1337
2257
8115
5719
21076
11937
2203
16754
14418
18485
21391
13459
13348
5573
7632
7437
9720
4956
4906
5220
2813
3849
12996
2415
2050
8725
11494
2330
15744
20977
15811
11420
4671
19889
1839
4865
19561
4525
2763
1057
8722
5059
15410
12455
5694
8396
3819
12605
4958
20041
15499
17334
10298
21723
9576
430
3676
7055
5934
647
3205
14353
11741
21680
11112
9605
5108
11794
12567
19269
13930
19290
16854
19965
11887
21946
16332
10453
18874
1589
14566
276
13124
19352
9879
20752
18740
13738
5382
16822
11430
5337
2961
14869
9544
19971
20498
21916
18503
10502
14793
8249
2008
8219
15387
19439
12090
21499
20928
6387
18950
20668
13501
7719
11238
1521
2052
5676
12613
2029
20243
20466
16521
5657
13551
13306
18073
2657
17780
22171
16851
22118
3215
16364
6043
19394
18327
4799
13969
6227
17581
9807
52
9288
14242
17551
5266
20260
17188
10045
12534
21529
6894
8143
1905
12078
10097
15576
1102
16923
12718
7829
5872
11343
14409
9218
56
10581
6122
16406
1500
21143
6138
10862
5753
13927
22469
15334
9449
6823
10777
6251
20225
14069
13884
7912
5760
10226
257
16209
18943
3213
12619
19594
18467
7808
17263
21394
15445
7090
2358
17627
1802
4338
7414
8069
564
19310
21927
7973
19486
5549
5936
964
8529
10915
2400
14303
1656
4032
1993
14163
3112
14932
14022
17094
10440
20536
13986
5874
17563
9025
9347
20063
3150
7048
3243
19166
2995
6645
18665
1392
19697
10847
4551
14096
3319
7565
12822
6471
3472
19780
5883
16018
1287
2597
9835
19676
13664
13276
19216
15649
21758
14275
18129
19866
6143
22098
3049
1787
853
17507
5053
16282
12788
7336
3048
6921
10887
12754
12538
8727
18089
15766
4928
3823
20025
12327
8487
4909
14549
13901
18137
19513
4937
10792
503
10925
10155
8181
1374
6409
3645
13275
15710
6618
10805
13693
3564
2764
7001
265
3482
20552
7376
19239
10731
20657
3027
18880
3991
4994
20946
2459
11212
2465
7788
18868
5287
9086
14581
20654
1175
9803
19546
3871
2411
11311
15729
5993
10222
18737
1682
21406
16722
19185
15889
12028
9588
15643
3516
9874
2592
21345
6611
1667
12310
16836
4091
1715
10395
10101
65
1354
17680
2271
12470
16869
631
4608
22277
6148
10744
14545
1081
13874
2931
17276
21045
3933
14761
15569
11851
5036
15346
13119
11678
16917
6002
3694
20532
15390
2100
1075
18647
1513
12388
172
21896
5077
11002
14222
21097
8221
9971
4775
13085
19400
18243
13218
17452
14897
12038
13114
16328
12473
5659
9248
4371
14369
3613
19046
10210
5930
9322
4823
20662
10607
20130
20944
3670
1427
21691
11329
19420
1147
20831
18072
13600
2165
11439
5431
7988
18583
4759
18837
13456
13655
17861
4069
14162
14620
20159
19555
8543
20479
18916
19175
2926
10071
10640
9055
8950
3065
8071
15791
12650
780
11400
6440
15160
13576
6220
20044
2587
15566
1482
13423
4377
3326
8670
18987
19538
5776
19928
18035
21644
15783
15609
6594
12495
13649
16969
14493
4387
7240
12429
21531
4145
10410
10978
19367
12730
4348
91
4837
18102
17066
4469
21649
12130
3223
21738
17775
4064
468
9782
10710
19508
6488
941
6354
9344
20284
5947
13388
9752
22396
19918
12157
19106
14519
20217
18468
16846
19563
2700
15318
1690
3479
19581
7810
7878
13816
19032
17011
8080
16230
845
20814
17834
21545
579
11703
1679
552
14058
7487
13471
11631
8817
14595
11159
749
20224
2289
21193
10563
188
3307
9507
12242
9658
13873
15356
11584
17685
19133
19292
4073
10498
8776
1442
12884
2979
20632
18607
9001
8854
259
17491
20142
8052
17251
1815
15288
9321
12109
11395
14212
11884
14004
22146
15025
20072
17026
11871
11827
9856
14161
2623
18245
12268
20962
21765
18063
15642
7177
15595
7857
19273
12389
17717
22189
1736
5679
1730
5880
2835
14256
19932
19479
20860
1265
4444
10545
10945
4123
2071
6950
3843
21510
13334
21945
5878
9633
9935
14696
7423
5671
2360
11274
11448
13052
1399
16273
15195
18920
12550
10975
10778
2662
5681
22321
15202
16939
19091
18340
22196
8579
17757
15216
19748
18513
20741
2326
14421
21319
20207
222
20967
14809
12422
2005
10033
15005
2234
16654
7511
9438
16331
21248
12502
10054
16887
11906
12117
2607
15383
13032
6087
6570
3062
3306
14231
21847
5673
14158
6283
10870
17088
18481
12816
2335
284
18007
12753
20121
21584
14273
5357
15360
10310
13539
16420
16798
12582
5774
8194
19790
9396
22255
20991
9750
6623
13683
1338
15169
20817
740
15864
18463
19703
6821
10285
5688
13267
22306
9868
4355
13146
8481
13296
19612
21136
22157
21711
16569
7165
6620
2844
5340
6968
12400
17840
16486
13351
6738
20760
13656
2750
13669
9940
3297
8565
10398
5595
3431
11576
6646
15794
18116
4554
3896
504
6588
12624
13534
8909
17492
9601
21348
2604
15036
6061
8866
15188
15689
4236
14790
20414
11182
6091
1459
9675
8406
3858
16291
7582
3182
3756
20540
13627
12940
18796
6304
20611
9747
15768
10377
6895
13643
2142
17336
18696
9963
10145
12979
20314
20028
18988
9550
8859
308
950
13051
1565
9186
1688
12845
21299
10464
22143
11245
22191
7516
16589
1332
13224
19658
21450
20128
8280
17344
21468
17390
3389
13468
3695
10551
5838
2006
9846
5456
20306
9112
654
18353
16624
9171
14871
9117
7526
7347
12003
6617
22451
6648
9684
4344
3236
17516
15611
21913
8626
7645
21616
20371
13353
14657
6662
17035
22285
12878
7296
7736
4197
185
12147
15136
4643
778
2680
9084
17227
15820
9578
1048
9519
6569
18343
16783
519
22093
11127
16083
16366
11960
18839
10718
21169
9406
10647
955
16936
1254
12375
16650
8758
5825
19393
17322
470
14407
6934
9240
20782
141
20261
16248
12572
19619
20091
3172
19084
19957
15707
3276
7127
14299
8998
20106
11905
15679
11878
17051
22385
13827
17576
20648
14482
18027
12694
687
21199
12314
2469
7
12148
13270
2196
6976
11512
2307
9521
6754
8231
5780
16666
15201
11869
296
4915
11911
3545
7950
22392
17961
21266
10877
20090
11108
2932
18382
4320
14109
263
12906
17632
4388
720
6863
18477
14935
16335
19519
2153
12969
11008
10678
5333
8484
11295
18295
11142
68
14767
18869
8182
12459
14603
4538
2948
21583
10916
10541
9181
14282
20705
3607
3874
11111
22222
2668
3922
7654
5591
21789
17254
8441
2990
13443
17485
20040
2332
8794
7087
4748
18786
2731
21020
19176
14661
9428
20766
19109
8440
4067
19799
3008
12503
15010
6877
501
8605
379
18681
7784
3396
15862
9329
10412
9109
8285
7396
13435
18993
8145
21059
16272
15348
3202
10390
1272
10630
7791
21141
6865
12399
14378
11113
12874
12757
18963
7951
629
9421
13571
5790
14635
1981
14427
19517
9008
5908
20678
8970
20468
5609
7712
888
10001
2488
19901
11095
12261
2066
19830
20664
8631
13272
18870
16718
18969
19494
4295
18627
8414
10841
7167
18044
16075
2937
19943
1769
10144
628
18954
13238
16023
18273
3673
3081
5315
10025
8187
3692
18119
20311
5785
15395
7555
19590
2787
10187
20153
4515
8990
1021
18192
3985
14896
8748
465
2264
15574
7061
3073
7182
21560
13702
15485
1130
16737
963
10267
14749
19260
12685
2108
20050
22181
14840
11156
6857
13127
14035
8309
10231
1353
5853
16106
15113
16411
21360
20321
4415
11086
572
6676
6219
18702
5295
10891
13389
12397
4505
9114
8880
10732
13807
16560
12790
8274
19540
15774
6961
6638
18269
5451
2054
14312
9120
18998
22194
11714
13100
16203
17104
4126
10254
11770
3538
22295
9147
12216
9673
20510
22156
9266
18704
11824
4240
11636
18635
1350
20974
4337
6049
2595
3776
6447
17063
12311
10578
913
8253
16819
14890
20088
18108
2149
18272
6989
18018
4327
15841
5280
3512
22004
1731
20920
16892
880
6328
13444
33
4079
8719
7004
7693
21941
16377
18633
17236
9954
21086
11508
3354
12595
7553
2799
18573
1783
7491
15158
15641
12922
8613
5056
19738
6120
2663
16399
13030
5951
2145
7786
12772
359
1088
18949
13170
7602
9328
17810
7416
17694
1779
212
8489
5941
7975
22267
9694
2026
19177
1431
6939
18999
18164
5156
7539
17341
17530
5114
17852
11769
12407
7935
297
21090
16539
11450
4888
18595
6084
17346
115
6674
21069
16339
1819
3323
4089
21434
4356
19963
5023
1176
6360
5643
7118
13425
9639
7435
13687
3041
5561
5649
11104
4785
16440
2572
11931
11602
11953
8443
3471
21538
14484
19178
15077
9722
7601
2056
16150
20975
18266
13908
15088
4894
4150
6491
11873
12123
11713
13003
16601
15166
11899
8547
9420
17723
1811
12587
9895
2390
15232
5488
17832
13106
8191
6711
7008
17172
17398
6294
268
14053
4532
19833
20750
15366
16587
20193
7036
17841
14993
20993
7195
11140
1775
6892
1554
20617
15958
2237
7219
9848
8202
10372
12421
5106
637
13502
15772
9962
9851
13227
22401
10263
2062
16763
611
21110
15648
4111
12670
11270
8669
18473
7909
15976
8097
1416
4558
22025
10177
2176
9622
5970
8627
14899
17955
5004
5238
14308
9876
10046
4746
10854
22044
1932
4736
18975
744
10306
17067
15302
3852
10265
1008
1739
12220
810
13251
19503
15676
1046
9710
15586
18958
17068
15793
1613
23
1177
18606
866
2830
2906
15183
3341
3193
22028
18590
20746
16241
17085
19625
3300
16916
6340
21633
10705
19435
13616
3438
18445
1777
12578
305
13408
21844
14049
6603
6305
19529
21602
3576
20427
19206
469
17592
12108
4598
21917
11047
8124
16751
20145
8961
7212
10661
12501
16858
18257
2386
1096
6883
2535
2717
14113
22340
2563
7937
6511
8833
9599
14648
9557
17885
11569
22391
8824
5914
8363
6647
13965
7748
15167
2574
14848
18024
20432
19267
5739
7052
5191
10455
381
18476
19802
4714
16039
14429
6561
17750
22257
6426
22389
1701
13215
5149
1584
11832
15431
13792
4045
22128
11918
17109
16392
9709
16046
1114
3254
12125
5958
13535
4075
21112
17130
1038
4663
1152
10598
14969
10902
15402
18388
1966
4092
22298
164
15982
3461
3256
2129
8152
1722
14727
21302
19698
21281
12476
16125
15844
9833
13859
3369
7134
20529
5128
698
11022
8578
22085
7077
4059
525
15339
7248
11623
585
17127
12828
12369
15868
20280
22397
16494
4870
1231
18636
604
7605
9077
2778
18579
9189
6046
10714
11860
3340
19484
16576
7470
21395
8283
598
4972
8336
4250
13654
1067
5588
20402
10153
7595
15114
6384
19686
11226
21894
2940
12989
2477
11152
6470
14808
2570
12535
17008
6192
674
1501
7891
11327
17657
11385
21029
3108
17597
18795
21598
20987
5945
1368
4248
1004
10471
20026
12101
6275
3979
15089
16844
15771
14894
20102
15487
4269
9377
4140
2316
21269
10344
409
18479
3702
951
9298
18495
22070
11874
14288
7913
2571
15880
2958
9047
11589
2594
18323
17090
17139
3691
4719
6331
3266
14986
12030
2137
8656
21794
19620
11487
3179
4052
17039
9390
7959
22126
16830
18603
7500
5242
16623
13567
15990
7824
808
8937
21116
12748
4343
11052
2694
19413
15769
21614
13076
13838
2669
6019
17835
17870
3632
12556
10147
4641
8327
9583
6733
19434
1201
19181
1592
14491
3444
12812
124
11641
6701
20328
19380
223
15098
10006
15
16012
16352
13517
4723
17808
3867
2873
2793
9964
19496
7187
20503
8875
20075
3966
18242
19135
198
21153
7716
3953
5552
7009
9215
15867
19617
19876
22216
10500
18127
17720
1314
21937
1792
10824
16118
15825
9917
4813
20132
14081
18300
494
12555
10674
4023
10730
2144
17776
16841
21397
2150
16856
17712
6059
8664
12114
6764
15172
12633
4726
17906
3360
5267
21763
8201
15268
10999
6675
392
6822
4922
5081
672
10357
9584
7211
16669
4938
10032
11068
2902
2297
5159
14399
18951
6213
2180
16912
21376
6355
14318
5648
18442
8323
3024
9015
8570
3222
2024
5183
925
21741
16810
226
17225
8904
3330
10166
7523
20103
13150
18312
21939
11367
4051
11653
22034
18236
18946
3894
2398
17475
5711
2478
12925
761
19873
13681
2445
20839
20460
755
9736
12697
2769
8607
22411
7778
14126
21830
21877
19164
1203
18095
17547
15296
7371
9607
11138
22174
17350
15048
9761
19255
1528
4854
6885
16131
11637
19646
22373
13249
18516
10351
1812
18499
3788
13464
9418
8039
12645
3864
10599
14254
8885
3566
8913
47
8879
7504
15996
22003
205
21373
11615
429
6010
21566
8070
19478
1888
1880
776
11964
12469
5048
16167
14641
20618
2321
6626
12855
11107
12041
4443
9259
7694
16732
16908
11089
19416
9251
16103
8438
811
6866
7738
21540
9208
1876
8185
5213
13147
13837
7430
12824
15494
4872
3302
3648
6407
1364
3604
1931
11507
3578
17888
9178
20295
21296
18931
17916
3249
14995
5539
7372
7137
13726
3558
6228
11057
17595
7402
2847
11611
16802
1853
2363
20495
6067
16934
16920
20547
19183
6267
9468
4694
2589
2577
2421
7254
3539
16441
17647
14611
16386
1402
17158
21123
19487
8781
7848
5555
3004
4646
5778
20865
19723
19357
3744
12711
4800
8527
14142
20463
4229
2464
21247
22027
10740
17278
11132
2737
5154
10347
11647
13271
2552
21372
14483
14857
16593
4311
7398
22364
10408
18084
2630
17019
9828
16171
14815
10689
16771
11141
8889
20158
2067
5913
764
9292
19636
12204
7479
18600
16047
21181
19762
11013
2023
12127
18752
17582
20674
6147
13113
3891
19155
9303
6803
4010
14097
6666
12663
9305
12956
437
5020
10556
5627
1101
14800
22017
21872
12426
21502
9995
14431
20605
5669
14725
3506
10262
12409
19493
13593
21047
9819
15764
14735
19705
17281
15561
14670
828
13603
11077
13821
3804
7242
1768
3591
4407
8427
19457
12644
2561
22166
16532
4971
19094
11801
21462
3727
8371
11612
15327
6063
18800
18193
9589
8560
3045
9238
1069
9970
8436
10724
21004
12026
14368
7531
11867
21409
19956
19695
4464
8654
13152
12688
2343
5835
14478
8584
11382
3777
10561
16513
18247
7234
21968
12092
22168
6621
13925
5956
17195
17355
19627
19495
6442
4252
1628
14952
4764
85
1991
9880
19906
4260
4364
21899
14296
3532
6282
1652
723
3454
7215
8083
9552
10827
4477
21126
5063
20554
17315
6612
20945
5371
22178
16605
15943
11600
9280
12346
1505
2915
16985
14354
22270
8842
14619
13742
12887
21030
10959
15143
13720
3651
4625
9029
13474
2397
10133
17421
16915
20221
21487
19351
19696
18826
14331
10506
10121
17132
19618
6630
19081
19327
5200
20181
18747
12977
3535
18757
10889
12893
17392
19279
17779
11760
722
20014
7171
14631
20772
10491
1429
18256
11987
8735
16447
906
8939
6199
15548
12671
22223
3174
6558
15582
15051
1786
19369
19363
17917
4918
18352
9911
13190
13731
610
1218
3861
6669
10384
5339
104
4766
5892
15256
4195
2742
17098
3902
9485
21720
9250
19869
4298
14795
9810
5693
5473
15518
11497
16220
18113
20372
3573
8193
2708
15534
10587
8813
11971
20012
21064
13203
22315
1105
4852
14386
12883
551
13293
10157
8628
11667
18722
5422
14836
14744
6321
4570
4094
16913
15705
5206
20501
15107
20612
11205
12099
3315
6772
11620
2545
14734
890
5890
18584
5363
9145
1692
70
18674
1855
1045
20456
14305
4222
11056
7617
7599
21834
16305
19211
17272
625
19759
16002
21553
21891
1506
18474
1568
17856
4171
1810
13746
14194
19544
15929
7104
16265
22354
4164
10503
7191
9861
13591
5460
10243
6911
3417
17667
7075
16165
15664
21321
13240
2276
3551
11555
18727
13060
1700
21145
9627
16267
12040
11754
11997
10550
18275
5250
10957
15394
4885
14172
7991
4178
5336
4564
10363
6845
10280
18380
4124
4541
11544
17024
6723
5706
17683
8775
7429
20690
8367
17675
5666
21956
19947
1068
5246
20038
15285
6295
20123
13871
12867
13990
12778
11540
14755
18881
13608
18386
18206
443
7083
14239
4737
3822
9372
3118
14290
14821
17055
19728
11149
6085
6707
17901
18090
6550
1378
2068
8980
1607
3388
9010
21054
8270
3000
21286
18929
4435
6414
11669
2458
21721
7235
16398
16738
5692
9671
17280
13926
5291
10175
11064
2166
2188
2199
11907
16482
734
7517
12188
9350
4654
18197
15333
5495
17490
15208
10797
8073
4988
12987
20312
5424
6967
3565
1782
9035
946
11545
19219
16136
3684
17399
20841
573
8985
2923
17403
21603
13375
18956
10681
4230
16247
13008
6452
21398
19426
14802
19231
21130
20393
1331
17316
9943
19622
417
14971
14634
1706
16396
21161
9252
7373
13481
12275
10595
17356
16516
2016
10914
14247
1194
13427
20850
20051
10861
5270
10852
7278
14485
10639
11676
19447
9268
13853
4794
21557
686
36
15667
21895
9151
13262
15813
12001
19702
10991
4433
6115
7089
20398
22238
10996
194
464
15760
6100
7947
20712
8739
21544
18972
11167
11711
15524
148
13183
17467
12647
21727
17826
13699
21947
16326
20392
4555
16947
3278
9729
6506
21158
2505
15617
12877
8082
22447
3183
17394
8733
17800
11304
22399
16582
3792
7239
1947
15184
17264
4997
14640
21814
1225
5861
3374
5410
13954
90
13081
22215
6097
17849
21455
2092
8534
2858
15380
1199
13581
924
14862
6108
14453
10463
8573
19502
9188
5530
17860
627
8418
1641
17525
15146
7358
6502
16439
2476
21019
18180
6655
2859
10626
12907
4547
2638
17897
2513
21797
6032
14108
22133
9456
5448
3587
16242
9177
2829
18120
15819
5065
2729
19320
19958
15151
14883
6970
12403
12305
6836
20036
16598
1631
20167
3320
17015
5672
5645
8022
12837
12620
20139
9332
12380
13641
11616
19639
17262
6068
11019
7537
18630
10242
15733
13766
149
11254
17568
22095
10618
904
10426
13553
8067
3708
15246
1235
8728
7308
4848
12890
7610
14413
11685
13979
18255
20418
8312
1526
18673
9131
4282
22123
16709
2168
20916
12509
5051
20896
11660
5933
6424
21657
21593
14988
20416
13597
19805
11563
3837
8826
15309
7452
13947
20595
20500
4508
14476
12282
19913
18593
4845
15603
11251
20289
13696
11287
19425
22059
13135
18918
8095
13025
21442
12144
8209
2721
15252
2183
8643
1282
18887
13034
13568
15284
21630
2598
20628
9672
15220
8930
488
13291
5465
19241
14685
3760
606
2337
11431
5391
11764
2049
10822
9058
15606
15686
5006
3561
14507
4317
12894
20891
2457
18459
12111
18894
1950
17678
15473
12097
12528
13701
21189
6856
16346
10435
14504
363
15949
10125
20565
13589
8140
17435
20039
17913
10312
18359
6334
891
11515
12961
9234
1515
2974
19472
20257
13440
9475
8991
15600
14738
11302
4165
12370
3712
6117
20999
15414
22087
9135
3039
8862
10525
1800
17719
19336
15580
14384
18803
7677
1294
6864
16056
19459
1006
7382
17747
10679
22437
10474
20364
21694
2022
9481
9275
4347
15807
653
9768
14949
21828
2498
8241
8886
10253
3067
21326
3984
3234
10311
13188
21351
4920
17013
17327
151
7489
2266
19712
10154
11517
20413
11179
16298
7943
10608
15213
14812
20571
6536
6956
3929
8682
19392
21309
12825
10680
554
12729
15233
15838
21523
6547
601
12033
8262
14116
18423
15443
19952
20590
200
15365
487
3017
8921
21905
4642
21220
12830
18413
8158
18271
9110
2120
6141
17000
18865
2470
6150
6479
17572
3537
5576
21295
3680
10072
3138
3456
10216
8994
8870
871
17508
20986
3974
2956
9556
5533
17385
20020
2776
14007
17907
17824
10676
312
19848
10848
21736
5411
15962
9443
5389
6435
881
14019
20688
12675
252
4488
7224
6615
15140
16079
10394
13026
18547
17393
21729
10988
12881
1979
12808
4948
7076
18480
58
20143
1143
7190
2733
4333
15858
2833
22056
13809
3836
12609
3435
3634
22005
20390
5995
4074
6593
1261
4798
21785
2580
13751
655
8726
2011
8873
2163
3366
10727
13974
8032
17708
8671
12284
17969
10324
14228
19542
3111
21497
2413
4081
460
3189
1908
15281
20373
20795
18748
8326
10342
4181
3769
19088
9004
8963
6583
15945
4941
19983
8017
11863
18178
14565
15254
43
6195
9286
5811
262
17868
20278
17528
5372
21473
4545
22139
17825
22111
18597
4853
505
18159
1228
13230
4210
10890
11655
3387
20476
7628
6218
13395
843
16415
11558
18571
7996
4644
16873
959
19579
2807
3605
7729
14864
15720
18608
20423
18900
2228
21620
7460
2214
13658
14134
20506
5514
9486
1837
18057
14390
12034
15091
15904
4531
19069
13009
5000
14830
12781
15072
12588
13902
10048
11686
8265
6364
5459
6758
132
16333
7199
4297
10928
2441
5831
7081
704
11099
18099
10362
15273
7427
17707
12581
9945
3332
20110
8645
3219
1379
2091
11662
19018
8832
16673
13523
19842
1818
20250
15385
21435
3228
8648
13885
3995
7707
17487
3521
11361
9096
16260
18762
8372
21224
14056
6732
5670
21800
12678
15073
19710
11050
10987
12734
7060
11730
2192
12529
12107
9014
7953
17342
12487
20918
14376
4372
2870
22236
7883
17743
5466
6670
21221
6102
6896
2125
17001
13234
17255
8107
2894
16297
19169
18280
14676
1300
6572
17520
4315
3746
3630
11506
12351
15071
9591
1478
19804
12020
1927
22066
13652
825
8216
17807
14229
16357
14824
13614
16256
12593
29
1489
20170
9609
2682
22239
3927
4981
12674
20875
915
18075
3216
22369
15022
4128
6573
13268
7944
3217
12775
10330
2718
10018
4784
9664
20932
20180
7377
15258
5820
11688
15739
17915
3203
9968
17854
6293
17580
19566
11753
125
18134
965
3939
6114
2064
5964
19188
287
15933
9499
2593
1352
15727
6217
87
5025
4256
4808
22136
6530
13756
19411
2019
7474
2318
9898
14257
18971
19250
9650
8710
7699
21955
22419
6245
18626
9642
13706
15604
16355
19545
3021
13962
18637
16174
17234
2944
6624
9130
6212
19452
9628
16687
15053
19433
524
4456
18994
490
0
9586
9739
4226
16263
7385
20369
15627
8439
2295
13260
6129
574
3143
15060
2925
3530
5832
16903
17071
5153
982
7882
14085
10266
21900
8029
21040
5870
14012
15802
15297
21673
14636
5763
12466
14658
4548
1041
21990
18291
9340
11549
13211
12449
19711
1456
18239
5426
2780
16417
17018
3270
15634
16104
21180
12571
19037
13331
10319
18790
11399
2725
19419
14720
10134
8305
4130
16811
22233
4812
12623
21186
19648
190
2740
8030
3163
8724
20068
16944
9426
8805
19040
20757
20898
2365
314
15021
11947
18808
8100
11606
11783
18342
10446
9399
20461
9547
2462
6324
1989
16953
2491
9297
5501
15994
1798
13988
17866
7866
6372
486
623
20562
9149
13622
22377
10040
22337
8035
6090
9204
21380
17100
3685
4275
8538
15618
11231
13241
3280
8884
12677
3930
3806
19919
20447
18110
17827
15828
12634
22052
3009
13575
16353
22436
15781
13151
8831
10215
2743
5823
7086
17137
6923
16677
4070
19360
18834
18683
7836
612
9091
8681
17361
11834
10430
17002
6690
4234
16202
14825
5746
8410
16222
12100
6016
10431
7139
16078
20725
8356
8013
1538
3554
16425
19265
3510
21278
3312
18892
14118
17368
15480
11286
13569
7622
20964
13609
19007
13763
20950
17958
1074
14475
19190
16019
18934
15031
18620
10521
6929
20810
8803
7179
5098
2035
19072
4810
5161
5089
21448
20677
13125
19699
657
14232
7442
5912
14009
2004
8376
17391
10880
16525
2099
9941
1189
12095
16383
1170
5231
15568
16668
3548
1065
9433
7298
12339
12201
21995
20491
3614
8184
7099
21596
20527
22040
12177
10244
286
7952
17740
17927
8422
4463
15663
18538
3338
11837
11365
12997
10886
17949
11933
7463
3496
12545
16760
3093
5829
12167
7478
15969
11879
18349
22211
2639
3999
4231
2494
7532
4615
12222
17382
948
5989
13092
19358
13187
21421
5772
12709
13710
9746
17259
9140
4862
20226
5848
16653
12406
11739
3142
2953
14114
812
9668
9148
22363
3649
18662
14411
2918
22273
15474
13996
6171
1871
19736
7126
14389
20175
11923
10096
4977
10715
4247
20949
3965
14391
12235
20148
3910
22275
16553
3719
14300
1866
13663
21706
9572
4430
1136
3429
11806
12481
4665
20219
15430
15832
3082
870
10900
4829
18498
18735
16768
20903
9785
10592
9159
18903
640
12015
10397
98
18184
12367
12212
8459
18654
4357
3921
14495
9158
12373
6077
9909
16634
5740
1738
9967
10118
2703
1897
3056
8965
1242
15162
4080
12865
21272
17079
6297
9532
6828
3500
11928
11046
18076
4607
13673
22446
21292
20803
7660
8479
6944
12411
13256
14087
1507
7863
13161
13935
17183
17328
6449
4082
2424
21685
15672
7902
17731
13141
8951
19845
9436
15303
21546
3085
18398
18404
14854
12019
13557
2401
5277
6422
21350
13007
15054
13744
12158
19951
9154
19223
11484
5800
937
2539
1217
13794
14868
19530
20271
6396
7140
20679
8792
11229
5572
19897
13635
18910
11705
5223
15040
5074
15589
8407
3264
12846
835
5615
4934
18965
6000
15221
13392
705
20849
6386
4339
923
6827
19152
18873
1820
14157
21490
15407
19846
224
15669
8394
6551
6955
14454
7688
18231
8437
15767
7812
21791
16575
21273
3486
19747
21215
261
14642
1111
22080
4254
6211
10984
6086
21999
18599
20709
8352
8170
18788
4868
2866
3184
11169
8112
5435
13772
7100
4890
4869
18536
21580
6512
7432
17357
8708
17149
8969
476
2314
16192
10080
11223
11902
5163
11690
21464
13642
13672
1843
20202
21226
3808
21532
17727
15507
9437
7073
19489
17967
3042
1934
8174
15665
14218
3569
8632
7059
16609
11792
22096
15286
11018
15215
19291
4730
7934
8409
236
19107
11017
21099
11495
14117
2501
4258
2308
12557
21683
18114
11788
8774
20789
3408
17618
20745
10300
20474
7969
20785
13562
2325
10844
9522
13361
21936
21505
20961
1206
12622
17514
3916
9529
20022
8195
8746
4013
14536
15567
14462
8349
22251
9958
1942
8365
10569
12511
21627
4354
22177
6948
19856
8705
6510
14151
11930
3104
1770
7173
10274
7974
14253
8678
21071
6284
803
11151
13056
14076
18148
10478
8281
9088
4867
19936
19192
17239
11446
21306
13143
12165
15650
18785
12392
1759
18552
5761
2715
7313
1763
22217
4540
12013
9009
10326
19949
664
2739
15790
18632
21312
5633
12814
15658
16176
14264
6937
20518
8476
16935
16594
6124
6197
18106
18719
21441
12768
20428
6796
5628
2433
11441
19558
14990
14551
12669
8172
14772
6201
14140
13657
12244
20079
14543
3958
18611
6111
18411
8749
21218
16849
15104
19418
9847
11532
18763
1581
7227
9230
10013
19742
19663
9076
20464
10204
21853
19272
1662
14904
12436
21778
20487
9509
14976
19630
2710
16302
14073
12861
14695
14394
18240
7110
22413
18618
19309
7711
3993
14797
13519
4717
20881
5966
8855
15842
6847
6483
12321
19574
18172
3313
3419
6310
11468
20531
16498
5251
21267
21982
16982
4151
20336
16897
449
15594
21970
2852
7391
8003
6319
13566
6054
4749
19772
14876
7998
10066
5478
17182
6629
21334
17165
19371
4791
12184
7823
5312
9830
11505
14806
18519
18980
7804
3076
22281
12054
5203
4657
22184
8544
14135
9419
20458
17601
13400
12498
11891
15757
20883
2877
16512
5175
20633
2141
17661
9247
18572
2084
18821
20010
3686
5798
1954
13785
12129
7972
6184
14003
17192
14963
18711
177
12462
22142
6868
14276
6381
12934
9730
1156
6268
11488
5332
2659
16027
14741
8474
16706
17168
15626
107
5168
1345
3637
6272
16799
9890
7603
13359
19446
5088
2003
8871
19760
8514
13760
6957
13764
2767
16450
3807
10188
10444
21236
10256
22468
11276
3029
22083
17444
6544
3394
13248
17405
1926
20138
19850
13729
15787
4916
19315
514
20105
6785
17792
1372
1713
12841
19715
6682
17121
5625
20210
9005
17577
20645
13900
17615
15541
19859
9778
21261
9527
17304
22445
5726
10964
9359
15861
19667
15882
724
14241
7598
14387
19554
6876
10938
20900
19551
9482
6273
5603
7581
6427
4452
10885
14841
12416
16324
13848
382
11200
9320
16716
17161
9162
16537
3037
15199
6872
6773
9057
18746
18155
2272
19264
22049
768
18526
586
3367
21431
13985
15064
19514
9062
10821
5620
9202
12835
5924
3413
22264
3453
6007
4491
4891
19534
18297
10743
8848
356
19307
4481
11332
12962
15788
3245
3157
9030
20489
9986
18734
5157
3787
21686
20859
10098
5634
21835
614
6080
18151
7041
1578
4561
14217
16423
2204
16112
20919
18675
9167
1250
20899
14922
15756
6430
14753
14997
2606
22210
5704
14026
680
9276
17449
6358
2885
9685
1125
19252
1969
4882
4857
3661
19717
5858
4294
11772
16584
21383
8068
20348
20742
4768
4856
20580
22439
1847
16714
1824
16080
13963
3449
12486
4453
10270
19471
5491
2372
16164
15824
11346
14010
13253
22061
1339
17544
3881
994
4930
3054
8051
12798
19170
9680
1734
1636
15000
436
12510
20239
19306
207
16734
14510
3629
11363
20374
20680
18930
5211
17994
21074
5734
19506
275
13692
15682
5420
9942
14791
12618
15264
12761
22097
8024
1846
21051
22161
18361
5419
8374
15438
16107
1299
19511
19671
18743
6226
22162
7262
10883
8931
11786
14216
15466
19497
20367
15116
9614
9042
3663
22375
21825
14445
15108
22307
10449
7194
12512
21237
6176
4329
15013
13219
15074
2681
2446
2101
9696
13907
17016
13373
8290
20828
21985
6060
10297
18250
3737
17621
6802
4
20263
14046
15738
19142
21322
20569
6380
14154
16735
13298
11185
18033
3252
985
15511
19148
13612
4490
12991
2283
18368
14875
20535
1671
6849
7680
16347
7241
16492
2021
11260
14613
13648
7238
15956
8949
6740
6366
10223
7276
13950
9273
13981
17748
20151
1874
10469
13671
22308
10178
17543
20942
9776
2640
4159
2919
14757
15826
8458
3717
9766
17693
11892
8188
11941
19614
9361
7664
6986
19066
8395
19521
16044
186
5321
18947
9718
384
11391
21938
6943
19317
4203
13067
19274
13165
7743
21058
13487
4043
12336
11452
6958
6375
21752
2463
19354
11366
11065
10548
9992
751
19390
9816
2650
9737
5675
9838
10273
15675
3904
4986
4686
1455
12066
6861
14649
12119
16143
5794
15157
1012
11265
16632
20496
15065
20173
17795
7631
15749
16607
11410
14002
19743
17874
4279
21773
8122
1316
11478
16893
326
3780
21831
9715
1293
6756
20196
11608
16163
15697
5850
15504
14792
9741
13242
7834
5115
17606
4851
11362
12642
5097
19160
3831
14866
9870
20449
10523
2654
15550
17362
22261
14600
18602
2935
15938
19130
9837
11995
18783
3527
9767
327
15369
3079
20907
220
10249
14357
2028
18908
11208
6508
19993
20845
13522
12301
2887
622
12737
1840
8844
9787
3667
10183
12895
11728
4112
16671
18733
22082
22212
1910
372
9324
9032
13216
2147
21964
15903
21041
5406
8289
14559
8123
887
10601
17329
6076
20902
19681
6356
13467
14694
11458
10411
15691
16742
779
2752
11218
20352
5948
7678
6642
3914
18855
18367
2201
5190
14240
15701
6438
16261
1476
17203
14799
8251
12322
17419
5146
5260
15391
988
16665
1031
13057
3231
594
21751
3285
6574
8999
16479
903
7809
22272
21089
16759
20320
16942
5129
15102
1796
12972
17033
7929
8537
21151
18726
10745
7880
5237
3342
9772
11815
11622
13753
20550
1912
5575
19725
17125
1977
14688
4095
8378
14977
21863
21416
5024
1826
20184
2888
6708
18877
9922
2774
117
16496
16101
2716
8588
8922
14538
20806
10317
12330
403
20286
12875
20528
14831
2089
5362
6953
11334
15455
14968
6580
7726
18131
18249
905
20045
16268
18671
894
16619
13938
8788
2801
1044
20713
12570
1184
4982
2785
5733
21910
2174
8205
3925
2652
14348
7594
20322
2503
1514
4878
20485
16519
18365
14213
14570
11015
15029
10692
19832
6013
15301
19087
2861
10951
3635
3120
16686
20140
21983
14991
22131
8891
14000
6499
5486
11816
3586
5003
14887
13145
3519
10235
19154
11093
15735
12891
15392
5986
11791
5155
17585
17266
5462
19934
17409
12679
18773
7495
12140
3675
4382
4573
8033
17265
19734
15983
12773
17781
1117
1361
11355
3832
20307
19407
14261
1139
4828
10725
15379
7816
6914
5330
4498
5268
4156
14442
16993
19960
12068
8566
9385
1718
6463
7294
10992
19334
3015
13983
17588
1850
21623
8785
18686
20391
18457
20623
16278
9480
943
5547
9635
19900
15808
17845
15347
139
10038
4277
11128
10631
14119
16098
4581
17006
1001
22115
16857
2632
4779
10087
14420
3273
3652
6908
1721
11285
5652
3433
20996
19464
8284
8841
670
13805
901
9245
815
5773
5553
18128
12073
433
2504
11948
2672
13532
12326
21822
9254
10904
8105
18074
21704
2354
9513
7740
2069
16523
14918
10668
21568
17816
14235
20512
14203
16151
9341
4039
15038
15287
1289
3099
9417
324
14639
9143
19718
15884
92
6954
5353
6710
18811
2136
8321
12132
2213
5618
18429
3918
7855
5809
15934
13888
20689
12394
5542
11301
1310
11846
8431
20624
19006
8466
14756
19580
11240
1187
6285
15759
19694
21661
17721
9471
619
17503
6303
7679
7830
8057
129
16172
13339
17882
45
15587
18664
3286
16930
10068
450
28
8964
18612
13615
21227
20505
10051
21196
12133
3948
67
21973
4421
20424
13514
8799
21662
18660
20332
12285
7105
12933
4406
2362
1643
206
18876
2368
892
5500
10832
19029
16293
4659
17310
3328
6281
12963
7867
22286
16517
21426
4569
18065
11717
4996
1322
21934
1446
11436
6973
15050
20008
15342
22326
7939
54
8522
21256
15128
16580
18433
2436
18830
10544
11305
3781
5509
19986
5983
14027
18866
5346
1434
434
19123
21659
673
21318
14474
7701
13495
2966
8058
20058
20227
2440
18293
9806
15020
11674
13533
11102
2260
6507
20073
10200
7178
2736
17986
15044
16051
12241
4992
17451
4025
9670
3540
9728
5696
5005
6081
12197
21621
12575
7360
12246
1540
21138
1164
16626
9327
3799
20704
14094
16643
10839
19849
8337
3025
21147
15111
3938
3199
22357
3544
20751
17889
467
15272
5380
813
19077
13461
18509
6720
20838
14460
3358
12762
7987
7428
2879
16206
17883
1834
3724
19010
22221
17894
9683
15142
2692
16813
14617
10982
19829
3782
2393
19834
12206
4728
13970
22322
17797
19389
21520
12139
5301
14805
10780
16155
97
3032
16426
20137
13830
13069
12071
20825
22455
11866
8144
19608
20379
16530
14577
17184
1028
5247
826
15560
13547
18097
10895
16801
2419
7451
11673
4392
12712
19535
14924
14832
21897
9413
13033
8338
10786
9708
21656
5992
2078
9262
17167
20833
18017
9404
4211
12596
10536
14500
13027
7708
11665
12124
1005
19861
11129
12120
8754
2520
7518
566
1936
21975
2061
22314
2293
7521
10490
10669
9052
7342
1185
3475
3882
14940
2117
15289
5080
6596
1418
14762
14165
4253
22428
17228
2206
8770
20783
11292
19448
20231
5826
10053
3533
11679
11924
10186
823
11462
22353
14508
19909
8834
8989
20395
17095
22165
1477
8369
13258
13896
10304
20188
11081
7120
9891
4301
2002
18836
20627
12684
14270
8322
22462
12191
18771
2461
8740
15991
6658
12667
12839
10037
15577
11966
17697
17753
18010
15519
20873
66
11451
4087
12786
18177
2823
7152
250
8887
17818
19162
7466
17
10572
12847
1323
10146
20189
14526
22205
6971
13477
9602
7780
20646
21013
7314
8444
16471
12795
16790
21084
16117
6022
2648
13414
14908
13903
5833
19858
13393
11220
3289
2336
21963
1821
20509
609
6659
5437
5497
2451
14656
136
13628
7724
19044
11581
6128
935
20198
13605
13046
21902
20560
2194
1729
19153
11595
18037
8375
12968
4068
9256
10949
16781
9662
15456
12880
11356
5359
12272
12396
16444
16635
9037
11393
16894
9351
19253
10281
3741
569
7272
428
10176
17476
14374
9333
6260
11509
15335
3595
18529
9949
12323
736
5736
6152
3850
11203
14910
19341
352
4118
16271
14468
16491
17735
19187
10
22293
13001
5255
20183
7253
1895
12439
20568
19959
13029
16128
15295
13606
18884
8586
5834
17430
3130
22339
7903
20375
6915
19078
12000
10811
11986
20667
9506
3589
18130
14221
15998
1647
7157
22053
18449
3010
16455
5232
14314
8933
18906
11779
7399
19857
11445
18882
7024
3292
15446
8464
17429
13632
19335
13916
18525
11809
19224
18502
7722
932
20377
19193
17891
2812
1435
13043
675
19
16432
17622
14375
9686
4892
4389
8872
9304
5492
1864
4949
3282
7781
313
4973
16647
9539
21920
4913
9283
5724
21960
20186
18684
9825
12926
644
8777
20242
3260
12103
7941
3412
8697
2878
14970
20588
4341
16465
12277
13856
11326
11929
17208
10272
20350
19512
6389
7265
10228
15645
14178
6089
804
6882
22393
10027
18052
10570
9473
20021
18286
2883
8736
18372
20582
9441
7933
16710
14511
11952
17596
4479
3308
11656
14967
4691
7230
22230
3854
4476
18879
19917
4587
15601
502
20643
15243
14211
13934
5026
18629
14259
800
8711
19629
3288
11518
18394
15999
21591
13432
8703
20799
4004
5683
4445
15993
3644
17673
2250
4861
12888
155
7890
8971
6763
21668
11190
9886
10288
758
21106
6704
11949
13790
17484
15168
2487
8820
7232
9282
729
21035
2909
7662
22204
12104
18455
18628
8553
9781
19485
5293
12746
17624
21572
2679
16139
19946
8366
11219
2508
279
32
3421
13629
6271
6299
7011
17450
618
5418
5304
5015
18028
13314
13390
21364
6057
14643
2034
18986
13761
14351
8857
11976
4446
19218
19150
991
22195
20282
10501
8674
16660
4497
5384
20046
1120
786
8563
15809
1630
20378
10461
3391
7666
16375
14023
9180
20443
9616
1563
13265
5955
7758
11672
8955
7747
8911
9046
13303
8720
938
16385
5193
17944
3375
18362
3262
9398
7897
958
16776
16070
16769
5954
12232
201
676
20470
11456
1495
18023
12302
21976
9924
22151
6258
21178
3335
1609
4290
21254
22359
18258
16906
11848
20251
13239
17303
7575
20419
15105
20127
20101
1358
4243
21459
15451
4029
10605
7106
7205
17794
2135
9676
18182
7151
9542
13479
7046
1508
17206
6132
15180
1468
16998
19775
13595
3862
6737
11529
20162
4811
3125
2890
18936
21140
21482
6742
21083
20052
22429
4859
5078
6591
9231
9453
15175
8060
17539
21091
16166
12561
18014
2542
18905
17918
1582
19157
9018
3752
14120
15266
16041
18535
663
14206
9217
19803
16740
16221
15815
9107
9915
13323
14704
5113
19388
5043
16424
21854
22383
3087
7480
13811
13157
538
10932
15860
3699
1150
17212
21617
19134
11652
2473
21207
9389
819
16641
10077
9191
1480
17337
11921
12924
9655
13560
3608
1026
7155
7954
20264
4012
697
19744
16724
5199
3442
8090
16694
20399
16823
19735
19753
12957
14383
14689
18699
18439
4896
11307
6042
10864
8541
6392
19026
8159
3261
18490
22155
16787
16551
15857
2181
1095
22086
11844
12325
9952
8048
11729
6584
17461
6394
328
8373
5568
18926
12574
17821
6649
16309
21932
13413
14180
10709
20842
1653
4586
20852
10843
17867
1100
16807
3978
12833
11029
20762
14718
11195
2422
12016
18438
5119
12366
9517
2210
17241
1884
19652
19794
5685
4519
3825
2758
21573
21308
3146
6901
14370
9494
19429
12365
17106
14319
8179
4542
8026
15592
7787
14764
5938
12553
18437
10076
9386
10784
18937
7887
20229
13168
8467
3884
8364
2425
9401
9581
10191
7299
5062
14584
17623
19807
11098
6020
869
18639
3277
521
4604
306
13482
14707
661
8603
21911
7017
22101
5990
17432
859
2826
7777
6813
22198
3478
5647
21055
11876
13442
16246
14090
17574
5320
6309
546
2426
22313
18387
20874
13610
18333
12664
12794
8137
12917
14628
21205
13454
19417
7202
20005
13842
9872
5002
17408
3770
2559
8945
20256
17633
20459
17036
11027
633
1428
13951
13829
22412
15816
2169
6517
12273
3105
20794
17904
22117
2042
5402
17905
11320
21571
7007
13476
7453
616
10629
17388
106
14287
22167
5039
20200
706
13924
5192
19994
9809
3897
9894
21073
15671
7614
7286
21821
1550
15066
8786
17608
10516
15493
11586
5033
1252
12866
9773
12126
12715
16675
6036
8038
6221
19396
1002
8802
12431
4925
15905
20924
3779
4944
21860
7845
18923
7730
21969
12186
17205
8772
7503
8098
18190
20157
17676
20442
2892
14974
921
11214
21581
11554
20607
17286
12733
5897
3001
2600
6325
12767
8861
8977
4518
13945
20826
15235
9792
14373
16232
1221
14169
21737
19548
9229
7583
12044
11750
22172
6567
2762
8196
13420
846
16986
21094
7525
10586
20796
16318
12966
4369
12350
10260
15960
7431
12601
4631
20834
6878
11645
5584
8562
14931
5364
4208
15428
5723
1712
5602
16937
17820
11148
4046
19490
5328
6994
18667
14487
11059
18225
20754
11900
20232
16900
6300
7475
1696
1797
587
15415
19967
5152
5981
1298
7854
13833
6700
20802
347
22018
8763
6838
9227
20403
14395
12110
4146
4368
21595
2182
10438
20578
19299
5942
21101
22278
6064
20494
10575
16207
4664
18823
18351
18689
13964
18829
21000
19933
6589
10762
14546
17230
5957
12632
20694
14943
15985
5868
1172
7775
13745
6044
16974
16387
17177
13619
17933
19099
21589
4100
6296
2261
10539
2664
18265
20965
20303
22225
13840
7536
9540
10236
19139
10672
10615
4113
7042
12161
21901
13237
14662
6023
10972
116
15886
14415
18298
6985
22243
10108
7417
9925
3310
336
13492
18781
19609
13177
6775
3671
367
8549
17247
21413
4047
13302
447
9518
15605
5621
8883
4666
18034
7979
10874
9590
14909
1566
5691
10301
13139
3900
14843
4841
17875
15952
15209
15228
14849
3353
711
19611
10512
15374
997
19739
2205
5066
18805
16814
4901
19028
11207
20325
10194
4402
8810
21011
11380
16245
14822
9707
17433
7995
8926
16871
2256
5120
11841
14236
12091
22416
5189
4055
10064
4057
4739
365
22279
21926
452
3523
14598
9865
17668
8130
13525
6794
16275
22365
8520
19090
14768
14072
11980
6924
21839
18566
3425
21331
1214
18227
13133
16522
16152
16284
3329
21100
17320
21998
9257
15403
21608
12425
6270
3151
3656
2983
11926
19687
8652
15721
18200
9400
14301
7922
2248
18725
12179
18764
1335
13913
14804
4905
16907
11525
3043
19465
13045
14219
14469
19404
1737
16365
2603
18400
10851
9788
6247
2312
5527
10897
9317
1546
16304
9854
21494
16430
3784
5021
11092
3133
18460
13412
21433
2399
17756
21880
10628
12349
4367
10564
19408
16279
13365
13118
1166
17120
6493
17682
18332
15632
15033
5061
14202
21795
21634
19025
2447
11256
15497
2893
2275
14880
16645
20507
2534
20572
18493
801
21270
16062
4321
17233
15762
4923
12661
8513
19708
1290
11988
20610
16882
9564
7338
6003
13128
19308
6256
12848
6404
19692
1952
7625
12927
18305
10115
7273
432
5140
13405
9839
19726
2832
13156
16743
8180
667
512
20000
21415
13054
5611
17481
20821
15080
14148
20266
4022
7050
17354
13209
19243
15763
10161
15068
2849
1433
7035
2599
9370
17567
20066
16730
7889
1315
11071
4133
16314
4454
17469
9338
15547
10748
17086
15922
7994
3772
10801
6853
2521
975
3080
22075
17793
3944
11575
119
21028
10726
11153
10917
17412
21626
2903
20411
13863
4947
12598
9801
2538
10515
16321
5262
20274
1346
20848
7844
17857
12659
18425
1531
1963
6269
9535
13703
18125
11298
3893
242
4002
15150
19365
11564
14155
10470
931
4335
13893
3616
16540
15526
3826
3355
472
6477
10437
12160
6759
6691
8947
9555
1479
5035
8128
2148
12716
3834
4366
18825
8133
14838
14874
2720
17248
6468
11617
14715
13
17134
17564
17187
15299
9211
20475
18541
4262
18982
6735
18491
7180
2277
13911
13765
5949
9866
3294
4942
19136
2216
17910
4129
18668
2259
10370
2200
13905
15181
18992
19707
12954
6377
15355
20482
348
11389
18663
17677
21611
5367
8734
9138
9798
394
9087
6529
21525
1762
17782
13921
5713
7958
12250
8433
13066
5019
4781
11500
18143
14947
20717
814
21780
15441
2040
14729
10815
9640
17700
5690
21095
12052
2586
10507
8282
19332
2472
20254
13274
927
12660
8890
980
11742
18056
330
3247
18809
7392
2796
9858
14732
10565
11868
18883
9888
787
22031
4838
6188
18570
13675
1292
14529
17950
19914
15758
13548
11975
4528
17966
3494
2377
20453
22430
293
3937
21818
7545
16
17802
1268
7856
15694
17972
7792
8225
15351
7409
7198
7281
4136
11388
19633
14214
19129
6932
21689
2546
1863
907
12750
1887
1030
13955
12946
6058
4141
10557
13849
9352
14128
7483
16061
17431
2792
6679
969
12414
12257
13793
1444
16729
4636
12953
14745
21836
21489
1882
15680
15418
14470
11344
17427
3655
18692
16744
15460
20236
16595
5105
2756
6925
2543
7832
10796
18430
7304
14362
1865
21803
6686
12163
12876
12398
2171
2351
1889
21469
3983
7027
14674
1066
11070
8116
6887
18456
21010
10713
15835
13259
12811
645
19929
15734
3815
19314
5546
11740
7714
8750
21188
18268
17380
10160
15420
22182
22084
12973
5631
14582
12507
21848
3106
2986
6134
12035
4093
6982
3467
12923
4078
11463
15673
16341
8286
2730
19518
10193
10041
3735
20490
16217
221
2127
9127
21653
11648
14705
16229
8620
8357
8056
21618
21841
1794
7849
9604
11919
8715
11748
5316
13691
20869
13854
16469
8892
4058
20335
12174
9689
4835
4162
5334
6014
8186
21165
171
19168
2517
5697
9598
14041
10316
2583
14835
17614
8156
13031
7012
8585
12080
16138
4241
13465
20666
11012
2857
13607
13709
12492
6998
3491
17253
21354
16638
4346
2226
14416
6809
11336
17912
13637
16069
20294
7093
9290
5117
20190
6469
14567
11147
18409
5438
11763
19042
2968
7082
5214
3917
9910
18254
17324
14266
21875
18720
15225
9515
20178
3511
19570
18212
17637
11998
16815
20524
3956
3248
13521
21098
7351
4639
21454
20957
5294
4063
16876
11699
19662
9216
13877
17246
21864
4543
10278
11822
9115
6481
20606
19318
2217
6307
5378
2357
15083
18320
17440
12995
6752
11687
12340
6609
5381
19524
5028
14447
16640
7119
17645
406
8233
4627
11310
12329
20697
21952
12885
17099
21793
9784
17988
22371
10354
15723
15186
6753
14325
426
19428
14593
14992
17279
19197
1070
21790
1052
7189
22062
8550
13708
20415
19304
5570
11354
20661
9657
2059
17940
19208
16276
8259
14713
11020
6504
15713
271
7541
19065
4954
11695
8558
152
12948
11
14625
20272
12372
19374
11789
9580
15377
14054
22443
7005
18564
4383
3090
1461
1496
615
692
7499
15910
20029
1393
4114
4984
1791
16034
9108
9814
18621
2732
8155
17812
15784
793
649
7833
12820
4198
4678
8500
1693
1836
20205
2616
20779
2227
17877
15119
6881
4105
15241
1036
1596
3704
17289
10954
918
22213
18917
21025
15039
14248
19473
9237
18798
6859
13144
3503
17292
677
13131
2212
5663
14277
12993
12122
10220
5616
1089
18144
6104
21636
16984
11328
13780
7633
19060
1497
2802
19321
1771
10906
6298
8941
20152
6945
8501
2722
5463
5810
21119
12149
5674
14748
19059
22019
7519
9196
12489
19764
16413
13220
9878
2905
7496
11692
11373
7328
20778
17754
21050
20718
4903
2537
10653
9827
18619
13712
17687
7962
15304
4951
16868
7732
3556
15313
12532
4662
8554
3715
13922
1958
20744
15469
1056
6240
17119
1370
17863
18831
7237
335
1408
16959
8497
5534
5582
12914
20248
22457
12673
12600
50
11374
3818
21389
13733
16682
19854
19402
3579
19041
21788
6501
17920
15230
7623
19280
20730
17302
3907
477
3755
5139
21036
14093
6079
7782
12379
12471
12236
1183
13826
14743
11945
8646
1347
11799
18596
19271
17138
4588
8408
999
16290
21781
14065
10050
3309
6312
18278
16231
7181
12872
368
5565
11234
11818
12935
21682
19054
2065
9470
13831
8393
1626
16507
10428
19067
18217
2523
650
15432
13579
18787
421
4332
4919
3543
21423
1640
11702
9857
3515
18891
6316
16195
17987
4242
6941
11917
21642
2383
5658
17771
18041
639
18530
12192
10315
3585
10634
20629
3230
7572
7749
18575
2134
2610
21446
3802
17198
13626
8012
20737
5322
2872
5355
21890
16127
2255
12856
8667
13284
4224
4054
14587
13800
6250
21424
20384
4692
18515
16685
17833
7411
20187
19868
2871
6431
18218
6
11836
7847
21519
8300
9933
9490
5972
6072
17636
5143
10632
5766
6839
21219
16614
5545
13369
15892
4180
6947
20696
9190
19953
10257
10736
9606
11109
17872
14719
16048
2658
10373
13739
8110
5559
12079
21658
22460
10322
17400
17630
17312
19560
507
20970
14361
2109
20448
14315
21472
14197
11625
16554
3059
6602
20235
4744
2178
21712
1113
22206
875
6879
3178
12731
9775
16210
22303
5629
3798
13447
12417
4312
16515
11735
7864
16456
11114
22320
21688
5101
13776
18277
3258
16133
10764
19049
9434
13336
16015
9339
726
2449
11117
15693
7275
4715
21873
16899
18974
9272
1382
2941
9999
9930
14752
8689
11989
9206
13961
10142
6598
7906
8600
9901
5884
6290
5788
11415
10427
12047
9007
11805
22403
10767
331
11145
17498
5536
19316
14295
22361
9960
21192
18458
13041
3877
8332
12770
11096
20720
3441
7023
21517
21987
13980
5524
16752
3549
12234
18644
2088
6098
11331
8729
340
7320
7079
5971
7047
2896
7201
2381
20711
4661
291
142
8952
20262
6962
19283
14463
9253
1329
2246
17335
5329
21078
10627
809
3159
17122
21400
1691
18237
10423
11516
13594
3847
9415
3460
19878
15276
7727
1975
11958
7741
1982
11528
12714
5520
15271
15419
8006
560
4826
8346
6056
1260
13312
19690
20652
18427
10620
10961
2637
5818
18849
15533
11118
15741
15529
5980
11909
4271
548
22013
15212
20584
10172
9597
5885
4753
12341
8162
20979
22132
9214
21404
3291
12791
2514
6513
10439
10049
2815
13515
10761
15426
21195
21667
20244
15328
14885
3284
769
5107
21387
11627
5370
19021
17879
15636
1717
2784
12672
18507
8166
17555
9205
1788
12180
6326
19340
19654
21271
16312
17162
3498
9822
8237
5395
3598
3742
9794
15086
16926
13580
5123
14665
11599
2492
11187
7406
10035
4597
12749
17442
10728
2549
18335
17028
5096
22011
21225
19528
10173
3316
7316
418
14509
13630
13286
5210
18011
10600
21293
8827
13083
6535
6538
15608
4115
11347
17746
2079
2453
11024
14291
16060
12759
5248
7981
6698
19209
21705
18263
12683
15975
15957
21457
3844
1968
8102
22309
12853
17275
20804
13773
9448
14888
10487
6156
5646
1668
9800
12024
7764
12580
16123
18415
10531
2636
4299
6521
14359
14921
4352
22355
5873
20767
10700
7619
13485
7101
14367
14697
9022
4802
5008
20386
15564
3380
18772
563
2518
19691
8738
17742
1795
12831
21492
19729
12531
10085
3474
21213
6590
17571
17217
20385
21075
7162
17600
12381
11079
22113
5275
19769
12195
700
7850
16574
15625
19549
17345
7892
12543
7109
21315
6181
22372
781
5221
5717
6439
6730
7029
10662
5188
14706
12317
5226
10559
3502
2080
3568
8721
9376
13457
18444
15528
19637
15751
2121
6249
8906
2082
4807
15776
3058
17506
20626
14080
3803
5567
6837
3457
7580
2853
11471
14775
11982
4359
12385
11546
16679
2656
13108
11782
17330
9697
15661
11235
1167
17480
9165
21190
17284
13197
13345
13328
69
18521
11372
1939
7948
15527
5162
18389
20097
14850
17194
11262
3267
20728
9948
22187
2975
19787
473
21238
11227
13564
15245
2306
2435
20564
7578
3774
873
8507
7461
5748
17767
8442
18170
7333
18617
16577
5109
6635
15554
16733
6913
2665
4265
7717
2943
10084
4228
19293
15329
7895
17483
2591
8171
2810
3994
16859
8782
12988
5507
12475
9541
15840
8756
19038
7260
16188
16925
8747
18537
10794
4613
19378
9927
11470
3154
20488
19161
1470
9036
5263
2475
6888
12428
6724
5817
21356
11232
21508
9312
21578
17114
10450
17513
12200
14778
12245
19119
13480
18104
19979
12752
1742
8492
4143
18384
14878
11402
7932
12589
21819
19095
20011
6399
16538
6713
19593
19469
16784
954
3352
7789
13604
8404
5744
18901
8718
4651
11774
10771
13182
2972
1469
21550
15571
5202
18758
7413
12190
19874
15069
7817
13283
21827
11335
9487
13939
9698
22021
20431
981
18755
17828
16616
22466
12447
10269
150
13748
10047
15877
10230
22226
10343
9713
1535
8850
17326
7022
733
20530
21670
20941
22114
3271
6478
7522
7010
5558
20179
10905
20429
19167
4776
16181
12760
15265
13705
21166
6052
5604
13982
10485
5027
10291
16918
1288
8580
4199
18132
3436
21001
7956
10638
21886
21805
19488
13349
9360
2184
14464
10067
18897
22395
13847
7490
18789
18657
4072
1449
4932
3484
7284
21280
11716
11501
2678
13516
7721
15354
353
19582
12921
10252
8840
2322
12262
20467
9192
6009
9749
13820
12318
20620
9116
16741
13199
20086
2304
21200
13919
1286
30
14591
12721
9912
5644
20076
7841
3116
10112
1148
6175
8085
19244
3377
18345
22063
2712
13688
311
3168
16981
10790
2746
11890
10633
2863
2536
20268
21940
13159
16368
21717
2765
6047
12920
6330
10998
10128
12085
12540
12265
496
19110
2621
21570
832
2646
7131
10475
13123
4183
4640
2783
12076
21769
3212
7356
10616
8621
14086
4648
17331
19039
20858
10966
12559
22318
16745
5219
10168
18588
7564
14563
11745
10543
13817
18123
2814
17155
8773
18576
2012
597
10986
5060
4873
6204
17040
19761
9060
8065
9182
20553
16827
304
1404
19882
4404
5481
20099
20216
11206
6842
1014
17666
1415
19507
2643
10901
12021
1544
19276
7002
15294
19355
12141
5130
18418
9659
5276
16348
20228
5759
5814
13767
14781
17103
2875
9150
8046
1091
5396
19319
11951
6371
1666
5901
916
21008
3069
12424
21631
3495
1494
1490
4283
3992
4065
8518
2041
22074
12360
16921
1570
20637
3866
3577
4649
21470
20030
16820
8480
15578
13645
2502
2791
1190
2009
20701
7754
5840
10406
15708
8934
11535
9348
10782
4805
7876
3696
9133
20801
20691
5819
4451
5013
12843
17005
4353
13153
18169
14174
7065
11969
9368
18377
9346
2309
8383
6041
7207
13941
12474
3295
12566
3170
523
13832
15298
9003
12290
15501
3542
20981
7438
11250
7492
2821
20734
13384
17231
18087
16597
11485
10275
2551
7650
10140
19184
14950
6038
8709
21646
13450
16630
11807
1645
9026
11755
2158
19262
10958
12896
325
2697
16990
20558
19938
7142
3227
16971
11126
1144
10113
12135
16702
559
784
15326
1883
21782
19623
1913
9430
13065
444
16072
12377
13439
4605
21359
21574
11992
21986
20533
10247
2253
11386
6137
1182
3813
10321
12269
4935
16557
1633
10494
15970
12344
13613
7728
6191
16472
17716
15308
19722
7329
11825
1909
7045
19693
6851
18117
15927
4189
7282
15575
13235
5164
5254
13473
12456
22444
11131
18283
7800
5311
16562
17064
829
9011
10356
20341
16529
18133
6769
16227
17148
21214
11903
17133
6451
19565
9059
11224
4757
18840
10568
1321
5518
13887
15280
21522
6519
15612
6015
10460
11177
21710
4699
944
20792
5519
20436
12413
7648
18616
5635
1585
22380
7643
11877
21283
15941
9002
21495
7043
9918
19651
12970
17725
3528
18995
17153
15796
13391
17201
21129
12635
5227
20291
5902
7450
3621
10136
16082
22409
11845
16340
16678
15514
17899
21868
20958
8125
701
13013
22259
22112
19679
9174
12929
18379
17305
2274
1686
16094
4017
17709
21697
2119
17764
19191
20947
9097
18646
13367
4173
13134
14067
3325
13107
21852
945
17300
7386
12307
20604
510
5581
7986
10190
6476
8557
3251
8311
15217
18592
4104
18847
16280
3887
20672
12844
13462
10863
18652
4732
13971
10020
19202
21559
8461
682
3420
9630
11042
13463
17059
12463
13451
15026
4850
2613
11798
22094
14571
19062
16066
6345
6980
2673
12931
11938
9756
19553
17774
5225
11732
13428
10956
17831
12159
2770
1406
5905
3934
13327
16949
18210
14480
18756
2225
22022
15948
10196
37
2409
15138
20925
8368
21185
18648
5030
12010
7543
6462
22169
2519
197
987
9877
17207
580
21233
11626
4246
6190
18708
21228
19598
1519
19080
14176
12604
14893
20793
11338
10499
225
9656
9194
19083
16691
15803
1523
22180
14557
13343
8478
10159
3597
18292
9126
7627
18723
5273
22426
18985
9719
10981
22039
6344
154
3005
10179
20719
10828
2243
21536
802
5235
18311
17878
8385
18080
8938
7638
8173
2338
9033
10432
7735
5455
20854
16681
21361
19689
8702
14198
2151
2233
19688
10635
7255
7257
15453
1861
20277
3654
12818
15812
10117
9300
18678
20100
14829
61
17211
11060
6665
3899
9054
6766
2608
18244
1552
3941
21347
16300
8814
15070
8707
15559
9118
14401
6473
18267
21884
5483
22288
9435
21201
10000
11803
3188
21524
405
11425
1017
8050
7070
319
366
18195
13757
19228
17809
2033
10126
12493
5285
20430
17349
5888
12032
42
14937
4820
5701
12666
7756
2962
4008
12096
20065
22263
11412
16453
8759
18260
11397
15674
13526
6092
20538
5388
14629
14102
17521
13819
5531
14099
7647
21837
1059
18047
20300
14668
1348
1900
7884
14398
2346
21702
21113
18852
18408
2327
17584
3681
13315
7228
16134
19750
6450
2186
17309
11819
20034
6206
16243
20775
10911
11339
22384
15434
13952
5489
4215
9271
753
17160
18716
11241
14070
5610
19085
3790
13586
9345
14191
15646
13380
18845
4733
6001
3127
3492
20144
8907
21700
5136
20124
2294
4439
6634
6323
11710
7271
3423
13086
3840
22220
2618
19935
8432
7915
16719
19920
20726
8151
19921
20934
3132
21432
4735
14479
18040
14371
371
179
19286
21600
9213
6852
2827
13582
10549
21747
2347
5551
20904
4596
12438
16750
22140
422
9476
16881
15173
6694
1875
249
120
7039
5141
16435
7176
19677
9817
10209
18613
20631
7214
5236
10057
1699
16840
15200
17550
3016
6289
18625
9982
13529
5661
11746
13441
1827
11708
5110
446
12187
12004
12037
2929
20199
7870
17703
1145
19827
8521
20247
3931
20885
20872
4187
5623
2777
2374
9156
18420
18927
16860
14397
21718
795
2076
22009
5303
15553
2886
3187
10511
2202
22124
8403
8942
17701
10441
4628
7818
1708
17314
4887
7559
797
5182
7203
22190
14304
10840
11437
4529
16565
19796
15417
21660
13791
5369
17311
11016
3139
3740
6585
8247
6357
4412
16161
15322
14326
4557
13355
10338
21753
14200
17348
19103
12164
12735
15871
9994
18543
7771
1955
16313
2900
10537
4983
18209
215
5087
8766
101
13068
5849
19289
2869
3812
14112
19907
10442
16572
10683
15662
12484
4673
19782
20897
17968
20055
21115
5343
17065
15551
13036
2635
6946
16488
17159
15573
5715
6910
4572
15361
20305
17081
19364
9064
6029
9530
4970
7088
18709
11357
15330
18983
12516
15338
20388
17022
16964
22029
12480
8935
193
15853
15237
17801
16428
14360
12491
15224
21452
18341
2686
7805
20909
1725
14975
6833
20703
1615
7984
18006
16933
9850
17631
8362
16281
8370
14285
19422
18204
62
6454
10123
4422
18698
12870
1025
19115
8635
10985
165
17110
1735
16975
730
15423
12797
6524
10021
3816
17799
21365
7107
7405
21313
12779
18941
4834
10823
9465
2564
12857
18069
19322
8593
2999
1092
9534
17108
17942
9489
3348
12378
3317
17980
4316
8745
12726
14422
3814
1920
9098
18285
15596
17715
8528
4553
2319
7459
11913
17686
22108
6318
21405
20114
16853
5876
6166
21420
11116
4989
7292
7306
21137
2928
19823
16458
8771
14473
8089
13422
4825
13494
20455
6712
17679
14817
8025
7421
1234
20304
18962
11122
2701
12859
5837
14225
20948
2385
540
2921
2985
14534
17049
7062
14028
7696
8075
16980
14417
18055
15695
1420
14139
7620
21080
15163
19789
3963
4760
5091
16480
12036
21325
4168
14265
21251
7584
20815
5656
18973
13244
3094
14335
17288
11390
7124
6420
8784
12067
16007
22456
4655
1077
2547
13455
5446
14451
17260
8340
3923
790
21311
16022
14891
9285
13876
10510
18955
6606
17075
8672
21081
17772
2690
11922
20526
15393
6893
7501
14702
6697
15677
15540
423
1588
3422
13910
9152
12908
1660
14044
3
12983
462
2991
8329
4786
794
11592
16945
4306
17954
4418
11053
9990
15966
10637
13631
3627
13670
2666
8034
10081
1997
8900
144
4910
21728
22387
5111
16132
6672
516
12060
6107
14569
16571
11453
16544
14306
3980
21362
14029
15009
14167
3898
2771
11936
6327
3583
8995
21984
11942
131
21204
4819
16878
19410
12229
2262
11651
21612
9795
17123
15234
20936
4566
15034
6229
19557
6174
7999
4844
11477
8925
12654
7881
10305
9906
1704
5695
8498
481
20570
19797
529
13640
14149
18198
15830
9291
861
9309
20439
9066
19887
21168
7440
2086
17047
12800
8157
20119
22400
21210
2901
785
4936
1964
2695
21402
22154
9702
13012
17010
11083
21942
6680
15231
5306
3827
21993
15628
22268
9302
6969
13448
20985
15192
2408
8496
20084
6075
8769
14765
18029
17470
13138
14111
16891
13942
8863
14945
15639
20164
8696
14187
19073
21234
6123
13122
5405
1828
6938
13812
4132
19657
13665
5932
5375
4221
20990
22422
16416
13137
16085
10612
7135
5578
7734
17745
19818
725
20671
15223
3095
4590
2038
16688
16463
1022
17464
15522
22247
20675
8659
18392
5769
6657
2090
8821
5974
12376
16728
5194
11032
5827
17586
19217
6855
2111
20763
10690
16429
1365
9829
15409
7942
13169
8647
2157
5445
12319
17058
13103
6581
10574
4584
10879
14332
6397
11280
21527
2530
5730
13048
18152
3356
2378
10567
9548
6347
3344
7160
2348
15087
21558
7259
199
17546
11063
3002
13716
15030
1116
10594
21707
15562
18542
12965
10458
18703
14122
17375
15881
9559
7038
15834
9269
4777
7905
4155
17199
8983
14548
16563
6390
18228
17367
11482
11559
351
3169
14064
17531
21770
6033
13552
3797
7311
11319
3706
17777
3838
14011
22302
9412
8685
16393
4213
15822
10829
12457
12573
1765
12868
3794
21624
12648
8382
11889
20253
7563
19230
14714
14396
6565
18710
11682
5205
3404
12646
10264
14309
21046
4310
2582
2845
21209
20843
383
11551
13973
17076
14190
11721
7462
11607
14121
17117
5041
12713
14959
13759
2239
13698
12213
4375
21276
17197
13212
10307
11082
7138
12252
20233
10197
16658
21951
10429
5131
9105
9375
7659
4912
210
13158
6918
14961
18649
19263
14244
6683
10473
14612
20283
22334
14237
14537
11025
19116
8597
14823
10447
642
9613
18759
4396
824
16382
12902
9617
11178
9095
15696
3365
5786
7540
19440
11198
14400
5979
4016
21996
15570
3269
20125
15743
22253
12725
14024
16548
1859
11771
9978
2030
3507
21807
7629
19543
10328
19174
19444
20866
10560
19149
15161
3723
11649
18913
7597
19362
4021
660
11176
16277
16713
13383
1995
17178
16000
3753
1644
214
2015
19475
14051
15120
9734
12450
8477
11236
10908
1224
4770
9104
19251
22421
10385
1137
14177
12170
17589
10167
15122
22127
20721
10646
22048
18222
16739
3721
15227
17078
4707
14141
7757
337
15717
5926
8614
1054
7667
8344
458
10023
13281
18527
8644
4397
1512
1862
57
8982
21164
15447
6135
5137
22104
13636
22335
20141
12342
1210
541
8511
2302
1058
9295
12274
11275
13584
16773
17691
19624
15442
11461
4614
4742
19925
14917
21632
16627
10849
17855
2627
6011
12072
8230
4864
6317
15124
1698
2529
14607
15125
8254
14494
17332
11137
4577
14690
11864
21481
244
12693
20733
10371
1714
13055
15145
17502
12169
6465
1833
18875
21749
13317
22149
6582
2495
16581
5613
13279
14578
1972
2466
16258
9717
19399
19571
18534
20471
5804
13486
21253
1536
1400
13883
17970
4496
13602
16850
19860
11106
18968
15685
3035
13803
7401
6158
12468
16699
9510
6862
9754
7393
2969
12689
22280
13062
10973
6696
6329
18990
16646
5637
6209
20685
10971
20561
14985
17798
19381
6814
1015
7720
8801
227
8962
20887
18853
396
4028
13674
12625
20156
7592
2287
13130
6180
12440
10399
11297
14243
3710
15852
21904
6975
7498
15477
18045
8434
7665
9774
18833
11011
11308
10921
19672
817
21031
1264
1697
4194
11045
16549
11977
4816
584
16487
1384
3303
20747
15986
16855
17858
10641
16995
3987
17411
5222
6981
15915
19156
15023
19773
4193
20017
21698
7928
8310
8334
18306
536
12806
184
3690
14520
14402
11267
9721
9073
8296
6714
6671
7217
21504
12542
15537
15464
2626
15513
18770
5281
6703
12960
13335
6400
14760
19591
18816
14267
21305
9679
18234
3620
19076
17023
9432
830
4842
13689
1854
16180
17142
13489
3145
13506
816
21425
17838
12479
3785
3018
3641
15458
21340
14456
7552
420
17072
7408
21882
5151
13307
18846
21641
12552
3381
848
7353
21613
17823
16296
13090
19024
19746
20537
17941
3562
13232
1678
20024
16076
6125
16064
10073
2412
12138
13360
2996
4207
21300
134
10660
7283
16140
7718
5400
18154
15156
3393
18100
17083
20185
17378
14726
3468
8088
14388
1447
4783
17815
14948
3736
15688
14252
19880
14038
17494
1284
17593
22402
16156
7301
18614
12145
20440
3109
2126
11973
12361
14092
19431
5240
5807
8248
15121
19214
15015
13783
4233
4652
17268
21971
8846
20780
9198
2864
9748
5871
20724
11139
3218
15644
15049
17462
13592
5178
16288
5686
6912
180
20542
16527
18096
18043
21730
1463
21638
17180
5747
15397
20450
15315
17447
13484
15478
15133
7057
19361
8622
6406
688
3063
13617
1657
4546
14501
18402
6747
12546
22367
9446
17027
12592
4206
14553
11078
8526
8149
1879
9620
3738
14089
7502
18776
1600
21954
13162
6433
17245
9364
5714
8996
16843
11237
19948
15545
3226
12497
15078
16196
4225
5064
4062
14132
658
20599
19031
18304
18508
16239
5916
20163
19311
13558
6279
11253
1386
1999
4191
5911
15614
8940
13042
15043
39
1485
22319
12237
25
18945
3346
6778
17478
796
708
18436
6709
21150
4473
16035
19180
5361
272
17762
6456
8165
21908
15461
8517
17424
2910
22294
18605
2993
2391
7544
19766
14979
1043
6906
8548
9193
13861
5228
20520
16147
16092
14068
20111
18160
3600
11579
7449
9070
19537
5209
12827
11282
19128
13035
1790
6601
6854
17660
11417
19568
6170
11939
9824
9611
17603
2860
21845
9663
79
19104
8353
2553
19020
16621
21085
2798
18146
7989
10313
2837
14747
19520
4501
1140
7533
7568
1033
17886
7183
2156
19050
1450
18615
14902
7394
14590
20083
5836
14568
1990
22245
20923
15003
11230
19577
11493
19768
4034
8741
1437
5169
17937
849
16705
1986
940
10036
9500
3464
7030
14980
8061
1171
4148
18191
22137
1655
11514
19138
4957
18761
6819
17517
4096
12849
2105
11192
19597
6965
1232
20407
5793
2167
6202
22374
19331
14853
1547
12758
3955
16987
7122
8583
6841
1556
4506
14372
21171
3152
6767
11502
2036
3796
19962
12112
22276
3783
7014
22333
17140
17112
5160
19070
4351
534
22418
8446
11654
14105
18561
10582
4385
7955
13755
20095
15805
630
3926
10785
10232
10941
4323
19061
10838
8
17317
15307
14827
7971
3828
17997
137
14930
160
14251
8314
21820
3853
8860
2164
6039
2876
4459
13117
21746
10156
9235
6078
15718
5505
19215
3124
15843
18765
20333
12458
16831
1629
12061
1914
21647
6800
16240
12640
12990
5352
3664
16612
15007
18001
16848
9900
22417
18303
3773
21530
6804
14892
9913
21870
16774
20408
21709
9811
10896
4190
8379
17493
13164
218
13287
19342
7649
10388
19583
3113
19491
11757
5467
626
1577
411
1988
14328
2113
2083
2207
8744
13185
9735
13624
1675
6554
12087
9089
21655
2952
3947
805
15995
21500
7548
12944
9416
3066
16976
5070
19991
5016
17890
15703
20978
15198
2687
15654
16361
15653
20894
17151
21451
1173
6907
13449
7651
18066
19198
18818
21813
20457
18051
8713
13574
16955
20601
17536
11158
10535
17763
16238
22089
5550
13704
20693
2407
14317
21294
1047
17598
9484
1319
14763
2152
17859
4261
20879
3662
10589
4186
17992
8623
13247
13104
20649
2620
8019
6564
10882
10997
7779
7307
4599
12860
17830
15810
18623
15897
20031
21386
1685
21156
8235
12258
16294
14512
13091
5335
21722
20059
9921
18447
16065
14784
17523
11474
5468
1325
5201
20755
4880
20692
16872
13330
7931
8044
7579
4223
8429
9704
21131
10083
21262
17267
599
669
16828
15488
5374
11784
21885
8148
10496
11847
5915
17511
10758
168
17417
13997
15552
22376
6755
5557
20650
4695
20301
21403
7639
17294
20445
13498
4116
14701
12263
3754
12801
12181
15316
170
12009
1683
16124
5385
2455
22362
14837
14953
8093
495
21304
8816
17935
8595
1561
16928
18677
4304
9543
3194
16197
707
11572
499
2653
19225
10670
1281
19855
947
16961
1994
439
18450
17752
17730
14609
16957
2454
10770
5762
4131
544
484
21564
11349
506
