701
11003
21729
19743
21120
17983
8482
20415
22171
10379
16895
11332
18819
14790
13294
19347
11158
11507
21662
909
9359
20810
8001
15183
2597
14497
5049
11611
17392
20083
4296
16809
5448
18155
10426
16618
904
1387
364
2651
18396
21955
12677
14228
7745
481
9319
7362
11657
14862
15236
3973
8257
11719
17056
18216
21054
10241
365
12521
7663
9692
4809
6213
13098
14650
13435
11022
16960
496
2323
17523
10264
14181
18766
19877
1722
18427
5458
19448
550
22124
16869
17586
6115
1618
7800
6357
2114
21224
1964
8883
4111
5212
6763
12837
12500
4909
11603
17254
18409
9858
9554
5899
8700
20481
14948
3906
19757
12573
1620
4825
9603
9176
13742
9677
4382
15839
8139
18170
10440
18952
7966
11149
9248
4003
17323
21438
3741
61
7173
21536
14186
16721
11340
325
20750
304
1244
197
21489
6932
16977
406
8669
5636
17304
7005
9618
3188
22316
21214
6174
8168
16851
15612
12730
17560
17502
16400
21987
13899
19128
18906
19001
2595
8606
19135
10783
2703
1404
9156
11999
13443
10972
11102
19228
8505
21375
2869
2837
15742
16469
4357
7735
20550
22040
17707
1626
1494
15707
14741
7625
20660
16052
12139
20046
22338
3735
22329
1654
16816
9294
212
17208
6477
20027
2664
8197
12203
14981
356
4499
2280
18097
13691
1047
19732
72
13735
17089
11228
15649
2434
22208
21708
11892
21229
5149
8993
2051
20941
12461
11315
11341
2596
6390
14205
4864
945
18966
14905
1282
10594
2455
21325
9304
11536
20504
9128
5553
9968
580
11809
11487
9367
8913
6961
14551
3377
2284
14240
6040
15713
20535
2229
20516
7308
6735
14049
15073
16972
19000
7162
2112
5496
21435
12177
21339
16548
10945
12165
15976
12569
7357
3047
3935
14694
18040
7776
15527
12936
20708
21608
3269
5156
22265
7911
20559
21277
4657
16361
7087
4086
9138
11879
4629
19131
8302
20510
12252
18690
290
495
8190
15531
3933
2858
14660
5183
1531
7602
16688
18056
4741
8821
13253
11370
18744
21572
7233
15986
8477
3400
3333
18886
13300
17995
7919
2544
21803
21088
12440
4907
5808
3726
3420
306
18512
14031
14579
12308
20152
20824
13312
9910
3488
1037
21750
22267
6083
19074
17710
19521
6321
7467
8666
22438
11103
8153
7586
9018
1271
19457
10643
3070
8286
21663
20710
11890
8664
8188
11256
11905
15468
14249
7536
21023
19748
8733
9287
6340
7295
13323
14709
12250
3451
11118
8216
8554
187
750
4300
19515
19949
3302
20584
14223
18012
14791
5681
3757
1339
19970
5504
8120
19795
13494
11329
13441
10805
1225
11331
17510
21133
14090
11402
12472
10364
19141
2514
13170
20259
12031
10948
4338
8160
14383
14168
13680
12869
15470
9514
3160
14489
13257
6815
9220
5168
19803
4284
15041
21211
7887
14161
14271
7251
11616
13597
20334
12965
138
1078
17148
4716
21713
20770
19423
2306
6550
17264
2749
3263
18079
10108
10439
6132
370
21549
5890
8568
8336
7540
1300
7257
15594
307
1901
11295
689
10670
20967
9987
20024
12059
2842
14359
4851
19127
10808
