701
11003
19743
21729
21120
17983
8482
22171
10379
16895
20415
18819
11332
11158
14790
19347
13294
909
11507
9359
21662
20810
20083
17392
8001
2597
4296
5049
14497
5448
15183
11611
16809
904
16618
1387
10426
9319
18155
364
2651
21955
12677
11657
14228
18396
3973
7362
7745
13098
8257
15236
365
481
10264
14862
21054
17056
12521
7663
10241
16960
11719
13435
18216
1618
1722
2323
12837
5458
14181
22124
496
7800
19877
4382
9692
12500
11022
17523
10440
17586
16869
12573
18766
17254
6115
19448
21224
6763
6213
550
13742
14650
9603
8700
2114
6357
4111
7625
18427
4809
3906
1964
14948
8883
11149
19757
5212
3741
16400
18952
9554
4003
11603
7173
18409
21438
4909
17323
1620
5899
2837
17560
304
9677
197
17304
13443
6174
15839
1244
16977
20750
16721
21489
72
8139
1626
9176
20481
22316
22338
3188
14186
325
1404
4825
18170
9858
5636
7005
9618
19128
21536
21987
9248
21214
6932
7966
2455
8606
2595
8168
11340
15742
21229
14981
22329
10783
7735
20027
212
13899
14205
16851
21803
1494
12139
15612
18906
11102
16816
19135
17502
8913
15649
750
12730
2664
9367
19732
9294
14049
4357
1654
2280
6477
10972
3933
20660
14694
18056
61
5553
3488
16052
11228
13735
406
356
4086
4864
9156
22040
7257
21339
13691
21708
1047
20046
11341
11892
21375
4499
3735
7911
10341
2703
22208
11999
2284
6961
6390
20941
14240
21325
19001
10594
9304
11536
16972
580
15707
13253
11370
8669
2434
2596
15073
7487
11256
17089
3377
2112
8197
17707
7162
14741
12461
2051
3047
18966
2514
9128
15468
7467
8477
7308
12252
8188
19228
1282
6040
9968
20708
17995
11809
5149
5496
5156
21608
8733
13441
13300
14905
18690
19457
7357
7233
16469
10945
12177
20334
3935
19131
3420
8993
945
14031
1531
8505
13494
6321
20120
11118
18097
2842
13312
15976
10805
12203
1037
8190
21572
11329
4338
16548
15986
306
21344
17208
2869
10488
2229
7602
12165
20710
21663
12222
15531
7974
1225
16688
15713
2858
14791
22265
20024
12472
21750
11315
495
8703
10364
11103
20550
20559
6083
22267
17264
18917
6735
7540
20402
11879
19000
7087
7919
14551
20824
11890
7776
14660
11295
18272
8302
14579
18886
3269
20535
14383
21141
21277
12936
8738
1453
290
11487
8666
2418
22438
19521
19803
14804
14489
7295
21435
2957
7952
3757
12569
8286
17148
12031
9992
20510
8821
1402
7586
2544
4786
6815
19970
15594
9287
21713
9160
8153
22181
20516
21023
11700
12440
16361
4907
13170
9910
138
19748
5183
12308
6550
3726
14166
2442
14735
14090
187
4657
17457
3623
17833
18744
452
18105
11016
19316
1271
13323
8160
4826
3213
7536
8554
6340
6029
10439
13262
15165
13562
5504
14709
5808
102
14161
17558
19515
18012
8641
1644
7476
8216
20504
689
17154
2479
10108
7848
1078
14320
20259
2749
19949
11918
1987
4793
10543
18512
4629
2242
10257
18349
3400
16328
1230
2472
2306
11550
9867
10840
20992
9018
13680
15396
14495
8568
5086
11573
3034
