701
11003
21729
19743
17983
21120
20415
8482
22171
11332
10379
16895
11611
14790
11158
18819
13294
19347
11507
21662
909
17392
9359
18155
20083
8001
20810
15183
16618
10426
14497
4296
2597
16809
7745
5049
1387
15236
12677
481
14862
365
2651
9319
11657
21955
364
18396
5448
11022
12521
7362
18216
3973
1722
16869
12837
13435
1618
496
9692
8883
14228
17056
8257
11719
14181
21054
10241
6213
2323
9858
550
7663
7800
904
11340
5458
11603
13098
6763
6115
1964
14650
16960
21224
9603
8505
11999
5212
11149
2114
17254
6357
18766
17208
18170
12730
10264
197
12573
13742
19757
406
18427
4825
19877
15839
17586
12500
20481
11102
16977
14186
4809
14948
7005
17502
4357
8700
4909
19448
17523
17304
16721
13899
9677
304
9248
3906
325
11892
8139
4111
1620
9618
1244
19001
13796
22124
18952
6174
17323
21987
8669
7966
18409
8168
4003
9176
495
2703
19135
16469
7735
22338
4382
2284
15707
15612
22267
21489
21214
21375
16052
19228
61
18906
3735
4629
11295
7251
9554
5636
17707
3047
22316
10783
9304
17560
7257
5899
19732
212
3188
18966
20550
19128
5183
20046
21339
8197
21708
2869
8606
20750
6932
9128
18040
21438
10440
20504
21536
5168
8302
13253
19131
1047
9156
15742
7357
14981
3933
5156
22208
2837
2596
13735
1282
12461
22040
10948
13443
6550
290
1271
1404
1626
2051
12165
10972
72
14031
2124
356
22329
11487
18097
20535
21750
16400
17687
20660
21435
9294
2306
1654
6083
5149
14168
16816
11536
14551
8913
2280
8325
9867
21608
12308
6040
7173
4657
11228
14741
8216
10945
14074
15649
9968
11809
2544
1494
750
2595
129
6961
11341
5496
7308
11315
3218
21618
21325
15594
15976
14905
21277
10169
9112
14205
3070
7114
19364
3269
3284
17710
11256
4864
21211
2858
2664
21229
20281
7163
20559
12177
12203
1402
14660
18512
21133
16729
4536
16851
7911
10364
8286
2059
2442
14049
2455
2112
15240
8190
9220
10108
20183
13257
3741
6742
7887
18690
11329
19515
11905
8993
4907
3783
14249
11879
5784
21023
10805
10594
4499
15468
8554
6390
22276
10466
22261
7776
7919
18056
15527
6163
5890
141
15531
17138
18079
9807
7586
5557
8664
2434
8467
20516
3333
21430
1987
22265
580
19885
20824
10488
12936
8417
14240
2229
187
7602
9910
6477
945
3377
15713
6029
2011
19074
20941
6321
4225
9138
19521
21713
14271
7162
13300
11475
9675
10833
1037
20584
21284
12866
15041
9332
21088
19000
9777
5553
11889
19795
10718
5187
16688
11634
3451
6735
1300
11373
13170
15470
13597
3726
7476
8153
22092
20027
9018
15073
3757
3579
9619
20708
8119
9360
14090
16548
5329
14489
19949
1531
15057
2472
19457
17291
12892
1225
8120
7492
12440
4076
2749
12305
7467
21065
18280
12252
3420
4086
3602
14735
9160
11550
3488
22438
306
11331
6773
6340
21470
1592
19316
17588
14223
15986
14383
12684
13691
10341
4716
12569
17089
22160
224
5982
13085
22243
1644
14694
20510
14985
5561
21663
3160
6111
15403
21572
