701
11003
19743
21729
21120
17983
8482
20415
22171
10379
16895
11332
18819
14790
11158
13294
19347
11507
21662
909
5049
20810
9359
8001
15183
14497
2597
17392
4296
20083
11611
5448
18155
16809
10426
364
16618
904
2651
1387
18396
12677
14228
21955
7745
7362
9319
15236
481
3973
14862
8257
11719
11657
17056
21054
10241
18216
12521
365
4809
6213
18766
13098
16960
14181
14650
18427
7663
2323
11022
17523
10264
2114
9692
496
1722
19877
6115
5458
19448
13435
4111
1618
9858
550
16869
22124
7800
6357
17586
21224
11603
5899
6763
8883
5212
12500
9554
13742
14948
12837
1964
4909
3906
4382
17254
9603
9176
20481
10440
18409
12573
4825
1620
9677
8139
19757
8700
14186
7966
9248
17323
4003
20750
18170
11149
61
406
18952
16721
11340
8669
21438
3741
16977
6932
1244
15839
7173
16851
325
22316
17560
9618
17304
17502
14741
304
19135
18906
11999
7005
5636
21489
15612
10783
3188
21987
21536
2595
197
12730
10972
19001
8168
8606
13443
11102
2837
22040
19128
21214
16400
20660
4357
15707
1626
3735
2869
1404
21375
1494
9156
13899
12139
15742
17707
6174
22338
13691
7735
16469
8505
18097
7625
19228
4499
2703
12203
1654
17208
22329
2664
9294
2434
20027
16052
2280
6477
15649
16816
10594
20550
19732
8197
2596
11315
72
14981
21229
20046
2051
1047
22208
11341
212
8913
21708
7308
9304
14205
12461
5496
13735
11228
4864
20535
356
11892
5553
20516
6390
14049
17089
5149
15713
2284
18966
9128
6961
8993
14240
9968
21325
11487
945
14551
14905
21435
11536
7162
19000
580
16361
11809
6040
12569
21608
3269
11370
12936
20941
15073
7776
16972
19131
16548
4086
18690
6083
12165
4629
3377
1282
2112
8190
22265
20504
21572
14694
7087
2455
8666
7233
11879
18056
7357
5156
20708
9367
20510
4657
3935
20559
15986
18744
18040
21339
7602
15527
20152
9138
3933
14660
6735
5808
15976
306
8477
17995
17710
21088
3726
2229
10945
8302
9910
18886
5183
4741
14031
12308
21277
3333
11890
15531
3420
3400
8821
18512
12252
20710
20824
7911
7919
3047
21750
19074
16688
8216
1531
3488
10948
3451
14579
14359
14161
2858
11331
138
19141
750
7536
5681
13253
4907
19521
495
2544
17264
11103
13300
15468
4716
7467
1339
7952
10643
12250
7848
8664
290
14489
17510
11329
13312
12177
19515
19457
14681
1271
6321
12965
8153
370
20584
14791
6340
12440
15041
7586
13796
22438
19371
8554
21211
1037
19949
11118
13441
19795
8120
12869
18012
2514
14249
17687
14271
18883
13262
8286
14383
8188
13323
11917
19423
3302
187
11947
10364
21803
19803
21133
19970
3757
8703
5784
11402
10668
21023
4300
8733
13257
2842
15470
12031
4284
6029
11905
10108
18079
5504
5890
13597
7295
20770
14619
10439
7887
20259
307
3160
8417
7251
6550
21713
22267
689
9514
21663
8568
14764
9992
19316
11616
5557
9287
1078
10341
19748
14709
10252
9987
11256
3070
9120
10805
2418
14168
14223
13170
6815
22160
13494
21549
21131
5086
9220
20334
