701
11003
21729
19743
21120
22171
17983
8482
20415
909
13294
16895
11332
10379
21662
20810
5049
8001
17392
14497
19347
11158
18819
11611
14790
11507
2597
9359
16809
904
364
19448
9858
10241
3973
16618
4296
15183
10426
13435
5448
1387
21955
15236
14228
365
18396
1722
2651
11657
14650
16960
7362
18155
14862
4809
18216
18409
5899
9319
481
20550
20083
7745
9603
1620
9248
2703
12521
21054
9692
11022
18427
8257
8190
550
7663
15839
5458
4111
3333
6357
197
3741
2323
14948
5375
12677
17056
14181
21229
9176
4499
21224
13742
17995
3218
12837
7966
19131
356
12500
1626
1618
325
11340
10264
17523
4909
9677
5212
9554
11721
6932
2595
496
11719
11102
21987
6174
15527
11999
237
19757
8197
10440
6040
17560
8883
20481
1774
19128
4825
13796
11603
18170
4357
21214
16869
16721
14186
8302
13098
5636
2114
18121
6763
17304
7800
12573
8467
19877
21750
22124
22316
20027
6213
22040
10203
15612
8700
18952
18766
6115
2837
2229
12203
920
17586
19001
22366
16361
8139
17254
1964
13312
20504
580
21489
7225
12071
21663
3047
16400
11536
9304
17323
61
7251
21438
8505
14579
20281
10972
17243
8669
14981
3451
9618
5784
18012
9818
10948
22208
8168
15396
3906
12461
17208
17089
15630
11487
19521
14735
14710
12730
19316
17540
16760
10857
10783
18906
8641
4142
1644
3319
21141
3896
22329
19135
12792
18115
1244
21536
4950
72
4382
8606
5806
12252
21309
17288
21522
19228
1404
21760
12065
10606
22263
13125
10169
17687
6477
13758
1541
3284
18617
3188
4474
10771
12977
19364
5037
14167
7735
5374
15433
11890
12935
14090
14855
13478
15742
349
13630
4629
9000
21237
304
2915
3735
5215
2306
14507
645
1779
5681
11737
12250
21375
11107
14525
11149
18553
6703
5496
18958
20547
5170
20206
507
331
1143
21802
4278
6963
19395
2280
396
6455
17502
14270
14383
1185
20600
21348
13872
9138
16977
14905
9301
18618
13439
8144
5707
12422
22095
1869
3377
13301
7588
13443
7505
11984
8028
19000
13585
18273
7683
14791
12853
8993
11170
1096
21637
12373
19732
14678
5925
8647
16872
2878
14548
15306
19149
10762
11561
4896
3727
10820
16223
20584
9128
22181
5846
2018
14105
18870
11809
9294
1078
5168
12440
3400
370
6261
5553
401
13680
2596
11341
8666
897
6735
22338
406
21767
7048
11851
2664
20152
7703
21329
22265
2858
10020
7033
20399
6390
5946
15531
7363
3919
19141
16548
1494
8554
20559
12308
4003
2112
9156
5948
17581
5149
7162
21708
17959
14205
13735
12165
7788
15550
14551
829
1654
150
21468
20750
9764
5808
5086
3423
10493
6497
7173
22056
5668
11315
9220
16052
8633
8664
13691
4086
13997
13323
14577
2749
212
15908
11892
16609
7625
18580
9560
15041
12564
22267
16851
2284
22383
21088
6321
11228
6388
20046
2051
4276
18917
18744
5183
20824
18357
10342
10674
9987
19936
4907
9112
2245
15073
7536
12472
15649
22243
15289
1255
20660
5688
13494
7005
2138
9807
14240
1288
8216
10815
18918
16017
