15489
5411
607
21435
8863
8477
1697
728
3400
21794
16601
7260
12362
13996
14303
4799
17250
16300
16909
10434
14105
18184
20719
6097
6989
15982
2441
10125
20535
2888
15253
15029
12709
14704
9345
12800
5086
11792
15707
15469
10748
8165
5193
18055
8237
19299
5754
8059
15473
5964
13220
1468
8681
14807
13214
14201
14228
1027
805
18251
8563
3249
12828
12883
17493
21444
13693
17159
10133
5725
9767
17596
8707
16745
15108
13914
19018
3368
10514
7729
7242
2350
8816
10146
7930
287
17489
8654
2391
19568
14028
2542
4875
22160
22253
14543
4454
3800
8585
17955
1995
22431
4055
5067
18847
4247
11073
19604
7117
16624
19637
8832
11233
22275
10688
5884
2227
18256
18530
6126
18674
7591
