11233
22275
17955
11073
21802
22298
12537
22253
20475
2350
5086
6989
21444
8585
4875
5032
16300
19637
12362
13220
1523
5687
10876
12040
17250
5884
12883
16202
12192
13214
17590
11475
19299
18055
18174
10514
8681
13647
7117
4972
18305
5193
17493
19073
7552
8563
16624
19568
14105
15473
4247
22160
5411
8059
7729
13693
10748
13581
16909
21071
19596
3368
20867
18522
5964
8863
3400
6733
7591
19566
11937
8832
8816
20719
1697
19018
10133
1468
18674
8237
9767
3249
10699
17375
7281
16733
15253
10628
11519
15489
2319
5754
16745
8654
22402
2542
6126
18920
14028
10758
3408
14704
2441
1995
13996
1027
16601
2888
14807
9345
8477
17596
4799
17243
15273
3488
14375
14201
14543
18879
16781
13912
18184
16645
21435
10146
4861
15982
6097
4055
13210
20535
3800
9198
7260
828
8707
8165
7930
4454
15108
13914
18251
15707
607
15469
5067
13733
6527
12800
2227
4086
287
22431
7242
728
18847
5725
12828
14228
10125
12709
10688
6105
15029
21405
12594
2391
18256
11256
11792
17489
17563
17285
10434
18530
17159
19604
805
14303
21794
3045
