12696
21961
3662
18707
3346
3211
16071
21681
19744
11401
3334
4499
18777
4737
8402
13095
2225
13453
16613
14876
14295
977
5368
21068
18131
17010
15678
2148
10850
8306
9736
451
8476
13109
13155
6453
4348
19587
8252
8426
5398
5112
7644
13203
12225
11989
8883
4037
6875
11472
7793
13346
4560
11716
16228
8216
16715
20539
9589
15918
11185
11872
11427
1933
15032
4412
11422
6854
10799
13021
18124
11602
11795
16999
19904
20255
18164
1187
2704
10097
10312
10610
15830
6715
14153
19941
18969
11359
13330
9871
14764
21274
18982
15414
15403
18208
3390
2117
5882
9696
19837
17402
13189
10702
13324
39
19406
20133
19870
19645
1086
21088
10812
18610
6234
2639
10109
11683
3200
12504
13325
14444
8836
10402
14346
14934
12185
5132
13487
11248
12848
3046
6947
3257
10263
3864
8507
13088
16373
4502
143
1586
2284
16122
11449
10547
6383
3432
10392
17260
2303
75
5403
3100
8820
16798
6449
15483
13199
10714
15279
10883
3370
7026
7544
1209
9999
11074
5171
5598
8262
770
4836
21744
18638
7142
3103
12464
4118
14996
983
19396
13988
9121
5493
7927
21121
6361
13309
20632
18
2245
16157
17692
1961
1084
2749
6953
15801
19127
21770
8640
11163
6661
5092
12469
12892
20903
1205
1262
19267
9028
2336
2506
18869
2174
2864
21855
5011
15963
7961
8595
10737
14646
3053
19383
8569
11639
5520
11173
7139
17259
10039
19630
19026
1103
7749
5229
17162
301
16438
11498
18606
5661
329
21910
19852
12654
12836
11698
22067
13784
5617
9508
14981
21212
5753
5949
22399
22005
11562
16318
20646
13030
8006
18482
4399
1591
1579
10303
12152
17342
15388
5855
10930
14570
22248
13511
21606
22451
12817
21093
22112
16611
19063
21776
18929
3491
11846
7653
18833
19200
19054
14956
19271
12088
14497
13190
1772
14671
14769
4751
10884
13669
715
19247
10834
21853
7500
17355
15313
13694
497
14773
3695
20909
3457
9
21533
5804
13786
1429
14966
19983
8759
11380
4574
4968
10713
4094
16198
9310
4042
20109
15773
4097
14513
13634
9892
14045
17815
2096
15736
26
6044
20944
18898
17791
3735
10765
20343
3074
14685
21742
4343
5269
4939
3113
17379
6486
22235
84
12358
13514
19562
16194
20333
148
1731
19205
18858
4395
16315
8740
12484
19086
11775
2848
17258
1278
21241
8977
2056
15569
11783
9939
22449
12524
2404
2085
2356
13915
17726
5539
2068
13787
1097
1761
12842
7987
6066
18062
15290
101
16105
2090
5919
9106
2559
7277
18168
2233
4475
13961
240
16730
22020
6628
13147
8146
15229
3564
12371
19649
19438
5073
13736
3241
20827
6801
6290
20587
14624
2862
13197
22440
475
5572
18235
11443
2218
9218
22461
808
18444
5918
11277
18943
11473
21222
13225
13275
8730
9275
3297
13228
20889
7859
2596
8482
22434
14734
1819
9946
18055
19772
7641
9745
11314
12218
1991
15956
13821
20390
14542
12204
11704
16622
22303
16163
15141
15831
19045
18844
16806
20483
9504
19671
12387
8830
20586
22135
8017
13771
8300
13544
3126
14723
3259
17591
2209
13892
1875
11329
12599
4773
13922
9194
19666
4286
11229
16636
3679
17325
1263
12238
13509
22106
1634
10063
11504
16103
5107
5557
1583
7966
15983
6038
4975
7208
8631
2041
9352
3592
3599
21926
2880
3945
17746
6287
12098
6943
17337
15118
21330
6147
15716
21733
2193
16764
838
20834
20168
14209
2941
6023
8456
1245
1517
7020
2513
21667
8754
732
16471
17353
2924
8469
6151
7228
7269
17227
4911
2874
19813
12974
17204
13466
13074
2970
12023
17231
917
13862
1452
1750
22057
5558
14409
12745
9812
11436
13204
15961
12304
4964
10179
10611
11100
11910
2942
17565
15758
20541
19027
6562
11688
9813
2774
21034
1726
1395
15782
21087
7053
10400
20465
11538
15236
10544
207
5902
80
6983
19347
11726
7899
16931
21509
22369
8735
16978
6294
21615
3587
8857
15085
10474
11509
18212
13691
2201
10445
12854
4960
16475
21899
13768
18336
8590
20984
9651
11736
11771
1767
7694
10468
10554
21630
16292
2345
9284
16283
797
13140
17713
9586
14547
12841
8926
21621
21311
7387
9557
15756
9641
9105
20770
5897
20769
2083
2293
4951
13835
13958
19016
943
7456
15722
6140
3173
9024
11432
13497
10503
19537
3590
13488
13106
6544
16524
16804
3716
13690
171
17354
20653
13335
19525
8960
8542
10104
8722
17376
14527
16397
19030
2142
9855
7876
12283
7919
8226
8845
17364
7231
1329
8526
14666
12553
6222
12807
12868
16160
7568
18463
16085
2532
228
12714
18313
226
5007
981
17658
20007
18511
9983
19768
2026
19820
15521
16470
6260
20184
20743
6693
22265
7466
5679
6482
18539
8125
4936
11484
1649
21314
5910
15283
6045
19652
11352
12870
17384
3342
18024
17155
6980
13989
3128
2946
20575
2276
10896
11804
6324
2422
13184
9258
3428
16379
17024
7327
15386
620
14605
13805
8612
4624
12175
1450
5836
10507
21824
5068
307
3404
2967
17940
12119
18301
14911
4579
2509
9780
8503
4461
20252
21231
13311
13928
1943
14746
9443
8232
14833
18868
11312
17512
2219
13317
9373
12568
11676
18747
19777
22059
1141
16950
11119
10334
2521
18730
14429
9461
20186
10789
16093
17322
864
2311
8734
10339
11773
18886
3041
5552
12753
20014
1942
7756
21626
12641
9677
14109
21375
19573
588
19290
17363
16154
8115
14916
2805
2845
20856
2572
4635
8940
15105
14887
7923
17414
772
9875
4640
7742
5952
18405
9451
14847
11349
22252
530
19621
2313
1341
12104
6727
8294
11331
11341
21496
9663
6247
12346
18624
16150
4307
7978
15156
6879
18629
20764
14975
5165
1660
174
4131
5683
9681
567
14946
17545
12547
20551
19675
11627
17209
15666
10319
926
5650
5010
10641
4201
18057
15140
19399
5589
12323
17866
10622
21856
13186
7331
20592
20562
12721
37
432
20655
16458
20621
12153
1126
1786
3805
19467
12937
21427
8567
4884
16559
12242
10996
2963
11289
6114
5440
5410
15239
2189
9093
19686
6748
568
20762
14608
8524
16425
10609
9682
4400
15615
17109
15200
517
16615
6069
13868
5606
10014
11496
17319
490
12570
16997
11123
9335
1112
14204
12920
9465
14016
8062
15324
13316
946
17500
13441
16560
21671
1198
3798
7843
19162
754
9525
90
10261
21859
42
21569
3996
4855
8293
3499
7079
12288
22126
2224
16042
4786
12756
14703
18778
9493
4486
9534
21675
5726
8765
13723
21225
9943
7353
635
7012
22349
5247
15120
4725
339
8449
11633
15733
12247
4498
5937
5943
13252
5282
355
16754
6970
3023
6493
21323
7209
17984
12523
3904
4494
7800
787
5822
13428
19350
16604
6703
16256
20067
4218
14061
6103
16673
17005
8760
15509
17781
11415
14189
1463
20047
10418
11463
15967
6780
13742
15697
20024
44
7869
14701
11137
7096
13154
18725
16414
15116
3885
21736
20956
14461
11376
6858
9507
7247
17637
7622
18806
3673
9960
1324
3911
14594
11540
4573
12686
9270
13907
16722
627
1639
15012
22138
4522
20892
7460
21192
14597
12989
12408
16186
17172
6536
1387
20651
19993
5259
20071
7263
21114
10743
1929
7769
11244
8912
3707
12113
9113
19315
15174
1313
12025
16787
1360
3373
91
16965
8415
4599
20976
1654
1682
3242
8795
14776
5868
15762
14044
15401
12477
22408
8380
3089
416
6422
21823
9526
15706
20097
889
13426
18842
11360
8930
703
15243
2824
14020
14395
4161
16175
9143
16727
270
16865
16377
10698
10741
16205
4572
18137
21033
20796
4613
20922
8061
624
8004
6558
10245
9785
1087
21869
12405
4485
8986
18672
6961
538
9919
16534
356
19893
7833
2820
14581
17029
21016
15579
1917
9220
854
3447
3279
1256
18457
13933
15581
11791
5046
927
15874
12178
8019
8178
3659
22177
6057
14565
11596
6162
22247
9555
19964
3270
20505
2773
16509
19957
16217
14831
13858
15503
16076
17476
15357
9294
22356
5373
11644
14441
43
15909
2836
15636
8295
1666
12495
14339
1125
15485
19865
11762
2678
3097
5450
7567
12374
498
5973
11844
10837
6137
18518
7301
16895
20688
12496
8869
3896
15977
14
11332
18226
15800
16531
14787
12102
14644
2078
354
17436
9422
10162
516
3462
21878
1485
19414
13415
21740
16737
17655
18398
4328
20700
8136
5513
19289
19960
13408
11557
18117
2100
20456
10735
18232
17415
14379
10425
15110
10286
1273
1289
4772
22463
9528
14392
4518
22351
5082
10576
1614
4689
18037
17215
10
4163
18655
21157
11852
18093
9755
19135
20696
5630
6160
4935
3940
3374
6443
15571
12655
1271
12939
15228
20134
21112
5894
4585
9571
18153
16476
13417
7490
377
13649
20279
3239
16821
7513
3040
21374
15979
4469
13111
21650
15711
3571
16919
3908
19929
188
12520
4077
1868
9705
17218
18368
11691
15289
9044
17383
2075
14659
18074
20951
7606
13741
21154
16270
17809
5071
19796
6116
15006
19172
6347
9232
9439
4510
4090
11664
7657
16876
8700
5458
12000
11850
8651
12789
6411
774
21975
2926
5317
2331
7475
12694
17099
18573
22422
2450
10403
14314
5660
242
9318
9761
18537
12292
13418
3665
8624
5984
14052
21091
20516
10182
410
9567
4330
14955
12243
18216
18054
18359
6073
7827
13540
6398
20823
18966
17241
15821
21243
8665
18092
15954
5896
12774
6721
9241
14759
6706
7078
4492
10345
11222
11273
8796
10318
11364
2442
16791
15159
9844
11007
12315
9760
19625
17042
12211
13675
14768
20497
1412
3848
112
10809
16434
5199
7612
22170
14217
18504
14678
11468
16398
2296
4917
17427
14596
4440
6583
7412
10871
15096
22294
18109
16689
906
21136
18645
10002
10693
4672
14234
2487
14808
9784
22164
10096
1618
7791
10004
14418
16447
1066
13198
7325
7548
22318
13434
2933
2736
8139
18140
20228
17170
19843
3584
5710
8055
1373
3779
8263
18581
7558
15849
9299
4631
4415
3502
2420
18981
12638
8014
14454
10047
15300
3110
21387
4795
11374
13149
7872
2204
16656
1215
22292
9349
11594
3646
19256
13543
5879
839
8615
2098
1502
11004
961
17956
12407
22238
3892
2594
9518
5487
20803
15404
6037
4193
15416
16261
4021
15323
13470
9691
3757
4516
19810
7731
16866
14604
6669
11490
8002
10391
19303
21077
13987
871
14572
4292
2037
14307
11684
22398
22348
3073
5294
21236
13406
5085
19058
18950
12906
15951
20435
22224
6636
22417
17461
8616
10202
21584
3006
14069
4337
1460
1675
2872
19659
9235
11051
7933
9074
11866
20080
19759
15476
14203
8763
5273
14716
19262
792
17163
18167
6350
1745
5858
20207
17614
15146
8301
3203
21851
12936
3194
19986
1007
9262
10590
18078
219
14190
3859
8788
14788
1880
14802
16902
1944
21085
16825
5525
14175
7361
10793
14082
7562
9203
14972
4040
14961
11394
5881
1397
19278
12176
10666
10266
17566
19446
14144
11634
20365
16790
18852
127
12478
133
7416
4948
3455
6202
16549
899
15974
1389
11954
3588
14621
3909
10233
6954
16558
5587
15165
21432
21367
3889
20709
20037
5971
12458
18529
10006
5748
17431
2724
15953
9125
330
12803
7777
12174
9757
16977
14070
17848
16994
8034
14737
7697
3521
8913
88
13313
8841
13998
21324
8071
4993
18979
3745
4158
16473
17171
8025
8516
8109
11171
11901
4009
5800
767
9371
13386
757
20048
19333
20781
7398
20740
12452
5847
4401
10374
2351
19726
20966
1638
11315
16073
2573
17783
6021
13432
19055
19268
21948
22366
16648
4179
574
11885
7355
4031
20567
3024
15742
7467
9331
19377
11955
20197
10090
9374
9086
15525
2031
2969
9424
464
6806
4876
5483
6948
4761
12254
20404
9660
3803
8042
19792
7918
12353
1247
11904
9751
3066
18550
22329
18073
13022
20162
13602
11034
14963
5433
6339
21879
10974
19161
4015
6800
10798
178
752
13350
18841
10064
9201
11516
19190
20327
17025
1123
19580
5451
19101
8879
5989
19992
3077
20707
6616
6760
21037
6441
6994
7434
15052
679
10414
11972
7288
2160
4632
3733
10906
10923
7352
21583
22262
11787
16630
22456
11756
12622
3386
13318
20433
8579
9469
10308
9625
15076
17612
8790
13664
9997
14561
18514
4453
14101
4633
11145
14043
16212
18221
592
14458
16296
6512
15659
4327
22362
11605
2839
12045
18110
22012
14801
21914
7682
19455
10492
13260
5622
20301
22339
17443
19633
10366
14492
5994
10350
4877
16295
18113
5508
20930
20647
6731
15531
13255
12670
20099
1891
16741
14878
5175
8072
16869
7360
9721
4199
14060
17663
6605
6385
10584
20010
19500
5093
7148
11800
159
20912
6543
2459
7010
11593
1071
4333
9624
7721
8366
15913
19851
20192
11826
2682
3115
5432
16541
11202
19634
12630
14918
9797
12964
1398
79
10065
5324
9647
1816
6131
4527
697
8389
10816
18951
10687
17561
19701
18949
8897
9996
9034
18248
20069
1272
14777
19737
22325
20953
7616
9319
8896
825
17313
1751
11442
7094
2819
12428
1085
426
15090
15382
12514
3158
7068
20276
11539
14154
1391
10864
919
15139
14584
10769
9089
14386
4747
8316
10749
4225
19691
21259
11975
2244
5203
10977
19437
8473
8010
11631
18390
14025
2981
6171
22328
22182
5798
17093
20938
20905
12017
9069
18194
83
21629
12952
10373
11894
11232
431
12942
4774
3554
10405
19334
11101
11323
12563
7674
6072
15267
14164
254
1921
13066
14048
3981
6264
18001
10426
14132
6232
21854
18134
20335
8755
11660
10280
849
16467
14036
3696
18178
6107
6993
17426
2355
5682
12532
