16809
701
14497
20415
10440
11003
4296
14650
16895
1722
19743
21729
21120
19347
15713
18056
1387
2442
3070
13294
2124
10379
21491
18427
11332
10426
13098
8257
2323
8883
18155
16869
13525
16052
909
9319
364
7663
12677
15236
8139
17983
22171
9294
5458
2597
496
6357
20810
18906
9858
17056
3741
7745
17392
18079
14205
8505
8153
9603
5212
61
19757
212
7357
3735
8482
15531
18216
5183
18819
21922
16977
7362
18966
5049
14181
2112
3533
11323
21662
22124
1783
16960
18744
9220
14790
2664
22265
17254
18729
904
18396
18886
16427
21224
7735
2252
11341
481
11550
2409
11611
18409
10241
20660
16368
15606
5375
21955
6654
7005
18349
15839
12361
19135
16972
12464
10783
21489
1654
20559
11507
22329
15714
12437
7165
11102
6818
1123
7966
2651
12139
356
18512
8606
3935
20280
290
11158
4502
21803
21339
5448
14031
365
10264
18615
16721
6763
12308
13253
13742
15644
15553
17726
14257
11657
14981
961
15174
4402
15403
8188
6441
325
4499
17089
16846
8216
6213
11809
11149
7364
9363
17384
22110
14168
8327
9176
22208
8669
4677
2018
21708
4909
2596
7467
406
17208
12463
15951
20276
7150
12031
12472
13478
3906
8993
197
12461
7460
15986
17148
4209
10503
22162
17523
2051
2280
1964
14804
19573
17402
15240
22056
9554
11719
22403
14260
3963
3630
17833
3577
16137
8049
1339
8351
17386
14228
19000
8348
12521
16618
2059
20892
5156
22181
9359
3300
14862
293
3606
3073
187
17370
5570
6045
21344
5208
14791
13735
10458
7173
13872
8700
14495
10364
4003
1300
2434
7618
9514
6552
1193
11022
17866
217
10500
10904
4786
4357
12837
10468
3062
17984
10439
20083
19448
19678
14539
8119
13435
17780
9287
2595
8869
18105
2773
17695
1225
22100
12408
7093
13494
21987
2837
22338
16093
3097
20466
15470
7789
1827
15362
18196
754
12936
20024
21338
16291
5187
6653
12749
3838
1901
19489
12831
4629
20510
4275
16885
20210
19509
1271
13079
7602
19667
2216
17598
11228
14109
1372
20820
16106
6940
8893
9368
1494
11424
15594
10670
17092
19307
22316
13441
12500
4000
8168
21536
14799
16816
9987
20990
4948
20152
12965
16400
9160
5149
1037
21325
21663
20334
10857
6477
1453
9677
9156
3964
20888
5518
8299
19748
15612
20750
10578
11899
16716
20632
17740
19384
1618
9138
2422
13128
21254
12155
9367
897
18938
1668
6189
19992
13003
11892
9164
3047
18648
9807
12075
20092
19447
370
12039
5496
3305
2455
15963
15785
9360
5835
2610
14948
14710
20516
19990
20617
3972
15114
8531
11585
12972
2335
7979
4225
12252
17848
22166
20281
4809
6926
11389
11804
6206
7308
14551
21214
18735
14249
11536
8520
9125
5784
6728
5672
14383
8302
2078
17818
21512
7108
18850
13932
6961
4907
1078
407
7641
3252
3451
19870
3303
14850
2746
12288
20135
9279
9759
2134
18561
14905
17860
5637
12730
18693
8565
9525
22330
6139
7983
3499
11984
13418
2444
15649
983
15686
15749
5948
1912
3160
16001
16688
522
21229
21211
2117
3829
19941
