550
11354
5950
7244
3758
15921
13282
17872
18832
7986
3190
3080
2951
16706
7689
8641
7620
1332
5711
17963
18427
12973
20763
4199
17349
662
22051
21386
22159
4958
7637
9266
20455
2905
21437
5366
15334
8401
17751
20701
18038
10029
5302
9747
17990
14845
2106
10100
991
13995
3179
914
9884
1898
7818
0
3117
6014
63
11386
17929
6857
18923
12726
7285
13556
8187
19950
15555
4944
2706
11447
18780
10568
21808
22119
7112
16123
11055
16579
20028
2432
7251
9701
10084
7399
11918
2864
5986
11659
7378
6670
4408
6077
6333
6635
17597
13477
7180
17742
14256
3132
20978
18357
13301
8494
17134
3647
14087
4140
5043
1099
10706
22082
10599
19040
2763
16687
16457
13573
1975
9655
7559
14305
16332
18460
8358
1748
19904
4796
7528
6388
14602
13383
10265
12843
13885
6062
7734
12319
22077
10587
12551
12565
21637
7236
4982
7609
18801
21695
8403
14890
9046
12546
20137
5173
3197
21075
22250
10619
15746
4881
6869
19110
19713
1128
717
13463
9975
15597
4831
1696
5027
9598
15375
11137
4883
628
10857
10158
4866
12253
7419
8289
8341
281
15691
19525
4059
11781
633
6821
20150
6511
13129
13395
15449
17759
13372
3019
3640
13650
3594
2206
10310
13437
898
14412
2033
13044
21382
12519
4847
16753
21843
6716
7306
7518
10595
17152
17291
18070
3860
2501
9023
14053
3855
11471
21483
16161
19006
11628
15924
11890
10225
6439
20915
12063
10891
12924
13054
21101
10840
4765
7738
1663
2382
13493
4447
8915
1405
12790
16795
18450
18598
7318
19394
20554
7154
18186
6165
5696
13671
12352
15396
7800
9034
7206
10782
21024
8031
9765
52
5305
11810
14752
15062
1642
13943
1802
20339
5371
11956
17916
21912
6270
6654
9453
5017
12715
13580
1365
14080
4783
9609
17995
19999
16843
8410
16906
14813
16382
16528
4904
2457
5271
13298
19676
20508
19905
7058
11878
12774
17180
9042
4348
15244
16134
12377
20140
6903
1185
22271
13425
16546
17538
18165
17757
2476
15058
8752
11812
7406
16669
5972
6394
3372
7853
