701
11003
19743
21729
21120
8482
20415
17983
22171
16895
10379
13294
9359
11507
19347
11332
21662
14790
20810
18819
11158
8257
11611
909
481
15183
8001
5049
5448
2597
14497
904
14862
18155
18396
20083
21955
365
4296
17392
12677
1387
17523
2651
7745
16809
15236
21224
7362
12521
11719
9319
16618
10264
11657
21054
3973
10426
11022
364
14228
550
7966
7663
1722
2114
6213
14181
19228
18427
18216
10241
17056
2323
5212
18766
15839
1964
19877
9156
8883
13742
12730
61
19001
9554
4809
12500
4111
9692
14650
9603
17323
8139
7173
496
21339
13435
16960
14948
12573
3741
3906
20481
13899
2837
8505
17586
11603
5458
2703
2595
22338
406
16851
18170
20750
21987
12837
4909
2280
22124
1618
16760
15612
16869
19448
1626
13098
18409
4003
1620
14186
17304
5899
6357
17502
15707
18744
325
16400
8168
21438
6174
19757
1244
12461
22316
16977
20660
6763
7800
1453
10440
12139
14161
17208
9176
17254
14981
1047
13494
20046
19135
21214
6115
20535
9677
11340
20196
4825
8666
21435
19803
9906
8700
4499
16469
2869
18952
20345
8993
2059
1404
11536
5636
10972
11149
8197
11947
6932
3420
7005
21489
10783
8606
14741
10945
19732
6477
4357
12252
21325
9248
5553
22329
16721
21549
7735
9294
4382
19128
21536
370
11341
3188
9858
19795
8913
9128
1494
15742
9618
11616
17154
18906
15594
15396
17510
22265
102
11809
11879
1654
14049
307
304
6040
13253
13443
15527
13735
12165
21375
14320
11102
7257
1271
11370
6390
20550
21229
2051
3333
8664
14660
306
17089
580
7776
15986
7540
19074
5168
3483
18056
12936
16816
17560
21708
16361
2472
212
14709
3400
14223
197
8669
5504
1489
15649
1282
17687
17264
495
7487
15073
4536
5149
9891
19778
15470
7952
9120
22162
8703
21922
16052
18966
2124
3223
20027
18512
18097
21581
5086
15976
22160
3935
18886
22263
2596
6654
13691
14681
7087
407
14579
12203
18464
11315
4629
11999
20708
17707
7602
5199
11331
6550
20990
18337
8216
9968
15057
8188
6735
14247
3735
7033
20510
13385
14249
6029
9133
16688
8585
9867
6206
22446
21572
8246
11487
4864
14872
4086
20941
18349
11228
16328
18938
9890
7974
9000
1339
3451
290
9512
20259
5806
5037
21760
2944
689
22040
2455
9367
14905
9382
10771
7162
21088
22208
6961
8936
2112
19000
8773
2033
5808
1901
12059
3933
21309
6247
20584
4452
2664
20120
21329
16548
14694
12935
6992
9072
8477
18367
12569
8286
9018
8336
19131
6622
9514
19456
5548
8929
16502
2229
14374
10020
7610
16368
12679
3488
19678
2284
12440
5496
2126
11938
8120
10904
2514
3280
9910
8335
5559
7165
9010
6936
3047
7501
11189
22438
13281
11107
6907
1403
19457
7749
16357
7765
11962
5560
13512
187
20782
3579
4907
4284
11424
14240
19885
2964
9446
598
10620
14738
9249
11980
20504
2708
940
396
9304
21792
8164
18690
20559
10941
15531
3726
5427
3269
4356
8148
12177
2434
7089
16972
12195
7467
13895
20824
12816
8633
13367
1869
6340
3215
