701
11003
21729
19743
21120
17983
8482
20415
22171
10379
16895
11332
14790
13294
18819
19347
11158
11507
21662
9359
909
20810
14497
15183
8001
2597
11611
17392
20083
5049
4296
18155
10426
16618
5448
16809
904
1387
364
2651
12677
18396
14228
481
7745
21955
14862
7362
9319
11657
15236
8257
17056
11719
3973
18216
10241
12521
365
7663
21054
9692
4809
496
14181
14650
17523
6213
11022
13098
10264
18766
18427
2114
19877
6763
5458
16960
17586
13435
16869
550
1964
2323
6357
22124
7800
4111
19448
1722
11603
1618
5212
6115
8883
21224
12500
17254
18409
12837
4909
12573
1620
5899
9858
20481
10440
9554
4825
19757
13742
14948
3906
9603
3741
9176
4382
15839
9677
11340
8700
11149
9248
197
18170
4003
8139
17323
20750
21489
304
3188
7005
16977
21438
18952
6932
61
325
7173
8669
1244
22316
16721
8168
14186
5636
406
7966
17304
2595
21987
8606
15612
21214
9618
13899
13443
16851
19128
12730
19135
18906
19001
16400
7735
11102
9156
6174
20550
10783
10972
2869
21536
1626
17502
17208
1404
15707
19228
11999
15742
21375
8505
14741
16052
4357
2837
2703
16816
4499
6477
17707
20660
3735
9294
22040
20046
18097
72
17560
1494
20027
1654
21708
1047
356
12139
22338
9304
8993
22329
16469
212
14205
13691
13735
2434
15649
22208
11892
2280
8197
11536
1282
17089
2664
21325
7625
5553
14981
2596
11228
18966
11341
9968
14551
11487
580
5149
11315
21229
20535
6961
20941
12461
12203
2455
16972
9367
4864
6390
9128
4741
19732
21339
6040
6735
21435
945
2051
20504
21608
10594
15713
20510
11879
7911
14905
2284
20708
3377
3269
2229
12177
5496
5156
2112
19000
14049
16361
14240
12165
10945
7162
15976
18744
7357
11809
12569
4629
7776
3935
3488
14579
7308
21277
15073
4086
290
7602
9138
8913
12252
15986
17995
9018
20559
15531
16548
8821
12936
1531
18886
20152
4657
22265
18690
8477
5183
3047
14694
14660
19131
18040
3933
3420
15527
12308
8302
4907
495
21023
7087
12250
9910
13300
22438
5808
20516
13312
21750
18056
3726
21572
16688
2544
3333
13253
11890
7586
306
7467
11103
14031
13441
12031
7233
8286
18512
10643
3400
12440
19949
14249
19457
2858
3070
6321
6083
1339
1037
19074
20710
8153
9287
7919
11331
7295
13170
19795
14489
20824
17510
19803
8664
21803
8190
19748
3451
370
15468
187
11905
8120
5681
1271
19970
22267
14791
4338
13494
14168
14383
10948
7536
20259
3757
11370
17710
5504
11295
21088
9987
20024
6340
18012
13323
7251
11118
8666
11402
4300
10808
21141
19521
9120
2514
18038
20584
11256
19515
7487
8554
11329
12472
1139
9514
21663
12965
1078
12869
3302
15470
9332
3160
14223
18079
8188
8216
6815
10364
750
10160
5037
5890
21133
1225
5557
9220
8568
13680
10108
11710
4284
2306
17540
11947
20770
17687
21713
4716
5784
15041
17457
13597
14090
1901
17148
13262
14681
5168
14709
1402
307
6029
7887
7540
10439
8160
2124
8336
8733
20334
13796
14271
14359
7257
12831
3263
