701
11003
19743
21729
21120
17983
8482
20415
22171
10379
19347
16895
14790
11332
13294
18819
11158
21662
11507
909
8001
9359
2597
20810
17392
14497
4296
16809
15183
20083
11611
16618
5448
10426
18155
5049
904
1387
12677
3973
21955
481
364
18396
7745
8257
14228
11657
2651
14862
7362
9319
11719
15236
17056
18216
21054
10241
4809
9692
13098
18427
16869
14650
12521
14181
2323
365
6357
550
496
6213
18766
2114
17523
22124
7663
13435
16960
10264
11022
19448
4909
19877
6115
1618
7800
5212
5458
5899
12500
1722
17586
18409
21224
12837
9858
11603
1964
8700
20481
61
17254
8883
14948
9248
19757
6763
9176
9603
18952
3906
15839
9677
9554
13742
4003
4825
4111
3741
325
406
17304
6932
20750
1620
12573
17323
6174
16721
21438
14186
4382
8139
7966
11999
19135
18906
13899
2703
11340
7005
8669
11149
1494
18170
21536
197
2595
16977
22316
5636
1244
16851
12730
7173
16400
19001
19732
21489
3735
14741
10783
17560
1404
9618
10440
21708
15742
2837
8168
6477
12203
15612
8505
12139
21987
2869
19128
13443
3188
1047
8606
16469
19228
16052
304
21375
20550
5149
22329
9156
22338
14240
10972
4357
7735
2280
1626
17208
14981
2051
11102
21214
945
17089
18097
17502
2455
8302
1654
6735
20660
22040
21325
12461
1531
11315
2664
4499
15649
8197
72
2229
12177
20046
7625
1282
4864
13735
14551
14049
16816
22208
2284
20027
9294
18966
2596
13691
11809
11892
11228
2434
3047
580
356
6390
212
14905
9128
15707
4086
8993
16361
4629
11341
6961
15986
7233
10594
15073
9968
13312
11536
21277
12252
20824
16972
11487
2544
8666
18056
10643
20559
5156
14359
6040
10945
8153
12165
20941
14694
21133
5183
7162
3933
18886
19131
290
15713
15531
3333
7357
7586
17707
12569
9367
19748
17264
2858
16688
7295
14223
8190
19000
22265
11616
22438
21141
20510
17995
10668
8913
7308
5553
18690
1037
15976
3377
7911
20516
12440
20504
306
16548
2112
11890
13253
9304
9287
14205
14660
11879
21339
21229
7776
3935
9120
4741
14031
10805
7919
12308
20708
14579
2124
495
21663
6321
18512
4716
7467
21572
19803
21088
12031
9138
9987
3726
3269
3070
20152
3420
20710
5808
8641
20024
7536
14709
21491
3400
3451
9910
138
18040
7602
4657
7087
13300
8477
13170
3263
3757
8417
11295
1339
5496
5557
12936
13680
19457
10948
17710
18744
15470
4907
14791
6815
13796
18012
11331
4300
9018
15527
2514
8821
20535
5037
15468
19949
6083
750
1271
14577
8664
20584
21023
14249
11905
18079
21435
12059
9332
19141
11016
19515
4338
15041
12472
19302
187
19970
8216
11103
16223
12250
17148
11256
1402
20967
20770
7257
8120
2018
8188
7033
15630
19521
13441
13597
2472
2306
14681
11424
20334
21750
8286
6340
5656
2252
13678
5375
22267
11118
3488
13494
902
21549
7540
20281
5784
11345
8733
10670
3198
11329
2749
9220
7487
19127
9514
4583
9275
12965
16760
15594
10674
21803
1901
20259
13323
3160
5168
9867
15396
8348
17695
14271
21713
