701
11003
19743
21729
21120
17983
22171
20415
8482
10379
16895
11332
18819
19347
13294
14790
11158
11507
21662
909
9359
8001
5049
20810
11611
17392
2597
15183
20083
14497
10426
18155
16618
1387
904
4296
2651
5448
12677
18396
14862
21955
15236
364
9319
11657
14228
7362
11719
481
3973
21054
16809
7745
17056
18216
10241
8257
12521
365
16960
7663
17523
9692
496
1618
4809
14181
6213
16869
18766
10264
19448
13435
19877
6115
11022
550
10440
14650
5458
7800
13098
17586
2114
5212
8883
2323
12837
19757
12500
6763
18427
22124
11603
1964
6357
18409
4909
21224
4111
3906
17254
9554
4382
9176
4003
8700
8139
20481
4825
12573
13742
9677
9858
21438
1620
5899
1722
14948
7966
15839
9603
304
9248
16977
18952
17323
197
1244
14186
20750
11149
8168
11340
61
21536
5636
6932
8669
18170
8606
406
21489
19001
1626
7173
18906
3188
19128
21987
17304
15612
2703
16721
22316
11102
17560
21214
10783
9618
7005
19135
17502
2869
14741
16400
2595
21375
325
6174
1494
3741
16851
15742
10972
9156
8505
12730
13899
16816
7735
20027
13443
12139
1404
5553
22338
19228
22329
20046
1654
2280
11999
9294
3735
2837
22040
15649
20550
6477
16052
19732
8993
6390
212
18097
12461
945
14981
16469
2596
17707
12203
2664
22208
7625
9968
4357
8197
18966
20660
11892
9304
13691
21325
21708
1282
11228
11315
11341
9367
17208
4499
15707
1047
5149
4864
20516
2434
2284
17089
2051
14905
6040
9128
14240
20941
2455
7308
7357
14049
15527
11536
21229
16972
10945
20504
6961
5496
72
10594
15073
14694
7919
8190
21608
13735
11487
14551
22265
3047
2229
3333
11809
7602
15976
580
16688
4657
12569
306
4907
19131
7911
16548
15531
3377
7162
19000
7087
14031
1531
12165
20559
14579
6321
12936
9910
13300
8913
18512
12252
495
21277
20510
3935
4086
356
7776
5156
5183
3269
7467
3933
14660
290
20152
5808
3420
2112
21572
18040
14205
18690
3400
7586
21088
11879
16361
9138
21339
1271
12440
187
12177
8286
8821
15986
4629
21663
20708
11118
11103
8477
15468
18886
13312
3726
12059
2858
14249
22438
20824
22267
6735
20535
6083
11331
1037
15713
11370
17510
14383
12965
21023
21435
7233
2544
13253
21713
13323
8302
13257
1078
3160
8666
9287
6340
21750
19515
8664
20584
8554
13680
14359
21133
4284
17995
11329
8188
19803
11890
20710
14489
12831
19074
19457
17148
3302
3451
14090
7295
9018
6815
15470
6550
13441
21803
12308
1339
11256
8216
9220
8120
19127
10670
689
19949
1901
7251
12250
11905
14791
15055
12869
18744
19748
18012
9514
2514
2732
8160
20967
17710
4300
19423
1225
8336
4338
4741
102
14223
2306
507
21211
6132
14161
20334
20024
2749
11016
10805
3488
11402
307
10643
14271
3757
20259
19970
10364
13494
5681
7887
4851
5168
15041
13597
4225
8633
11550
10948
14709
11918
22261
7257
19521
17695
10668
19885
20770
2842
8703
12472
19141
19795
10439
5948
11616
11710
19992
7536
11634
12495
5086
750
8733
20992
7945
