701
11003
21729
19743
21120
17983
8482
20415
14790
22171
11507
16895
10379
13294
19347
18819
20810
11332
909
11611
21662
11158
17392
9359
20083
5049
8001
2651
7745
16618
2597
5448
9319
904
4296
14497
21955
8257
14228
16809
365
18155
18396
481
15183
364
6763
10241
10426
13098
12677
14862
14650
7362
11657
1387
11719
13435
15236
6213
3973
17056
9692
21054
496
9554
2323
325
17523
550
12521
9248
8883
7663
22124
5899
18216
20550
16869
304
5375
11022
16960
18766
4357
1964
17586
19877
1618
5212
19732
4382
1620
17323
6115
7005
9176
10264
21214
12500
19448
4111
11603
9618
4809
2114
1404
12573
8669
21224
18409
6357
13899
20481
9603
14181
18952
3906
18427
19001
8700
16721
14948
17254
4909
15839
7735
406
5458
12730
19757
9677
1722
17089
197
10783
4825
20750
7625
7800
18906
16851
8190
11295
11149
9304
21489
18170
15612
14063
7966
1244
5504
12250
8139
7173
61
21987
8168
11370
2051
21438
4003
13742
17560
19135
11340
22316
14186
21375
9858
5636
17304
21708
19131
4629
10440
21536
8733
16816
16977
2229
9156
1047
6477
5496
212
3047
1271
7087
12837
11228
2595
18097
11809
9807
6735
12461
6932
13443
15729
72
21750
18690
20660
2703
22040
20948
6550
6174
9294
1494
15742
19000
2664
1541
2280
8606
15396
2869
3070
14855
2284
22329
12472
8153
8138
2230
8197
20027
16052
138
7776
20345
3741
19128
8505
14205
12139
4864
3735
10594
14981
15649
11536
16469
20046
12936
1531
1654
17695
4741
5972
22438
5156
20578
16400
20510
3488
3269
5149
21000
15707
17502
13257
14709
18040
2434
12704
14988
6390
12943
14905
11341
7251
14741
11892
3309
21277
12203
7848
16548
11999
10972
1626
9138
10948
3188
3933
21229
18056
13312
7586
8633
2596
15057
16017
14660
19302
21325
14049
11102
17264
7536
14579
13253
3223
5441
19457
19778
730
20152
19970
356
5198
3333
1402
22208
290
14161
15527
12165
8993
11711
21088
7308
2252
2837
6677
16361
4284
22267
2479
20746
10833
11616
1184
9077
5183
12177
11487
22056
11103
10945
7162
127
14223
15403
580
22338
4472
17707
18512
13735
14551
20535
15755
6653
18966
13170
3935
7540
17710
18918
20967
19731
20710
18105
945
21435
4657
4076
1282
9128
10643
17457
9018
20820
14168
3377
19692
11118
6961
20504
2472
19515
17208
11424
5784
11550
16688
11890
19228
16972
10364
12569
21803
21843
19316
14249
7467
8666
12965
4557
22181
5890
22110
6040
1078
5553
5925
8568
17540
12440
1225
2544
4958
14240
4086
4653
1644
7150
20281
21981
8160
13262
20824
9287
15073
10488
11918
17778
19141
7911
9968
5037
14694
9910
920
6489
11016
10840
20992
13691
4499
3218
18079
12065
15470
3198
2725
12749
12252
813
20941
12308
18886
3400
829
8302
1266
12869
4300
9367
11710
15976
2944
495
11329
21491
2732
688
6083
6654
9829
10718
9180
11634
8762
15606
22162
19127
2445
19364
8821
13441
15634
2306
10108
18012
4907
12031
11315
2842
20708
15713
19669
9987
13997
20936
