701
11003
19743
21729
21120
17983
11507
18819
20415
8482
19347
11332
14790
16895
10379
21662
21955
15183
22171
9359
2597
11158
13294
550
1387
18155
5049
8001
11611
365
5448
10426
1269
4296
18396
19364
3218
20083
14862
909
3973
4382
14181
20810
11719
904
14497
7663
21224
17392
2651
14228
17523
16816
481
11657
1722
13098
12521
7745
15236
22124
16618
4003
20584
306
364
1494
13899
10440
4111
9692
12677
12252
21054
16960
9287
8883
6174
17056
3188
10241
5131
6213
19877
17264
10364
9618
11102
406
17586
9156
8190
15527
19992
20750
19131
5037
9248
5458
9677
14551
5290
20577
14735
12837
325
11022
3906
17598
21430
7911
5212
14186
18038
19521
496
1613
20206
7362
8139
11999
11228
16137
2418
1541
12437
14855
16851
21073
6499
21229
18438
6013
8292
15622
18952
2306
14240
21062
12461
13872
1976
9319
4514
4426
378
21339
4628
9217
16809
16713
10703
14650
20708
304
7699
5899
17502
21141
8257
21131
18766
8746
5198
61
12500
18216
1047
13742
10160
8606
17254
19128
14407
19448
4809
20027
21139
3914
2595
11149
1964
16869
1064
17739
6115
20073
1620
18170
3741
7309
7135
8828
17995
18043
6735
10264
1626
8700
7800
4825
4909
6021
16482
6357
20906
2869
11603
22243
10992
20481
7979
8993
13597
18427
15839
13237
9176
17707
22316
20152
13435
18962
17249
21922
16469
1531
2858
19732
3838
19748
4819
11315
11295
4402
21438
102
19757
6083
5636
5149
14948
10619
1050
16721
72
5681
197
9226
16387
5553
21987
9968
1618
14205
3612
9910
12570
9603
15858
3553
363
18975
13312
18580
2114
897
8168
12730
20559
11340
18409
11103
6763
7735
2323
13549
9554
10945
1244
10783
6961
13283
6932
8129
15097
2280
2311
22265
21338
10808
17726
8138
10499
14271
9202
4907
20259
1827
945
21375
3735
13850
18690
9858
3269
12110
13385
13678
20046
17909
8342
22329
19001
11892
22338
8505
13755
8153
7966
16977
18906
3305
2625
19135
212
12573
902
9138
22040
8666
16400
13443
14660
13458
580
15405
4086
6390
1129
12569
7776
21549
10594
20843
11345
9128
3935
18693
3697
14304
21572
9000
16972
19028
13576
3016
17323
14049
10972
17304
11890
15531
14105
15612
8913
20589
17778
19492
17686
3642
2664
7357
1535
17610
12462
15649
3047
1404
21708
16688
1865
7173
22208
21489
7005
4300
20436
1282
12263
15357
9867
18402
15470
2571
5280
7162
8616
12575
2434
10452
6040
11710
13680
2226
16052
11536
17560
3726
18966
13735
10145
15073
12809
5183
9294
10252
7945
15055
17510
8842
20314
12965
2957
19141
8351
7308
15742
10600
187
18040
21847
20086
8669
18105
15845
8336
22110
11118
11809
13796
5808
7684
1654
14852
14213
17580
3757
13441
13125
21536
20334
12495
8664
20725
3955
3616
13012
14709
2596
14546
1689
495
10674
17089
21325
11487
12139
19937
21214
8120
11341
3252
3606
7157
20660
12759
4499
21284
7781
9777
1304
8477
3377
10203
8568
1139
14031
8614
17695
19970
18512
5383
5828
14905
2703
9419
5948
14400
