701
11003
21729
19743
21120
17983
20415
8482
22171
10379
11332
18819
16895
14790
13294
21662
19347
11158
11507
909
9359
11611
8001
20810
5049
14497
2597
15183
17392
20083
4296
16809
18155
10426
16618
5448
1387
18396
2651
21955
14228
12677
904
364
481
8257
11657
14862
7745
3973
7362
15236
18216
9319
17056
11719
21054
7663
365
9692
10241
12521
6213
496
5458
1722
11022
18766
14181
4809
17523
14650
13435
22124
13098
550
19448
18427
6357
2114
10264
19877
17254
7800
12837
8883
16869
21224
1618
6115
2323
16960
1964
3906
12500
6763
13742
5212
4909
4825
9858
17586
14948
9554
11603
4111
8139
12573
5899
19757
9176
9677
18409
20481
17323
7173
8700
11340
7005
1620
21438
15839
7966
10440
18170
18952
9603
11149
8168
17304
20750
4003
304
325
61
22316
14186
21214
16977
21489
9248
1244
406
17560
6174
17502
6932
4382
8669
8606
15707
21987
197
3741
3188
2703
19001
5636
9618
13443
21536
19128
10972
15612
12730
18906
10783
16851
16400
20550
7625
11999
17707
16721
15742
11102
1494
9294
1626
20660
1654
9156
21375
13691
19135
16052
19228
22040
22338
22329
1404
8505
13899
2051
2869
17089
20046
3735
8993
7735
2837
14741
19732
2280
2595
4499
20535
11892
16816
21435
212
8197
1047
21229
4357
14240
17208
7308
16469
9304
2664
18097
12461
945
10594
14981
12139
2229
11315
580
1282
15649
13735
14905
4864
3488
5553
3377
9968
11341
2596
11487
8190
22208
21708
2455
9128
6390
11228
15073
7357
21277
20941
14551
7911
21325
5149
14694
20027
6040
2434
5496
495
11809
7586
19000
21339
16972
12569
4629
5156
12203
3333
6961
11536
16548
15976
14205
22267
3933
15713
14049
8913
7162
18966
290
20504
2284
16361
72
20559
9367
12177
5183
12936
6477
2112
18744
4086
10945
7233
20516
1531
9138
3047
6735
13253
13300
8153
8666
15986
16688
7776
21608
19074
13312
20708
8733
3935
22265
14031
7602
7087
4300
3269
18690
20510
10948
8554
8821
8477
19803
11256
1037
11370
18886
356
12440
17710
5504
12252
15531
2472
8302
18040
1271
4907
9910
19795
3400
12165
20710
19131
11905
18512
15527
2544
12031
7225
21750
21572
306
10805
18056
8286
11890
7467
5808
19371
14579
6321
14709
7540
12308
3070
14249
14660
22438
8160
21803
19515
17995
7487
187
19141
8188
21023
3726
2858
3420
8417
3757
9514
370
7295
13323
18012
21663
8216
15468
11879
9287
12250
20824
7919
1300
8120
19949
21088
7536
14168
20152
20967
6083
19970
5890
9220
6815
13257
138
3451
2306
1339
4284
20584
1901
3302
13441
15041
20259
2242
19748
14161
21922
18079
6340
12472
12965
19521
14791
11103
750
4657
21713
11329
15470
1078
12869
9018
2842
6550
13042
11402
3160
8336
2749
21131
11345
21211
7848
8664
15594
13262
22160
7887
8633
9332
21344
1225
5925
14489
14383
4716
11295
11118
14090
2442
3896
22261
6132
507
6029
20024
7952
19423
9120
14105
4338
5086
17510
3263
10670
9867
10252
19457
1139
1044
10108
10364
8467
