526
7066
5984
12617
14582
7506
18391
10581
14679
2014
14115
20799
17131
14874
20533
5719
15986
4564
6744
12038
3389
9505
21900
19002
20938
16396
16097
22350
6699
5918
10815
11517
6519
15143
6868
15152
10566
14802
9600
8993
15898
11719
12979
7958
1591
684
12345
7651
8292
13383
41
3382
3794
19577
17769
20329
21071
8709
13423
3982
767
12768
11935
4320
4331
19032
13297
903
19227
6207
20357
5182
21663
6790
19143
13106
18752
15740
16483
15149
5772
9745
3119
6252
21367
16812
38
6164
3988
10680
6884
6818
20418
13422
5106
18802
15697
22351
13547
9331
7088
6154
17983
9052
19347
8949
5701
2194
16756
3700
6759
3885
11874
3025
182
4186
6943
14206
9444
6745
22110
3866
12533
8037
8855
5581
16988
15114
2942
20003
16850
4508
14126
16151
3752
738
10271
18606
17691
9657
7666
14113
13804
15659
10099
8736
21264
791
19991
0
8331
131
14013
6038
6801
18001
47
16740
17226
19204
2423
15869
11371
4048
518
16511
22129
8357
14348
16094
21665
14309
17796
20822
4694
15036
13434
261
21705
17798
10754
10702
10642
9083
4860
15153
17065
67
5560
22373
13981
19842
8045
1935
5332
3328
4682
5389
18204
9643
5993
16327
4436
9048
13289
5694
9515
16882
240
13892
19765
9744
2655
16700
22229
7647
15529
22019
715
14353
11894
21642
15368
21159
10104
20771
8923
9138
19186
19235
10129
21475
13581
18573
9926
8269
8223
10398
15383
7512
14542
1807
7351
7977
18396
21953
5559
15035
3984
12364
13253
11983
8874
12665
1554
7060
15711
3229
14451
11999
14903
4431
16536
9652
11938
15701
18848
6729
8191
8665
2506
1993
10961
4349
15066
13820
13231
13737
11225
8877
6939
21406
2486
16325
2240
6513
5589
4637
19858
854
14452
11080
17623
6509
19486
6849
15507
11171
16432
9250
6491
13031
19801
9071
20348
12953
13393
3626
17676
13452
2272
14325
7640
14671
3448
19870
12337
17962
8848
11397
22234
12374
7962
9816
22228
20512
21276
4835
20146
2052
14175
17651
15200
13973
11435
3432
6795
1265
10788
3061
21962
14171
14069
5570
7564
5744
21780
15930
12389
9995
9606
20604
9181
14174
20109
8198
2966
16563
7972
11469
2234
20945
10342
1406
5430
33
11796
4523
1422
57
10654
7758
7873
18677
16434
10790
3078
18935
11489
5278
4735
22230
760
8789
21197
21998
16435
20375
14889
3944
789
2476
20138
15053
4871
6181
18964
4398
10408
10191
1965
5254
2563
2961
17126
22262
20126
12559
10522
21374
21731
10223
16644
11446
9555
12113
2243
6781
15197
7189
7115
22087
1615
12780
292
8647
6946
17286
11022
21888
12894
15263
9107
21250
290
8850
13175
844
14511
8017
13464
16284
11892
22457
11471
15117
17355
20203
2957
14956
21458
3529
3584
4913
9655
13677
13221
19016
10277
6735
21352
105
11547
19028
16250
1805
17760
12214
2740
19176
2725
6456
7046
7828
2847
7366
16322
14967
2568
4274
19010
17826
5629
2047
17999
5525
17717
2823
2037
20404
17431
6002
20499
5444
568
1821
11274
7550
5056
6010
6488
4469
1715
18987
557
9941
16640
9072
8569
8098
8718
8952
458
14674
3779
5836
15340
2163
8926
9367
11862
4649
14829
1108
2759
5496
12990
18691
159
10976
12428
13111
1077
301
4611
13505
19621
11094
6707
15820
54
19554
14273
3620
3902
19679
17727
5082
4178
9344
21044
6475
2182
10214
10431
5235
21560
7261
5343
8921
19448
21350
13176
15528
6350
22428
16999
10446
21295
18619
13436
8963
10372
2315
12663
6243
3245
13675
19262
16990
17867
1318
1019
3183
21937
12674
9556
877
15256
9255
9448
14616
17444
20217
10181
5108
6380
7313
11838
13678
12966
20048
18324
1737
13214
1594
769
16814
4630
6941
19887
14934
7979
12598
6502
3763
8395
12051
11919
6695
3319
20687
16932
9004
3202
14050
21029
21045
16560
20988
7638
6746
5234
19274
8800
21543
21064
2644
5587
14213
3352
10540
6672
14500
7100
17641
13611
18893
7995
17137
10335
9006
18124
1728
9905
5583
14071
15429
2137
21262
14494
1844
5353
4592
6551
2017
9352
19101
20416
19272
15225
11975
3244
16742
1182
15011
12025
18487
18593
5885
15980
1327
19200
14907
18275
2224
6650
1271
11849
15129
15327
6284
11097
19367
9527
5371
3965
8870
8473
15679
17703
16946
6120
4638
19584
10237
10188
12190
13145
18375
16010
9280
14897
18560
5011
7735
8470
17631
3457
5835
8154
21230
8300
1222
200
8460
3602
11299
326
1690
15416
8368
17819
17788
10632
8239
15065
9313
20827
18245
16976
1766
87
10202
16994
9175
15951
4700
14488
3050
18876
19234
21113
9417
11337
13252
2154
18744
13904
15718
5934
12430
7056
8014
20772
12682
20023
13353
3182
13669
20905
8392
12925
17251
7572
8226
17668
21061
12637
16545
16656
8274
8140
6337
3921
11486
20786
1634
22125
8810
16584
7070
5555
4773
4224
18198
6710
13661
4989
18640
16413
18840
2141
12982
15954
655
22240
16693
6549
12354
10413
11946
4606
4624
2496
20043
15187
449
1114
13798
15721
12471
20160
13382
21793
6772
21927
18522
9391
5177
18861
21169
5613
11021
7966
17646
12806
6329
2058
19352
15178
12830
22386
17260
6143
12453
7328
6483
18686
9304
11472
15969
12769
21908
19982
16008
12146
5137
9770
9377
11563
6024
17595
19055
5035
14512
7269
799
2249
17392
18661
19700
15576
4403
19471
8351
16705
20588
15783
3861
12462
3203
10430
10134
9695
15024
21538
9001
15064
14181
812
15431
2456
11132
11434
14267
10553
14796
849
4679
623
12898
11826
12134
11036
3006
20880
13062
21456
8735
7633
9880
11270
469
16162
394
2266
13128
2331
15830
14245
997
187
10304
18455
6499
15422
9685
19746
8444
11057
2830
10379
10616
14896
4605
8849
6149
3634
15716
13244
13559
4908
20333
12361
3287
22171
20461
1891
13786
13223
16674
16615
15818
9277
20714
7235
3869
20982
10088
2465
15938
21282
8734
13151
14805
3586
3280
2879
11718
18387
9174
17900
17722
14757
4132
9630
14486
4286
9192
22007
20990
5784
1739
4707
8685
9683
19403
11216
13172
22419
15433
1680
9434
1582
17536
5783
1159
12459
1640
17786
3589
19906
86
14098
3169
1980
6783
226
18944
8763
3122
13093
15125
7251
2256
8555
10485
15255
14790
322
792
20090
2998
4563
20691
21792
14518
14831
3659
1585
18027
6942
20697
11500
5600
12222
19404
11559
6773
20795
13927
3047
5997
13863
1124
18721
17484
12163
5602
21771
21693
16959
3837
4588
6003
18333
11379
14675
20085
21661
11455
4720
14147
3364
12433
5528
18271
13267
5069
4697
4545
336
15214
14187
19738
8545
10257
6667
7431
3542
5601
4262
12516
771
1778
17279
17415
6189
8153
18470
10439
20973
15580
9534
20293
10016
604
5871
7925
12550
4124
13429
7423
17441
827
17042
7026
13048
13495
19642
17385
17097
4608
21583
22270
17300
1595
19778
4294
2953
5138
12832
18545
692
558
10282
18548
21615
10897
19162
3384
9029
10365
12436
17834
15467
11688
14158
19580
3863
6085
12062
9338
21339
16911
4473
15739
15940
7194
14944
20594
15449
21477
13600
7472
21516
2770
1381
4303
14271
10934
21114
14816
12418
3485
4929
20510
16029
21373
19133
10303
15627
18121
1283
6065
15360
11163
9548
14128
19337
16286
9787
584
338
5470
2878
6053
14591
8563
5178
1852
1810
4001
20743
7847
12149
11973
18849
9373
17490
8425
13335
2675
20143
5135
13519
13681
17336
16417
5147
13086
18646
17442
1998
15624
6912
6553
4298
8449
6474
16830
17911
8174
12851
4911
18142
12022
22219
21601
17914
18859
13565
11362
19963
7945
18298
19441
10051
5458
10110
17305
4626
15974
6301
4004
9061
10932
4887
8843
977
7787
18822
12288
10603
8110
19810
13558
16592
3004
17501
17907
16746
3864
4629
6536
9769
5461
13736
21422
20585
6959
8627
813
18200
5713
14993
19531
7693
13691
6974
15823
17343
19255
1608
8781
12342
121
22185
12935
395
1485
1193
5627
909
8496
6940
4081
7344
275
16590
5630
369
7800
10419
6481
17937
2147
14962
16837
2400
18296
7459
5609
16173
19664
18576
20478
2856
4023
9320
10710
13762
19704
22463
8813
20257
13969
2844
11729
1511
382
20040
1902
18952
8356
22045
12477
8964
19925
18846
7987
9910
16070
1633
12749
15649
8523
6573
4462
14516
19723
18170
11261
7299
3789
1355
9078
3733
13228
10857
21067
11015
8959
4050
15782
20346
1142
12174
22201
17961
14023
11124
20861
19680
3510
7705
6740
3150
19416
4940
20497
12437
17604
2070
2562
21501
8865
1468
1212
20300
8155
1521
5778
11724
18072
12202
11664
21165
19233
21676
15424
14166
20870
6596
4645
2216
20313
14471
14096
2330
19691
12147
14554
17080
20094
2715
8358
219
1682
5747
4361
10900
22441
8316
18828
18310
18203
3978
4845
3033
291
21691
10877
10138
247
13642
16919
21307
10687
3766
7795
15671
22290
18779
20648
7374
21365
17407
9553
650
962
11241
63
8423
13640
13480
12435
5102
16581
7500
8490
18695
5341
15971
10374
20561
9026
20175
373
12661
13126
3933
14479
22443
20934
5855
630
9446
2954
1917
12759
12273
14916
2993
4689
11173
10730
4128
609
10888
8696
3476
2834
19354
10038
14081
13540
2091
14272
7712
21093
8941
11801
8488
20212
3501
10213
11662
10764
9215
6648
13205
8376
6552
2377
210
16385
19941
11557
12077
2589
19709
2409
12905
17478
13441
1479
24
17275
3781
4741
15169
4087
21366
10005
775
17011
14341
10049
13
19990
18511
20280
21069
21039
18497
1900
1551
21324
8006
10950
3526
232
11643
19923
4569
3936
4047
20706
21217
17637
11853
17462
4308
13065
13657
19214
6274
1490
19180
22212
9594
20843
13903
2913
12654
12938
21689
1657
11754
6007
4671
3246
22280
18409
6097
22061
11098
73
11723
20575
13395
11828
13958
13457
20630
22244
1137
12996
3342
4256
17117
2866
15234
20096
20061
20644
21626
4169
18080
10584
14806
7775
21522
5228
9813
8304
13673
18900
20286
10650
17093
19475
4345
20781
15004
21359
2160
9429
11032
21641
2576
5591
13467
11062
14442
4396
7632
9439
6477
10554
15483
17482
4435
19557
783
20151
3655
8489
15076
16733
8661
18722
11480
20694
11586
9510
19960
12937
19138
11818
19243
1944
1997
4235
20228
6012
5509
334
20569
10021
6649
1228
16703
914
1169
364
13273
1445
13116
12774
9940
20801
14709
137
893
5088
3465
14551
6036
6722
9098
3908
18831
11372
1800
15650
2258
4794
4704
5010
1888
21768
9702
11651
19773
5392
2144
4152
20565
13061
2873
5529
11280
14782
2168
14882
4301
7570
3160
18777
7961
12488
16148
19033
8486
6328
20397
18069
17109
2125
1324
12447
11027
2189
2029
16885
5039
18888
18873
7352
1125
10960
3272
22208
15762
5507
14180
20765
2437
18890
5685
8366
17450
926
21136
16968
21203
18789
10990
19984
7524
14575
13259
9984
15685
10712
18953
2373
22198
13560
17354
3922
3791
9605
7700
8066
16690
14923
16103
18724
4805
10893
19271
16391
17781
12764
3694
5830
15248
15318
11602
401
16467
12440
4920
21544
5534
14786
8920
6210
21293
10658
19886
22374
10983
17015
15408
6237
12185
13839
216
18960
13108
5351
5832
16078
14603
14580
20656
21814
20844
12295
20279
13720
8350
18913
11634
505
5476
5893
10127
16876
13073
17551
8051
196
6719
4196
212
12821
17711
578
16229
3636
7080
19306
1233
3520
4348
19452
21668
17674
267
15331
16864
3726
1549
20087
21216
19447
10120
11101
11315
12735
17247
14539
6994
204
18223
18138
14363
36
8804
724
7498
22436
16825
6791
19562
8068
429
11769
9426
21155
22367
14600
19932
19156
22023
8434
7155
22416
72
18432
19985
17483
12395
2374
21078
3986
11087
4533
8464
9323
18504
3074
3462
13198
6148
19879
14524
3098
17337
2416
18972
138
15446
9961
18363
9877
15466
21585
685
19881
17440
18725
16319
11157
12799
16272
14120
6528
11846
9679
9639
14686
17384
1038
4879
21712
11303
1386
5739
18416
12621
11162
10028
5163
20548
7901
13708
1956
13791
2667
6200
20841
10465
6352
11416
18178
12942
4769
7339
16002
12088
17756
979
10002
4591
15399
9431
1148
13930
4636
4141
7722
2276
19969
11035
15965
5804
13700
18544
11587
3767
1438
6814
11914
20305
2297
21859
11004
4168
13569
16996
13207
11765
14794
22370
22104
20456
7595
6348
13976
13961
15670
11246
1303
3555
20803
4220
22305
35
12784
847
13825
20116
787
18730
13163
9982
17599
8947
12605
19005
7888
10185
1387
8184
10912
12750
6764
5400
18004
5640
21256
3113
3154
13785
3663
21007
5139
21715
11451
14568
1473
7312
18710
15639
13230
14485
11066
17765
11528
20838
3615
8642
12625
13354
4112
10276
11240
18468
5129
19653
11175
16930
13819
21151
7781
14346
310
18480
20857
4912
14503
6540
18010
10193
5675
21254
9962
18681
19856
7323
21608
4767
16816
341
14640
19509
15735
14282
7307
10179
11871
8676
5514
17357
4699
8660
2889
18059
2676
17292
10597
7654
17132
16223
3482
6821
4187
10435
21218
18550
20156
540
11136
15475
13692
699
16479
14890
17879
17893
16743
14835
19188
653
5469
14756
21318
2080
7426
18707
20660
1508
14673
10106
3631
13278
20791
5968
18187
22466
1205
6096
242
14537
20675
9247
7053
4603
10387
8067
9560
4341
19592
3374
18536
19073
2381
12151
19619
12458
11476
22118
12655
4362
12817
12521
2972
7813
5384
3859
6146
6614
16728
19074
752
7278
872
20197
1063
3186
1848
7438
17740
16246
6998
10510
18161
11190
12312
22062
16972
22319
2151
1136
19655
16104
4518
2094
3276
7317
8990
5824
7083
4393
15963
21763
21654
9558
12818
19077
16461
17950
19125
904
14495
6006
555
14088
6714
9711
5275
18825
13304
7992
11125
1087
707
20709
17072
9371
8928
6438
16715
6787
465
12542
5493
14083
7286
7357
3236
17809
8807
16470
19935
6990
5024
20983
19241
16978
19463
18871
18022
652
8892
467
17780
16854
4698
353
3875
3344
19714
15917
20536
6967
5958
17821
5104
12255
15936
4370
10006
1345
2336
14075
14330
8287
12809
1967
9357
11028
5620
5413
2903
11920
9968
7615
7848
4681
1626
12194
13260
2598
6151
9054
778
19607
19219
18458
12427
20608
7435
9155
19095
19541
19096
14062
7874
6858
12141
15561
8691
16827
11336
10563
1912
14574
430
20282
9176
13039
9349
13991
21032
13627
5478
12684
10528
15584
22317
21741
15434
5031
14397
126
21241
9786
1166
6264
25
16018
18514
16193
21143
1189
17579
13809
17070
7529
1754
9883
2760
19245
13538
748
11011
4787
16227
734
22385
19661
10160
13109
129
20729
21840
14838
19770
14136
6453
18493
20653
19540
16063
3759
8605
17529
4755
11821
17719
21063
2585
104
6741
896
22278
5
13127
1710
5071
18012
22020
13139
3737
8811
15784
8279
7742
18855
1244
2921
21383
15989
22134
9264
22058
20526
10343
12614
4924
12017
1476
6156
1697
5369
8705
14915
9067
62
5051
4984
4514
6739
20913
5660
8227
10069
18518
6042
2673
19868
16315
13674
18193
1794
16989
7797
16012
13664
20462
13113
12027
16340
5880
15826
22454
20960
846
13364
10250
143
19711
11473
5926
13104
20396
4090
11529
7443
11095
9996
81
17933
19428
19283
6937
17121
7530
13953
300
4843
11887
13050
6383
3628
20617
9814
17433
2405
10884
12800
13680
4613
11523
7482
2572
15121
4548
5326
1026
3517
12424
184
21116
21476
5759
15040
43
11236
14769
15727
17262
294
17779
9947
20353
21134
10544
4139
1725
479
12609
10422
21193
12246
871
15594
10293
15736
15867
4816
8636
11
4915
5787
22286
10555
6603
4993
16519
16823
8183
22173
21778
13644
3121
5171
21645
19103
1875
7967
15560
18799
5007
20360
7085
6295
11677
15806
16427
262
19415
8792
817
16189
2748
10488
921
3398
10935
15045
7280
5212
6248
8896
5198
10977
12536
1961
18086
21292
1242
8215
15123
9614
13147
19383
17652
16079
6107
7836
18534
13643
910
2671
9748
18882
6892
17034
7122
4819
9735
6602
7584
20179
15945
12710
2739
17698
4796
433
10234
11660
13912
5877
19759
6333
9401
6018
5827
7188
14895
17214
9885
16645
6171
4456
11712
10041
11167
12703
11659
3233
17692
11329
19685
1920
15532
13766
18965
6008
9194
917
7558
352
22223
3798
4948
11958
11839
17261
17561
14127
4154
21396
7552
12958
18216
3492
4373
7074
18197
15699
15717
14592
2202
14447
9619
15578
11763
687
16165
4464
3181
21211
15421
7554
14257
8607
1118
2764
19449
7162
11641
21640
9802
14392
13511
10100
14659
11555
14939
3091
13100
13854
14901
15546
17852
13562
14109
17949
7841
20613
9287
1781
11470
11389
19300
14203
9689
5046
3679
8527
12099
1916
2442
13974
13102
3867
17419
450
2649
1105
4907
8520
14914
3925
21549
6442
22261
4342
9850
1617
5252
15479
19757
10551
18676
751
8084
5356
7809
12270
4782
10849
12630
7043
5115
9036
9327
17128
18886
18219
16180
202
1068
5296
20918
5098
13397
17168
4259
17291
6467
522
13597
3135
6459
2388
13015
12606
9620
5474
8036
15531
14104
11950
6302
21808
13308
16163
10896
18051
16024
3684
8649
4404
3232
5086
20395
3946
19620
22213
13525
5523
10140
7621
6587
11579
21313
16977
7289
21822
213
14998
2880
3174
12964
18637
3852
5401
17622
10128
14443
14265
15652
9369
15918
8632
2207
2857
18635
21821
10598
5083
9228
1646
10906
6484
12803
13465
10954
11467
5829
9682
14190
6594
10058
11980
2107
9288
488
6685
7369
8943
15492
3559
7004
11888
3291
2343
18803
8818
10313
10648
13079
132
1816
20900
20150
16158
19631
2971
9118
20232
19769
16355
15436
4728
4753
17522
17105
1609
1955
9497
4045
2833
15418
16984
15122
18950
3224
5801
11813
21842
5643
17963
19815
10475
17985
1827
19484
19252
22276
6612
3446
2898
1517
19616
3709
3256
21620
14910
17966
2485
7872
7585
11373
6167
4484
16247
15577
14219
12915
14252
1051
2095
13685
11331
21187
12679
14849
1963
11832
15836
21344
6954
14997
8982
9379
9822
15684
20833
7646
4842
11734
17952
1654
13962
21965
938
10074
19855
16316
3660
3132
228
13426
18715
2057
22112
2917
14140
7543
637
20178
13770
17062
14262
11782
16081
2422
6872
2996
8765
916
7518
13381
9917
14393
12286
4322
2376
19335
12311
5607
11070
10929
1402
5311
4836
12522
5556
7257
15651
17081
10494
12119
4703
9002
4761
19573
6445
4200
11212
4242
9162
10218
18644
16782
15512
2282
6215
2076
17010
8237
11266
18289
14715
2841
22445
19900
2812
15692
6708
19014
20213
1397
4910
1644
5288
6619
20320
21784
17800
3799
13265
3266
10649
8204
22338
858
6517
19525
796
4602
5176
11794
302
22107
16928
2264
16253
11679
12271
8499
3300
10314
14246
1086
19672
13602
7494
8144
12599
21248
10982
10907
11610
9160
502
8318
1742
13419
9626
16142
17619
19020
17782
15614
3873
19270
12037
1913
14491
10055
11485
7769
17295
9272
1364
15419
13294
6316
14327
1784
11272
18168
12229
12407
10869
4237
2002
11957
16924
9487
19041
4683
3719
4439
17108
230
17162
3241
10920
18429
19165
10386
10770
21196
18549
19939
2348
3250
14374
20702
7905
9244
6347
1889
12914
3868
8994
8220
9691
17735
12240
12739
6373
19922
20879
21087
10863
19013
19264
6962
4251
12205
1856
4133
2780
17549
13291
10673
16963
4513
7398
5096
5383
4167
173
2683
9108
15309
18819
16071
15922
2054
7701
7545
1649
13410
5349
2864
1062
18821
79
4575
10608
6644
18408
4097
8327
11709
13557
19158
15346
12952
13438
15308
16998
21010
16407
16460
17505
22218
8528
15871
4601
14236
4091
17520
16136
1370
2685
17361
5937
21249
20034
20134
8838
11144
16623
10768
17193
15096
21138
3547
61
2591
9227
17396
9731
13936
88
15713
1351
14280
11260
610
7048
8431
22126
3214
21013
18703
4959
10243
7437
18833
9738
13212
14027
12408
5714
3827
18272
3638
10467
5768
20276
10789
5149
10210
13778
19992
19967
16535
19901
14613
20180
20946
8394
19470
16568
14562
14021
333
1376
19940
8932
19949
2736
21722
810
12795
14324
17197
6542
14358
14011
19089
17593
9235
7006
6873
16613
7878
13858
4418
6323
10075
19222
5916
13033
11508
12029
3746
12840
8399
5118
10410
18916
18994
12093
5646
10370
15897
3546
5153
16438
22056
21170
9963
1329
7332
19957
13867
15277
19779
9857
3972
16268
15244
9090
7050
20274
22167
17495
2129
3503
16881
4093
9858
140
6800
17198
3381
19572
361
4799
12712
12384
10783
3610
13463
11179
13049
8054
22455
11286
11229
2185
15566
18590
21760
2902
1442
4173
4496
428
14460
16948
3409
20551
11982
20246
17113
4088
13250
16744
339
10228
4751
11716
7687
13668
19000
11702
10172
20216
19622
18729
7215
9360
11673
11550
19344
12794
6478
11431
17562
22113
15698
1308
5798
13027
17755
15583
20873
1602
593
17602
5963
19119
19654
14286
8662
18060
2613
7362
3630
3489
1083
1507
4395
3163
3043
20371
14748
1904
9
11967
22438
10231
462
11997
20703
17777
16297
20759
8715
3333
7409
9897
16095
490
722
15086
1568
14876
4006
15681
3901
16622
18694
513
3380
3784
20477
8931
9855
12848
16625
15581
22299
18717
8801
287
11545
15533
16960
9567
3585
20862
14698
15612
246
7934
7353
17255
12230
380
7823
17020
12002
11109
15568
20975
7608
17266
441
9992
264
20467
9173
15502
1255
9651
17984
9104
3693
13255
7486
12102
8188
19586
6690
13744
10045
1506
9186
12857
18056
10579
1886
2620
3201
20327
9294
16221
21662
14192
9364
58
7605
5645
16114
18663
5914
13561
15027
13595
12946
7602
1983
7279
14811
16862
2431
11785
14917
8409
17270
3857
12846
13898
18856
18949
19480
20064
2582
18117
2313
1775
5892
2025
2040
6312
21051
19565
2612
21759
2334
5388
11439
6317
1918
6600
17736
16770
15050
21224
15297
5429
12504
6548
11844
13530
20896
11282
9898
19045
19435
17932
9574
5596
14584
18071
4002
9906
17830
21185
3499
3234
15848
21026
9113
44
15390
10745
12036
18359
14457
17808
507
19366
16602
1749
4377
9986
8159
6684
13123
5849
12473
17939
10496
5752
13831
895
16619
10968
19823
9312
6854
15792
1815
12285
2984
3996
9983
10737
7375
21512
1975
274
11740
10460
21109
12705
10972
11626
19072
7274
19890
16952
11198
19544
17647
17059
1806
3551
22309
2537
22259
8216
10066
15252
10606
6345
13040
21199
3598
6589
15026
15656
18512
9923
4658
2822
6398
20314
4749
1745
18712
3283
11837
6503
20426
18332
8532
8515
17889
443
3957
10585
12383
17638
3878
8229
11311
933
5538
682
8291
18115
21160
4936
14041
1475
14981
15968
16485
3865
18277
7320
19767
19083
9251
1694
6358
22394
18442
6405
10077
21049
4874
4917
2169
20562
691
10317
16798
14114
3834
2796
8614
894
14469
7541
16600
17416
65
3419
1232
17617
17460
11903
15575
19115
15644
6813
12687
21436
16393
731
22164
20301
19422
1
11412
2177
7978
12422
598
2869
10619
4295
10345
17166
18844
17209
9462
21527
16727
16064
7618
16257
620
20210
517
18851
11063
145
4758
9473
14029
16741
14596
6016
674
7749
21272
6193
17601
15194
22246
14653
749
6625
14855
6844
19825
14672
346
19866
8808
7034
11539
10926
18672
16655
16910
10965
59
10248
21040
17754
6353
4656
3616
11046
18940
13857
18754
838
5215
19835
1985
8132
2915
3903
8606
445
12502
7721
5683
5038
21761
21430
8083
14726
15386
15344
20647
12176
16898
21729
543
11436
10607
6044
16187
8664
16593
8194
11633
6026
8755
19111
442
6621
7941
3146
4541
21166
19768
12930
607
4126
18773
4877
11623
5185
9161
8218
5107
6116
10836
911
9184
2597
10018
16709
2294
20434
21387
3911
16512
15642
8062
6057
10885
5988
2618
5756
13860
14194
2799
1470
16463
14913
14942
20679
939
3690
15523
13645
359
2056
21283
10973
14427
1234
6055
3413
11608
935
13603
9073
6218
19316
17335
1035
9752
13279
12179
1636
15387
101
6712
20133
10953
18175
11106
17151
5987
1651
15093
5658
12086
16580
7723
12067
13834
8842
12434
6493
15521
6099
8786
1866
18954
17848
10701
18624
420
19677
12627
12921
15539
2624
9918
19722
18119
10105
21769
6584
18118
6885
7107
12714
11099
18425
19553
21206
573
3894
2461
840
12543
17576
15994
14384
6875
12945
7677
18979
17249
22331
823
9736
8139
18164
10495
14307
13743
21593
14400
18538
5671
10774
6443
8297
12867
15037
5925
21229
15389
14285
16847
6299
5900
13982
7427
8003
5558
10008
3825
13287
10903
3397
12868
3403
12012
15184
15690
16222
2158
1408
18025
10353
3595
10797
3606
16676
5720
6303
3966
14844
22047
14432
18430
9993
12740
20233
21659
14522
21938
3870
733
16102
320
17888
447
17079
18948
11755
12853
14801
218
12720
2931
705
6058
6448
16069
9593
365
8980
245
18634
8910
16310
3955
21154
15215
15458
13653
4352
4857
16983
7394
21515
21646
15931
13548
4212
12080
12341
20097
9285
17908
19743
4770
30
19814
5295
3474
16404
12779
22109
8885
2310
10622
10814
10498
14851
7643
16982
5126
12842
14239
11398
4676
21192
16062
20619
3786
8737
3341
21020
1043
3
15055
21062
14316
1637
5731
22194
17632
12929
2306
21910
21974
15878
20522
10911
13864
21128
21491
4021
6753
5407
9741
7347
11273
19081
14824
17958
14547
1092
20098
503
709
15363
19060
11391
14648
3173
6046
11783
20856
8698
9641
15279
17666
7471
621
16605
18111
745
6933
180
20812
19753
10390
4706
12225
16398
785
8988
7291
13418
19583
12708
19319
8984
17338
9956
10504
14258
12577
22013
1251
19628
13003
13777
22360
19559
407
5858
2446
12525
16866
2362
19296
22242
22400
19182
9149
3724
10757
18154
587
17507
119
8967
12923
4734
12500
16664
13026
16492
7244
9959
8135
19080
22226
20169
6023
11773
12585
8615
16120
16290
16209
15016
3365
7417
21334
19663
7561
7760
13036
2746
10748
20943
16016
21742
52
10637
7670
5483
15720
11449
160
9764
21271
17771
6721
9319
9120
2064
7095
471
21408
403
13550
12862
20645
18986
7614
12455
17244
7656
13058
15547
21496
20454
12993
13652
6212
13394
3495
2592
10915
1379
9871
18585
14608
235
18911
15008
7537
20937
1533
18643
17466
2118
134
17606
1401
18578
11119
6090
18211
2587
19004
8170
1300
20989
201
8033
4147
21797
1018
16867
6922
13879
6525
5962
22149
10448
17039
7699
417
21911
19603
9580
203
14356
4332
3749
12531
7400
14284
19388
18273
14022
12808
7862
1561
10449
14070
19093
7731
13415
1165
19737
17074
2887
1673
14932
17673
2807
13651
15196
4891
15647
17380
6138
17762
5929
9389
9028
11931
21074
5761
2223
17683
13856
350
19359
19871
4846
11377
185
14440
171
6656
5156
6560
19152
19461
7139
8182
4981
4176
4007
9143
2355
14530
2071
12789
21743
641
4278
17915
17140
5477
14808
19134
11012
10165
3929
7838
11244
8142
10107
11482
3558
11059
16475
387
18531
6574
15543
970
19876
9128
9425
16019
11530
4618
10249
7184
17968
1187
7483
19220
5520
10484
19489
8415
8245
2738
15536
20808
1946
5122
12807
21070
18308
8641
12196
16799
3896
12456
20317
10406
7515
2489
17639
5044
14498
16032
2959
5148
15148
8663
14129
9124
20253
17451
10308
6563
15675
680
3622
17877
20018
16813
4226
3039
5639
16188
18541
18097
20088
13929
5595
20250
297
18657
3162
9442
16598
8028
20152
8312
7582
17303
14747
19092
20316
298
5637
11649
8935
8651
4538
164
18266
20516
22375
15126
17594
4577
17620
10065
13931
4963
20511
9168
10267
2809
6202
12834
11905
20076
18180
452
1635
4211
4065
17304
2325
18246
6458
6863
8322
11378
12047
18403
7460
14211
13717
22168
8592
11540
18039
10552
4855
5758
1705
11306
16950
7938
20108
19469
12693
22237
21667
17974
22155
18771
9874
7284
8396
11426
1876
5902
13828
7906
2539
11770
11856
14922
15237
14389
8833
17850
18734
21140
4659
10423
4939
14924
18107
20909
8221
9709
14893
17334
15271
21120
15009
6355
2205
20319
19845
18238
3797
8538
7681
13716
20237
11043
21212
12582
49
4691
18449
20153
10255
191
16595
15998
8700
343
20340
2367
6166
6082
1145
10166
12484
18123
7191
16248
20224
1881
15886
3677
948
323
15880
19652
15753
12399
10470
17663
19369
13750
8726
295
3554
14982
14484
18191
3839
1672
19030
6162
21534
21343
1515
1863
19556
17912
16026
11150
8689
16361
282
18152
11776
11750
5623
17317
19305
16737
5705
17967
14661
2820
13817
5622
7186
5848
10142
14228
14305
278
10385
16585
4614
5736
2925
303
18786
22170
2126
1901
342
17041
16906
2193
20072
15410
17774
4192
8823
9545
3808
3757
4415
13621
7741
7789
16419
6886
5881
9466
22318
18228
15325
6816
18747
6344
19579
3223
14167
11923
12016
8744
5986
10274
4976
17725
21361
6957
17057
5535
17476
8328
10089
16764
16109
1053
12847
13292
906
277
5322
8081
2477
12727
2206
16761
11744
1877
21651
12858
4880
14168
8171
9353
9697
10507
13768
10399
20104
21479
12850
20458
7555
16477
776
10039
20368
1994
8889
17897
13168
2639
13347
8827
14401
7403
20642
18917
498
9921
3502
15212
16828
8779
7204
811
3713
14472
7367
11650
12730
16638
406
5850
4449
16987
13893
582
22169
8038
9093
21537
16495
19499
5956
4250
10333
17922
13053
4969
10331
4520
11768
21348
13194
11255
13117
18963
9678
18748
14483
11952
8626
2063
828
20483
10256
11878
8911
16242
11596
13498
9025
8417
20135
21979
6125
9806
5290
265
3219
11667
7069
2737
21878
21234
21854
11590
9872
4716
14241
5809
20650
3683
220
851
5780
15302
17089
9239
17216
15520
11197
6043
6239
19846
22121
14952
3252
17496
7316
15564
16684
6190
13165
18854
21006
3212
14061
9126
3463
12321
11753
15554
11320
2969
660
8353
12493
18486
6050
19878
21174
6152
16273
22196
3322
18431
984
9267
8699
2339
14268
10468
2458
3257
12653
1683
20626
3305
5531
591
3368
6615
10141
3199
19436
10855
17971
21018
18404
14837
19675
19809
2923
5218
2464
16156
1914
4077
15904
7300
18082
8302
102
8387
12092
7228
21877
14815
13552
13235
17625
3963
15090
1291
21246
20554
16200
11964
13110
376
15417
10589
10426
16802
20840
19532
2560
1833
5359
453
20858
22018
10320
2439
10850
9864
19051
1257
17730
5557
16374
18584
9888
18903
15440
1834
20243
19035
12425
21664
11088
3337
1960
21157
6335
13340
19505
11414
10030
7386
10807
21481
6067
5774
15927
12416
21050
14842
22222
3821
14149
8975
3289
16372
20267
13171
16769
12707
19551
16167
5661
8795
10724
2721
2662
12123
16348
4991
6307
2482
2600
7440
1394
9063
12998
21119
2359
17212
20634
9455
11104
17135
3573
20402
9354
6944
19295
16892
12650
3543
16714
19301
15726
13046
16541
7052
6213
12718
16122
14431
4951
20718
13216
11237
14405
13496
16462
20542
14864
2753
19547
3053
4157
7513
7383
8056
13551
16346
1448
10930
14
4625
11684
16899
19325
12049
1793
1599
11289
9725
4457
1670
8290
11135
250
920
15207
174
17388
20083
9299
13928
17122
7030
4202
7258
15112
5978
13319
10571
18093
1978
489
10803
4586
12889
19564
18921
14628
14497
14764
22146
11350
9901
2688
1558
4552
7628
14221
11060
20641
8012
956
15472
9240
16065
762
8857
5111
13138
17218
14931
6628
18961
9009
20792
19744
5132
18718
21686
9303
3221
17627
21923
15872
22440
14151
19351
18304
15588
3226
7753
7134
601
4376
2824
21787
3537
4719
19798
14095
19515
17013
9043
4898
20819
18347
6833
308
999
13472
7360
11245
19727
11979
15601
21084
8788
19851
21726
16342
8819
4441
3014
7350
120
6339
11408
10292
8687
10440
21751
18334
884
21392
14473
14646
21022
7750
2941
3739
14763
10615
20412
11779
5966
16164
3070
20837
2619
22310
21420
6755
16185
16135
14647
17111
7807
10561
10839
10378
8869
7802
15961
20284
16979
7473
2981
6063
22211
6
2119
12300
1361
5160
16352
16321
7213
16869
3010
11867
6704
15562
17540
14281
885
2472
13453
6160
19050
20386
19291
13365
10139
3533
14033
1597
12977
13608
15216
16042
19841
6758
17456
1471
20643
19638
10514
10689
19774
18951
14260
8346
20073
18829
14954
5730
11188
20582
3728
2395
2803
3267
8049
2078
17724
9451
8013
2924
6108
11333
11110
18393
20012
16630
3159
21818
13813
7912
17391
7076
16416
135
13610
13800
2028
1689
20189
18839
6577
15291
2997
697
14407
18102
7252
11816
14074
3259
17299
5726
331
5874
15705
14695
12140
6633
4967
20564
19318
18897
13377
21275
19908
19710
15012
12691
13004
14854
1091
7296
22009
2468
20985
3496
8231
8587
15232
20492
1733
6632
18224
14951
3884
19800
15579
7842
971
18337
15150
1047
7910
16333
11498
2082
12920
172
11084
1024
574
4109
1126
17231
16506
14545
22042
5067
10043
11277
16370
4019
5257
8266
8498
6070
1658
22120
9646
18103
21895
18945
9559
1544
11949
9086
5619
14116
14569
16717
11860
21059
18662
6840
10261
3717
8953
19703
13951
21631
6119
15677
19327
4095
516
15198
431
9631
16482
20019
5465
1803
19492
21936
20681
18891
6651
19278
9241
15439
16657
9714
20903
950
5870
3405
19789
3536
4909
22330
8708
3698
6807
10779
14205
18160
16360
5308
11962
17903
3076
17331
5564
15091
22283
6829
21121
74
809
10904
20669
10700
13359
18452
7864
8667
6766
12878
19657
12307
9960
3676
17060
17142
6522
9109
22388
12689
22415
5019
1115
8100
20770
15054
21046
484
4551
11264
21115
1779
9980
5225
8613
16128
6242
2000
13728
15999
14595
8101
5450
12526
14657
20708
18029
21243
16238
13483
880
1969
8939
21708
18205
6703
20651
8137
19588
20722
18636
7672
18274
16701
19676
9076
14306
5709
11368
11804
1714
13468
12181
12812
2653
9513
14862
1921
6857
10799
12989
2157
14819
4524
5935
19197
4412
20013
6717
9912
6748
2640
4983
1289
15110
12972
11536
12845
17943
12948
2550
3126
14946
12824
21713
12032
3862
14970
9668
2115
2546
12507
18303
16481
11419
12580
11231
10838
8758
4905
17658
378
5291
11466
19001
4739
17528
12419
5944
19888
5563
3459
20122
7467
22176
8780
8410
15846
14774
7023
12199
20622
11186
9547
1168
21177
15514
9300
13509
6470
4774
6030
21528
11582
12622
10661
10264
10626
11450
5854
15831
5931
3213
4882
6796
18668
12928
12555
11437
2652
7504
7852
12762
5472
5826
21259
13938
6823
19805
20987
14331
6041
16258
12075
21907
15372
8924
5379
15966
19109
236
17421
19314
8880
15278
14751
9135
1312
6233
2247
3890
13821
15213
19406
9453
3023
5508
6462
12094
7998
8711
8712
15932
10938
14087
10694
13460
17375
18517
8908
15574
15962
2679
3170
18853
10135
8608
2724
9550
11913
2059
22414
3692
13206
3396
16967
11083
4017
18095
20075
2521
7089
8820
3949
2131
13631
5231
19437
21145
19315
12969
8860
3937
9859
6476
1352
16260
21221
554
7413
12908
12478
873
17598
15323
14626
12790
2021
10032
4960
10945
5785
9773
3732
17352
16925
22192
6518
15674
8471
83
4315
13822
9999
16478
21531
12866
8310
11356
16007
679
6206
14076
8211
19269
3318
11593
13852
13902
20529
14878
21788
3899
20055
21236
18461
14490
17506
4316
6180
9552
10657
10583
14652
19645
12786
17845
6113
13191
7755
12284
206
21057
13329
12783
3934
18113
21656
16521
13166
15470
14634
11374
5455
18131
4490
15754
1503
13968
12816
22010
11285
2134
8323
371
8557
11253
5669
20415
9790
20815
15328
19979
20118
9333
8956
18478
4516
834
19528
4207
22393
20163
17269
12702
7081
9848
18931
351
3977
15655
4214
2547
14976
20481
8552
8798
2703
14979
7387
17037
248
6965
10208
14152
710
357
8784
14344
15382
3522
20809
4016
20556
9484
14809
16206
16126
6851
1842
5451
10275
8317
17327
3548
2927
2875
6926
15756
18577
7728
18658
13764
19702
7509
13910
21851
19649
99
11310
13827
4149
5732
13756
11766
15051
18227
11034
5339
7338
10549
18974
7946
18713
13639
12826
358
6669
32
8670
14195
15553
21035
17004
21181
4305
8875
2346
11845
22245
21509
1198
6461
3242
2897
10711
14048
15281
8844
8512
10059
5486
8152
14622
8477
9279
19762
9268
3587
9395
7248
19236
20429
11666
7812
1685
7141
8288
15972
1656
14145
9305
21164
117
22342
21779
6072
3231
13462
16529
11375
20733
12019
7932
9308
11495
12475
3090
12487
2060
1110
16199
9522
9337
16520
7776
22365
4318
15526
15099
22055
20308
8186
1009
10118
8185
6592
21180
8175
1939
8864
9060
7337
10513
3680
16426
10505
8418
14445
20798
16009
372
10980
18325
12696
7474
362
21589
19587
649
21404
6914
8439
7195
5342
438
9190
1660
17087
5255
9363
17383
2361
16596
7136
22354
270
5432
20144
3360
20231
16270
14850
14493
21427
8730
18490
1270
8222
15423
16343
9129
11475
8102
12262
21247
8443
19205
14685
2583
7503
11800
11189
5030
5843
12101
9819
11823
2006
3993
8181
21765
12911
11694
8974
11001
15805
3262
506
21561
7216
9706
13747
20344
16155
7455
19944
130
837
20836
2271
14293
5244
21721
7680
12160
18826
2852
4612
10586
11848
6231
15672
1377
7218
13233
15394
8332
17465
4867
4914
21809
22327
10265
14016
7327
18214
6001
15505
10487
14111
477
15163
13874
10653
19242
7237
22356
8907
13662
22285
13156
10564
21699
21299
20872
20823
4893
13965
13217
4500
2455
13072
5317
17587
4542
10512
1457
4977
8273
12423
8507
6935
13806
20977
8717
944
1221
7557
13014
10752
2883
8164
6031
20254
197
16377
6895
3886
19575
17321
18516
1858
10273
15511
594
229
15773
6694
189
7355
3339
9635
1494
19884
17643
14534
6219
8189
318
11707
7198
13494
9971
22200
9569
19267
13261
8960
20252
5227
12457
9952
11074
4651
4433
589
9282
2663
11177
608
13985
19066
1621
7356
18015
21286
8000
12040
10241
8336
21161
16282
20736
5856
19756
22002
21231
6866
19739
15402
307
20438
3007
12523
7765
9774
19926
8566
8391
4131
20378
5820
1860
19280
9836
5501
13719
15412
1577
523
11535
5292
10389
317
7201
15420
10283
7547
16251
11936
10506
5294
13722
6291
14644
5425
13119
5895
4653
18597
612
15988
11363
3358
7747
14342
18936
7565
10676
5912
17878
15909
20401
11585
12893
22177
16144
3829
2081
16778
14467
7422
9784
7154
20489
21227
1041
18406
7
4766
1894
21524
8782
5237
20821
5948
18311
16303
3030
13193
20166
5532
7549
144
10735
10015
622
9713
15159
12267
5274
7470
22337
16406
15056
21957
4440
22094
12413
8522
5123
12128
7179
15290
16710
8388
5187
40
19747
11621
17139
20129
367
20592
4517
5724
9566
4483
13939
13405
4061
17885
4330
6891
17607
20923
9087
22115
1964
13769
19043
16863
808
19292
10355
4540
8276
2625
13478
8454
17241
18698
22210
3270
4598
12719
3149
2284
17229
8866
4466
9068
8492
15817
18264
19372
2965
20797
9151
11713
18629
21690
7165
8106
5297
15749
22437
14749
5110
3316
4688
8845
8778
18479
9625
17294
11461
18762
21510
18388
1272
18306
9254
6076
13118
12301
6663
5090
6168
13238
3795
5075
11247
21311
20325
14705
18675
14768
12860
13005
16381
12042
315
14758
19520
8166
17049
4071
2488
1792
21511
16826
18982
22272
424
15586
11342
21172
2698
18804
5289
5495
7247
2718
77
19777
11116
14044
1014
21517
992
16557
18421
18894
257
21727
4198
18260
22425
17866
14311
312
20304
5617
9616
11281
1713
19007
2611
4334
22435
5614
19191
14957
10872
18673
11609
22307
10450
19598
1516
8574
21736
10509
21687
8197
4323
1671
6803
21323
6597
8234
17833
405
17714
20390
15378
11929
3774
20537
17554
20017
20602
9031
3012
21371
5203
17667
18791
1600
10517
8411
19822
15223
2254
21393
9150
17129
3662
13057
9452
913
13414
16939
6837
21816
5250
15474
2633
5453
17190
9212
22265
14162
14015
11238
8985
19643
15778
4142
1095
21764
17252
11145
8568
15
4840
17316
1874
3279
10270
22233
7123
7636
8445
14012
19432
15317
21548
18374
10718
1923
10921
17614
2894
444
5373
19610
16628
8695
3646
6999
20425
3654
3469
21242
16
14499
11991
13277
19107
9839
14984
19075
16154
157
22418
12026
19997
14249
12919
1078
20260
10668
2391
4941
19977
7684
7988
5105
19882
16186
22114
256
16777
3969
14593
16641
20962
3475
18055
14177
8257
21315
16447
9311
1601
3071
8403
22001
18938
1789
11788
2531
10860
18910
1395
16232
17350
6808
2977
19627
5970
10781
15156
18827
1262
14552
9976
22247
15645
15791
258
311
19690
3451
11977
825
10946
21112
770
15158
7283
15704
6948
18475
402
19883
10959
8324
19183
2929
22302
11537
21674
16388
11908
10371
20864
14269
8937
19634
2018
18889
15168
4357
11808
14766
8544
15049
7250
9761
10708
22101
13830
15000
4289
4597
21314
12633
20739
368
2345
10672
404
19174
21214
13881
18599
9997
7156
5325
3468
18258
7566
9183
3519
19629
16597
9915
18034
742
11332
1121
1093
1103
21351
12335
9419
151
12987
12608
13865
5417
8640
12557
347
20636
4633
8249
19731
11206
11309
19412
21732
20211
9570
7665
1162
1977
15807
8389
8597
2245
20334
16833
18108
10412
16034
19981
3995
987
18126
14919
17776
18716
4328
21417
14953
8148
11899
288
16111
14340
1220
6404
16678
7892
2749
243
13189
10153
14643
22086
6920
9385
8783
5823
16886
8668
19726
11200
9676
15206
4325
10621
179
15565
5515
19829
16356
16400
21724
16524
9584
21122
16993
2545
5409
4931
4172
1851
585
3082
5500
1223
22052
18581
3876
20031
12033
530
1691
13599
12431
6429
20724
5261
19333
12950
19590
4239
11687
19891
4413
10985
188
4191
2608
10917
892
4307
9615
12469
14818
17654
18770
14097
1603
8040
6495
16757
2711
6136
9596
2127
21865
17277
1443
22467
21824
20014
16552
4309
4988
14832
16047
13896
5211
18267
5378
726
18946
975
3545
16633
6862
6566
4453
1139
9650
1731
17302
15162
3156
4338
7685
17959
21541
16397
8674
13992
15151
17031
2460
22369
11148
21368
5492
327
19771
3958
18720
6938
5459
7661
5917
12742
5967
22077
1365
7428
13167
19865
17169
6756
17263
11797
1003
10539
20761
9345
9301
5989
8620
1123
4180
10670
18405
3708
7682
4736
21639
9754
19965
18823
22241
15425
6562
7536
16130
14409
6993
1761
20907
5003
21985
698
20244
18377
9665
18328
4640
2365
22389
1968
15047
4530
15504
237
5868
10588
13887
5822
703
7308
20884
19741
22277
9361
9703
11984
2007
20255
20262
13030
9654
11448
4668
22148
10222
7508
17716
538
1953
13959
4779
10263
19964
9943
21497
17333
5697
7203
3420
18077
14047
822
793
17840
9828
2955
13504
13161
10707
15929
19368
9659
13787
15925
2288
16150
13895
9541
10525
22405
6112
7907
13200
6330
9121
17220
17745
11627
6871
12496
17021
2946
10437
8265
10321
15369
18194
1082
8973
6901
3480
1431
1293
15409
5831
6804
13074
6952
1989
8553
19678
7192
7574
17201
15432
3089
10894
15107
20971
16721
46
6318
15391
2650
14632
12916
1538
1817
9869
9039
108
18030
7568
11594
5410
16771
16661
19167
8579
9831
10457
306
12009
21755
20898
8253
17481
13734
10184
7065
21966
15746
2579
9732
15217
3354
6139
863
4515
18664
16289
20309
10109
5572
21890
6294
16564
15688
12441
344
18313
2065
2167
9136
6272
17173
12782
4827
5777
11014
14687
10629
11086
17344
3387
15238
1898
18262
20845
20290
1722
19476
1245
14635
20543
2603
6900
2732
1491
9471
12495
18172
3515
17178
8547
6413
13654
1684
17923
1769
324
22329
21867
10759
12728
4343
6928
21518
22038
17909
19303
8741
9928
8262
5002
1822
2689
1201
9131
13143
19903
7999
19950
16362
12076
5585
5894
4232
254
8815
21
13098
6280
463
7405
284
6111
20164
17056
18235
14529
3964
2225
862
21303
21356
1586
6995
20885
1424
12234
7973
6498
3081
12210
5800
21204
21445
11442
1499
15975
4319
6396
5162
10203
4443
20182
3907
7446
9712
6997
9617
18870
14150
12347
19244
15304
21110
16729
8381
13076
6826
3842
22384
3614
21706
6947
20272
8019
12
12448
18089
9430
5923
9824
4018
8078
21399
21381
10988
21124
19398
5971
12540
18689
15777
6068
19781
3026
6276
127
12662
5598
12624
15772
19567
3307
6311
238
388
5704
9607
19892
16518
15243
13949
21893
14563
8086
18615
1840
12175
15877
3131
1107
16913
6677
21414
154
9123
13523
15303
16099
19330
20518
14803
11631
13112
17026
21205
2926
883
8092
12472
4900
19543
3900
13754
15478
10031
10001
20632
866
9110
15984
3404
2596
9033
9248
13582
15235
5652
16949
15242
8997
17924
5608
2293
18647
19978
7626
16344
18383
10811
10220
8206
12864
13591
10949
10834
12761
1750
18190
5029
14376
4906
6713
2186
20596
19473
9936
5510
20380
21088
13237
11294
9533
10444
8790
8259
19490
7411
16402
7645
13363
19671
205
4382
12348
16177
1316
15524
2378
6533
9139
18188
20855
3392
166
1100
8334
5070
422
17689
3455
16020
17090
10395
2616
22449
18356
5536
4246
10577
5150
22188
12546
10151
2575
20488
15393
15349
7315
21485
18973
20266
21681
21536
2750
9557
5537
20889
2072
4119
20847
17881
20688
7108
11554
19555
5771
97
18165
17695
10471
3439
21162
11642
2432
14130
11196
17523
3787
7859
17626
1069
19009
9399
18850
15722
12597
7736
2351
16673
21176
109
9882
2124
9684
13792
2594
13868
18539
1119
21944
21175
13247
21281
15797
11909
7109
21298
1937
1017
6720
3841
11118
9146
14350
14654
9801
8004
11073
9125
16358
21327
15430
22408
19218
2976
20892
8509
15731
7014
13248
16307
10886
22161
5947
15338
13479
15865
3588
6951
21033
21308
11506
16801
5021
11580
18991
6432
16044
16762
1760
3391
9281
4064
3633
19226
17738
19418
6605
14883
8326
14986
2756
15157
15903
22450
7981
14229
11859
16473
3716
9535
3888
21873
2109
8289
3094
1571
4031
19478
18440
1209
18995
6037
21043
6561
15850
1879
9047
5582
14230
17085
14067
3449
18255
8367
9199
9485
7908
20162
17086
16351
16514
11187
22
3577
14800
16191
642
8133
15280
12553
10131
16418
16856
6078
2270
11701
10121
10491
5888
19387
4402
14462
21588
12320
3447
7531
15127
2872
22216
6290
11284
21048
20296
18122
11008
7458
4549
15321
16810
266
21385
12758
18981
6693
493
4076
10012
10126
2327
16484
6687
19670
21285
21188
21847
8145
19686
14072
22139
15908
12695
11279
10937
14663
19673
11516
16578
15569
10573
5955
19948
15603
4327
10664
15294
11726
10347
19873
16291
773
13196
7064
23
3743
2684
13466
5898
8972
16003
13601
10537
20417
15017
321
19646
8503
7484
21255
15105
12933
10306
2459
8686
15175
15258
1532
12353
20168
9955
11077
8283
12880
6357
3417
14928
12014
7788
19057
20342
747
6244
9463
10186
4266
14991
19208
13099
6391
9500
17858
10230
17896
22404
1393
12514
9316
208
17345
6970
3084
6198
21105
16067
16088
12776
7433
2986
15351
4808
7606
21147
14892
11906
18096
2142
19987
17469
8895
11974
9326
18631
14517
17095
9348
6420
89
7094
12073
7620
9660
14938
18641
2487
18976
4725
17110
16931
10663
5337
21065
5680
15088
9097
20637
14034
5345
20029
21207
11058
19052
6743
3108
7698
5370
11269
4507
16559
10655
18132
4134
17534
4351
10137
9788
10864
9256
15856
20910
16364
20071
1650
1211
17014
5748
4506
20466
2181
4059
15218
12856
10826
19224
10192
3919
18253
27
21386
16476
22102
20950
16469
14535
13199
13513
18352
9990
5449
6034
4894
4460
21785
14207
8087
22154
13002
1088
18526
14971
19198
10905
9642
16357
11102
10614
22106
18928
8633
19127
21454
3830
16408
14558
16534
20894
455
13775
20460
6668
1812
5961
4171
8080
15673
17402
125
14164
11151
15083
7120
13239
18344
16261
8294
3916
3235
13735
20927
8905
3375
18394
14279
20677
10432
14589
16669
4350
7799
8377
15454
5347
6618
7487
20238
1446
18612
10656
17349
16912
14787
7325
19549
14314
8421
20377
14509
5541
13331
13408
2674
12547
5576
14121
8015
7466
2447
8519
6386
11007
10362
16134
8918
9420
9383
14198
10827
17513
18392
3745
7949
17861
1059
19976
964
21573
1253
10062
3215
21222
10171
6056
3303
20337
16449
2398
1055
2908
5221
5247
10727
529
14065
10901
11000
4317
16589
18772
5166
53
7840
2337
4783
5323
7637
6777
11866
14722
4374
11644
18751
5191
9219
16217
5226
20881
2372
7097
18100
16883
7365
5813
18820
11817
7931
1248
16403
2730
12688
12970
17144
14185
20176
21975
14001
18019
13051
2983
14117
14232
17828
7463
511
21942
9645
2848
13047
2371
285
9502
19468
11665
21322
20067
15116
9298
6575
12308
12881
16921
21630
2050
965
19896
13037
14525
5945
414
56
19596
16429
19211
5439
16887
13490
10813
4265
12161
2552
12601
21412
4570
10987
10376
17181
21946
6298
15103
19885
17340
18659
9203
18210
11040
18339
4037
11100
5005
11210
21632
8375
16098
18932
4547
4083
9230
21470
21377
11195
10183
12001
17347
7178
3705
19425
11786
175
37
18053
6361
12509
19309
2682
12011
20173
9578
20711
17860
16985
5093
667
14557
3294
5879
14531
16159
5406
6320
21042
7538
18302
4108
4854
13114
7199
19681
7833
21915
3521
9152
17051
10832
874
21031
15119
391
590
2697
7207
18553
4498
3191
11510
22399
21034
15490
19966
17475
2208
14446
55
6049
16041
10560
7277
19231
6341
19405
16181
3735
5745
8757
9710
9938
5334
9197
18930
8232
14092
21921
17038
15625
6763
21252
3691
16608
12896
6321
4190
1922
19181
22417
12444
17459
8442
17514
19530
13833
11166
16207
11322
18959
21233
2664
8536
17547
15837
18505
15747
3251
13698
6662
13634
19514
20171
4028
5561
15134
8169
12726
363
11096
21756
17768
13122
3320
15444
19086
22053
18033
255
5546
8535
8728
21609
16945
18907
20367
3395
13299
11031
4616
7868
17759
12204
6789
3681
13484
18167
2606
11865
870
1780
15341
11165
16437
3643
3906
14480
16203
1258
7104
7880
3850
8235
17160
15948
9127
2338
8469
18474
18967
3052
6899
1703
15010
2890
314
20930
7399
9428
2723
11293
15211
7951
18574
6132
69
8277
2990
6981
9780
13000
17068
10405
21683
5344
21274
16685
17874
11727
13137
5498
22306
7816
15189
17210
8383
18572
20942
11520
19919
2778
14308
13510
14995
9519
2567
8296
4830
10870
313
19720
21330
12974
18561
12673
5208
483
12429
3729
19457
5851
9193
15620
16750
20895
6409
16981
1302
18360
4754
754
22256
5280
19582
6376
13008
8897
12877
6595
15769
17430
1042
13776
6283
11645
21127
1094
233
3887
7229
12486
8104
10
12188
943
4790
3011
2192
22301
186
3494
19343
17544
3753
21959
9638
8646
14799
20826
9663
16573
11287
18323
14639
16759
9356
16508
15544
9262
11228
5016
17899
20785
21838
1008
9833
1732
1708
17581
9601
6095
5362
8773
9501
2096
4760
12023
12545
9217
13687
7727
183
20068
11298
18
20887
1537
2985
18783
16647
9842
19522
19959
11137
629
14218
8270
13588
11605
10280
2686
5009
15247
7342
9021
7111
1700
19338
13536
16890
14550
12127
20218
3580
8961
14961
10492
15506
669
1772
16455
723
20633
3666
10246
16643
8180
14410
12390
6564
15590
17588
20571
19071
11767
20779
8072
20744
17088
9825
1667
17405
6898
9649
10503
4664
20435
8732
15306
3651
2564
21409
199
13309
12940
13883
11218
22255
5953
19104
13984
13711
4099
16052
7604
3823
9753
11113
14925
9058
13258
6760
14918
6606
10281
7488
18908
11152
11599
7164
4491
260
13321
14975
8271
7589
4020
9757
4590
1464
18045
11890
17784
142
5097
5304
1399
10562
13845
11771
10519
19312
13406
4166
15957
8440
5073
19474
3433
18645
15262
17509
19340
15658
17159
20196
18638
107
5521
16420
10594
17390
4532
2601
12317
7210
764
14077
21225
9613
1523
4419
12753
14202
1675
13537
8671
12000
20047
21163
8143
7920
19288
15765
16001
20780
8173
16194
9003
14386
20392
20917
7147
7895
6921
6349
13808
1870
16464
3003
11657
2704
17003
21424
17545
13339
18112
10174
496
16073
6931
6091
14885
5499
12405
11601
985
5519
772
17016
22401
20969
7914
17410
10414
9511
95
215
18044
20584
7497
17686
12685
19795
20555
11343
1614
10777
17206
7913
7922
5940
9599
15442
3088
13450
19760
701
20105
211
19833
16234
42
4384
6130
10786
17758
16712
6976
17102
21829
7803
4054
1459
7664
14714
17603
13101
2609
16779
10388
11778
8722
22392
7495
20834
21546
15144
2850
15018
13432
9705
11747
1174
12145
14289
2492
13765
22460
1274
14776
8025
14611
11312
15616
11185
16301
10805
6019
17856
21614
1236
17991
18457
2712
18136
14581
19175
21369
5078
22089
3028
10284
10091
7276
18125
21648
2773
6360
7598
21803
17411
15191
16204
18543
3141
16139
18942
10516
19968
11208
8893
20888
4463
5825
18621
348
5577
19483
3664
16900
13305
1192
12603
17219
20848
15604
11910
7379
4823
21964
18537
3695
4238
17589
18217
2860
16817
3128
18863
22137
9922
10359
3608
14051
11156
4472
2233
9056
7957
17693
10743
12265
2170
10382
8179
22316
17364
17951
7791
11791
8130
13866
18924
11235
2451
13846
16027
3274
17732
3847
16006
4101
2743
2335
13742
6293
514
16735
21092
20049
17458
15840
14840
21850
6106
12135
3874
17221
5381
918
4502
11168
6395
763
12613
11140
4685
14043
20678
20773
21719
263
20226
1309
13209
14729
20758
16530
9573
3470
16943
1751
11276
8887
18236
4135
12715
3541
21898
9335
17386
11802
6724
12692
1039
1191
17157
2
3324
8981
5219
18269
2974
15866
5091
1096
16430
17242
6653
9760
8243
14577
18970
9696
6911
7049
7434
14477
14360
9974
19797
15785
603
10409
20312
17835
18919
8107
6620
12481
18726
19439
19279
17172
21027
10024
11700
71
14594
21273
15199
20606
11841
18340
9153
7879
18469
5624
2220
7084
14822
12556
5399
4036
17278
14662
11483
7839
1028
14078
1936
16542
8550
16311
12593
5074
149
15180
2842
19308
9278
234
8301
12243
17742
15270
13360
1279
16299
2041
20695
5878
21321
18775
8999
5040
19933
6137
3110
6208
21633
5943
12886
11588
19705
12805
1531
4582
148
7292
3975
21596
6554
17161
9870
11415
18473
14532
10534
19348
14527
15014
8621
8311
21178
22130
9275
2791
17655
16997
11692
18812
12421
19942
10843
16894
19697
15923
6775
10625
5653
20440
19491
4094
13948
11430
8429
3775
4561
18018
3848
13952
2370
3956
11504
18024
21141
8835
21897
1328
17596
11314
12169
17577
9382
12139
4604
14689
14390
3678
20528
5913
1979
5488
8883
11730
9751
613
14755
12876
11380
12339
14908
3530
5025
17750
12918
15902
19626
2311
5306
5578
8034
11432
20107
13989
3415
18525
10565
12680
22224
7102
10207
21473
15873
70
13275
5545
20485
20069
9057
9467
7092
20207
7239
6257
12939
10837
3390
3811
18633
16716
14604
11160
2232
19129
20829
6390
7224
16732
18013
12173
19504
16618
3062
21613
10163
8541
8769
932
8119
3624
8402
18158
5628
2089
18064
16755
17659
17404
22203
10729
18290
21773
7396
15703
3776
9295
13899
1273
12379
8567
2295
7622
6555
10047
5246
12452
13897
14540
2771
11658
17672
20005
22225
16178
5896
15069
21673
2709
14983
22017
6534
9085
8455
15530
10714
2001
6723
10322
3290
6140
18177
3895
10332
16345
14086
289
11149
13413
13140
18818
16574
9044
5906
3321
3734
15643
12571
10339
6916
15985
18073
11053
10090
9202
14821
2100
11142
17512
19633
17371
19169
1353
20904
9368
12237
15845
2198
22039
15710
4928
181
20667
11003
10861
9681
10996
3998
12501
224
9062
11595
14789
2987
4885
17965
9220
21305
7010
3897
12400
495
12575
11522
4188
384
18288
11884
8050
10242
7197
12731
425
8230
9164
4127
17884
20037
15914
6609
14367
16681
17133
21520
90
20966
14020
17188
15447
2287
8281
3180
11078
1135
12170
360
19085
14810
1164
8097
4937
7502
1029
10749
12336
12332
6675
3350
169
19574
21820
17099
13745
8517
22057
2449
7692
19630
5873
7245
15359
20877
18735
3192
1025
4225
7539
3604
18906
22323
12861
19636
17155
17546
14753
5679
5307
16386
18651
1785
18366
881
11047
15044
253
572
11941
14700
9038
7221
18575
5621
4136
10859
11018
22037
11330
18860
10007
20796
305
78
15219
9390
10499
12050
4371
7711
12213
7737
8475
17591
16868
6715
2433
5710
5605
12292
22328
4110
8764
4217
5522
176
13157
5248
22456
1943
4987
9602
16127
8839
2474
4411
17657
4060
13516
4999
17720
2419
21670
8914
4117
14538
45
14930
10266
7690
13328
468
15229
10890
7673
19732
5678
16927
10247
4708
15844
14038
432
15646
6635
10393
439
12994
9832
16145
2891
9171
15714
15106
19206
4369
16510
370
4686
22040
19451
13715
17138
7110
421
13638
16897
14853
4084
1434
1773
21774
1338
4824
21987
13515
20288
19854
16421
20147
17467
15883
13979
18462
9931
519
1045
14597
7364
1519
163
7067
10576
22162
3184
11972
10420
22220
15480
16696
11221
9628
2558
3943
21260
7117
7562
19684
9932
5994
16879
11526
15885
7933
12965
22322
17017
6427
316
8278
10806
3706
20698
110
20587
15725
15236
1111
13554
14710
13574
6473
13853
19790
10765
17054
2599
7385
4711
410
21929
2877
10910
13476
13872
17791
14618
18768
7507
2788
13091
14017
19120
4228
829
12306
335
16736
16313
15301
14772
2016
5239
12357
21917
12007
9075
15388
7597
22081
16161
14124
18604
2786
6627
16903
4528
3741
17837
10180
22421
6075
9144
10822
10524
11560
17363
15881
10979
9206
12362
17880
2845
8683
15595
4729
6646
19601
2798
12223
22151
19349
2502
4974
11222
152
8161
9946
11764
4063
21983
434
20789
2948
16118
20684
19259
39
4897
92
9795
3423
10294
5338
6292
17882
12211
15104
13083
1440
457
19254
8146
19507
12899
7454
15089
13148
4632
3491
8859
15774
15981
20261
17174
14746
16929
16528
4550
2104
1390
19038
15183
7196
8747
17940
12406
5448
6709
1669
22124
8002
84
14841
16884
20332
14454
16851
14725
6972
7898
22355
16093
18062
16452
17002
14250
11091
12410
13412
16266
14781
18947
9105
8079
2074
3427
14148
5220
15498
345
7720
7748
18349
10489
5857
10000
2523
16038
7212
4804
11251
2989
3557
21437
15048
14463
4922
8529
9978
16087
13016
6131
16280
18146
20525
20625
3948
10928
13512
3467
11558
20984
14720
6447
139
19536
192
7716
20810
14521
20010
9507
16401
16380
18992
12232
6661
17491
5270
7452
3814
13789
13783
6173
12247
12854
20056
14032
13812
1480
8510
19170
18379
1326
7845
13660
8393
21860
4218
21189
19431
18509
4635
12034
18256
3959
15587
14031
7087
1116
16561
19053
9633
4930
13637
7754
14863
13487
5965
19973
20335
3313
13932
17310
12667
2900
114
11978
22346
12836
17265
15738
10072
6579
21107
7927
17029
21349
14453
20038
21786
15005
14570
1384
9493
15606
93
6114
20364
18727
5663
8694
1429
6550
21916
9040
19098
17187
19216
6428
5179
19929
17053
8205
19729
17103
11653
21584
7453
193
7660
18704
3051
1627
12672
18614
4003
1553
18234
12290
5418
15648
12095
10892
18904
1330
17067
21340
4066
18002
5041
9970
7745
18652
1454
14935
5222
5503
16196
4476
21879
19037
1878
17427
1022
2019
4209
18386
9889
1044
16244
18448
14502
13286
16366
1559
16354
14985
21707
1991
13095
17956
18268
22282
17006
19116
7887
5141
20996
10865
14248
16517
3891
4884
177
501
13425
12499
17894
4687
16751
9933
268
959
13115
18937
16844
17550
4481
386
11966
16531
17743
20201
397
19173
4938
12837
1763
5066
11912
6175
21577
7302
7959
5599
10723
3021
7416
5165
539
17486
3920
4241
6852
6040
3466
5722
21605
21335
19904
6418
19149
6411
14770
2509
20205
7159
5981
19410
7441
1225
21972
9180
6289
14173
20756
18546
6397
10530
6683
21836
13374
17997
10641
12376
21919
17098
6240
16490
12813
100
12660
541
14084
1032
20091
14990
18655
5286
19370
6234
4229
20520
3471
2507
7752
900
9975
10418
19793
7759
7794
3685
18858
19378
18129
4831
1195
492
2999
337
19510
21568
8379
14891
13529
13190
4777
9469
17114
158
20541
12697
11254
7321
20926
16184
21825
753
21635
5712
16337
9177
20422
17007
1578
7079
2023
14778
12252
835
11597
13672
20306
21747
19751
2153
17325
21767
7093
15283
8894
10992
11611
16045
579
6674
162
14699
6471
22073
11230
6158
4813
19114
276
239
11512
6472
10772
2802
17945
15366
16791
7516
11969
15063
22179
2939
16132
8348
10925
13531
13045
7288
12142
3370
6047
17058
4193
13333
17746
10061
14682
16271
4572
6583
4170
7657
2248
4162
20349
8738
4263
16923
20410
6492
18312
1254
1786
1058
319
17936
10613
2854
217
1850
15403
12781
14590
14204
17377
20820
8637
7919
2677
13656
5991
11697
19986
14718
18381
3310
13035
12686
11731
3273
7743
20710
2720
21682
21625
20331
13009
1213
2148
19803
13164
21055
19225
20044
963
20455
14827
13154
21280
12369
259
7305
1099
5711
16228
16687
14138
16157
18813
6539
14875
4692
16785
20363
19698
2204
6511
1535
17935
2794
8594
9903
17718
3148
10346
2280
5045
20874
7983
17836
16448
14669
8540
20899
14619
7923
2680
4000
9321
15468
1469
2975
4113
3935
13649
9742
17342
22092
9729
1156
13836
11358
10159
10895
560
1177
15052
8325
12560
8927
22095
15967
19464
10286
6530
14839
10162
14188
16137
18565
21745
10085
17100
10795
12005
11203
4529
451
20240
9771
16651
4163
14143
4678
13219
13748
17408
14474
16725
17464
11192
383
16245
18424
16992
332
17069
10033
5012
20731
21448
15894
21739
6750
9480
18444
8420
11531
96
16036
11019
1439
18243
20876
5032
18491
19027
4526
2286
1007
17211
17992
7733
10096
22340
1410
12264
2436
1466
19375
6388
5819
22008
21354
3227
7642
10452
19019
17217
15413
7025
611
19623
3087
12497
702
10044
1453
19946
2754
6634
8500
7150
16192
2699
20699
21775
11381
4383
17374
5571
13871
21002
10731
18369
12324
15841
22391
11093
9717
5251
15073
20381
12189
5329
12512
19667
7262
7734
14941
13924
6407
8419
10974
19100
8704
5695
6457
14561
18838
625
6950
18988
11313
525
2462
4712
12275
15786
4497
8095
17437
2466
20448
14222
7641
2061
10798
1607
76
12070
16944
8309
2238
5676
18109
12130
5737
5527
3461
4336
6830
14664
10497
11805
22043
18342
15059
13755
12638
8564
51
7424
4995
1052
20291
9698
481
7412
19289
20762
5542
8679
2366
4670
133
1641
21266
2473
16334
21237
13978
980
4177
544
1665
6441
13521
168
5805
4199
9407
15240
1161
19450
1931
9669
2341
2615
4075
8602
2637
19113
8448
20275
19915
4070
15182
11048
10441
15519
20407
4337
4870
17314
227
982
11989
7082
9011
2787
11646
5909
2357
1372
9582
6285
1966
8879
759
17492
17530
7707
6636
12269
7391
7810
293
5951
6460
22004
16797
19487
13970
13012
11257
9879
11728
13234
8847
18402
19597
9777
12869
10684
21684
8977
1712
2253
6444
7575
19371
10963
5049
2404
1483
15834
3210
6088
7345
5438
13921
7341
794
7886
4437
22387
14904
18699
3593
10097
18582
19148
3015
13445
11612
1895
6011
103
5173
672
12670
12136
9447
4013
3373
18750
2114
13069
4372
5348
5099
7771
14601
225
12756
15481
6211
15380
20384
10593
18229
12291
17253
19837
18866
2252
10787
2636
5183
14523
2752
5144
12951
16780
5133
11453
17671
8543
7071
20388
4269
3661
18213
19736
17729
11960
21619
2886
11850
329
3443
5240
11787
5057
19766
945
16587
1530
5580
2922
299
7169
21085
6918
11807
5460
11401
16329
2316
8495
20059
15987
2520
2554
20222
20281
13296
11880
18857
5355
11995
22403
6728
20370
5755
7429
21766
20919
8236
20022
2036
14435
15889
12815
18196
8459
8252
19298
14965
12706
2309
12274
7980
12932
4926
18419
12745
2478
13155
1572
12751
21805
9492
9539
123
3938
17183
14196
286
2390
19934
5864
6416
1144
22273
6841
19524
21226
11761
4425
1783
7694
16046
11056
1791
13272
16872
64
15427
11842
10438
524
10351
19324
155
6774
22411
15758
1662
15457
19070
1868
14037
9141
21267
19268
1764
16773
10194
3611
48
973
1678
1814
6342
16431
6255
13584
20436
14406
16784
21407
10755
18427
5298
7521
17438
10867
20432
9307
4578
21498
6142
19668
1971
16117
21270
18280
9461
18923
13010
17308
12104
11965
22172
11182
15890
21602
3813
10262
16805
5644
9987
17817
13184
1391
15463
22458
15312
13499
19834
12827
7273
11349
16683
12297
19632
14980
12600
8010
10871
21994
659
7678
14045
16846
4674
18626
14760
6374
4878
5260
16809
7166
13793
11488
17130
244
9207
968
12645
5457
12201
20302
6435
15905
398
6485
9677
7182
4300
7177
10350
4966
11921
17281
17986
15221
10824
16106
21363
2573
9627
7468
16239
18488
5422
20908
14988
16125
3347
21896
7544
13242
9942
22048
4406
10728
6305
21077
11721
10195
14186
16842
19852
5300
20103
14172
3366
9055
14134
12154
9621
15802
5293
7843
5207
6414
20863
21149
20060
16505
2836
2356
6923
1771
3990
8684
18185
6185
15860
2643
3304
7571
3932
3648
1629
19166
11180
17996
18439
18941
6226
18764
4236
17621
18299
3372
839
2085
3286
12588
18155
9807
13507
4072
17812
21482
1820
2117
10083
602
17697
5431
11955
222
18026
7140
16555
17449
14361
7451
9114
9053
18099
13667
16235
18609
7679
6403
4052
12046
15525
16039
12216
6083
18182
375
8806
190
5938
15760
3800
11574
4737
19026
94
6917
3697
12106
4379
11248
1528
20818
10456
10064
19998
746
20451
12666
20849
14706
1339
10279
1074
14792
4655
22432
419
18736
14332
18934
19526
21624
10578
19400
20662
6287
11575
12117
15733
9440
12338
11479
16140
2159
12639
14155
7577
21394
1419
3204
15330
17542
13141
112
15892
5213
22005
16368
16504
6700
18755
6658
6505
1843
21037
15712
14049
15314
9893
11907
19988
13358
17747
11367
16659
19044
14010
21801
20811
1452
18176
3486
15610
21338
2968
6905
15509
16133
11636
8335
19785
17694
12872
2426
3939
21258
12755
12236
2829
13203
16835
14383
11292
19192
18179
1959
5922
618
22166
20672
1872
8868
5316
5269
15899
18201
20646
12087
3445
21671
10368
19594
17862
20813
15761
7709
5526
11428
974
2004
4161
13714
7240
330
2452
11922
1796
15176
2408
3518
7501
17820
18054
8284
18693
18805
15397
6802
13288
17854
3599
16050
9919
7744
11410
19472
19735
12155
14193
20995
13920
4539
21629
13598
13021
5361
4693
5794
1441
16451
21472
17366
17566
11901
781
3066
21102
5277
2757
17635
75
8631
4106
13013
19380
14184
6446
5318
21598
16730
20328
2430
9359
9074
9297
6370
21278
9763
1520
5068
15428
12388
16543
12110
13966
1200
20504
2627
22059
7015
20125
340
21652
3440
6556
19251
3950
3810
9894
6261
3508
17346
7236
6230
9699
4145
17025
18650
17124
13439
14969
3840
10820
8485
15195
4033
3613
13142
16820
14458
18016
11418
14470
10403
21131
427
17728
9853
15973
2402
14996
9554
1501
8057
11209
20424
8903
8824
2839
91
2112
9208
10784
16277
3165
1590
17092
19807
717
6437
19581
3667
18787
18708
14264
2513
5282
5158
13458
7997
8837
18864
16443
1677
10978
4432
16815
19539
17813
11112
5650
12064
11308
19776
12289
21697
21700
4086
5398
7042
22189
4583
3504
18153
4009
17979
20524
15136
2518
18501
15231
6265
15139
4401
1776
19433
8991
4029
8514
19936
18320
19511
8655
10245
18492
392
8330
8886
7942
11493
10845
9733
13428
12391
6033
17955
16205
14963
19132
2825
6588
19983
3253
7200
7804
22209
9595
20638
7481
7811
1183
21125
1948
8178
16849
15868
16698
18090
15333
17412
13269
16215
15269
19618
946
12518
536
16317
22181
4366
21853
10323
170
16688
7421
21586
325
4992
15085
9309
8957
1639
20167
4296
12071
19640
19142
3951
21945
5974
4118
17076
5891
2837
3742
6367
3073
10924
19440
17236
3981
2434
13875
13987
14676
3353
7322
7256
21628
8397
18088
626
14845
8035
20159
10874
11348
12535
4
6482
7990
19502
18782
3315
7040
14847
8531
8583
6110
15693
9892
19322
22352
6558
10847
207
8657
13774
178
9849
5464
22100
20544
2128
19056
21880
412
9376
21828
12871
20015
11686
446
8225
19907
7867
10026
2320
15896
13517
8452
21567
5977
19780
13609
15452
18766
22029
18529
7173
5632
13855
17787
8846
10004
435
3783
580
19253
20024
1010
9167
13659
16975
729
15517
10818
15788
18240
15246
7971
12256
12564
14724
5375
18738
15028
15021
14103
18309
7183
22195
4527
85
11341
2970
5119
14708
19501
5214
2938
3930
4798
20793
15319
60
10155
7384
4249
8091
18037
1341
11172
4451
19082
6569
6657
8612
3824
2174
5735
6324
12664
21388
1927
6930
1036
22025
12980
4344
11572
15006
1932
9284
17326
19362
349
21834
22031
9178
3641
14217
14169
21951
10984
897
9720
22353
5391
3755
18927
14813
13368
4788
21213
5327
12675
1462
3807
8936
6463
22359
22294
5721
10290
14873
10285
9049
5346
18222
21484
20269
2483
4701
2296
426
7770
6490
12492
21319
14743
13146
1216
3490
194
6770
21906
9100
15960
21552
10623
1534
4975
976
19989
12882
15852
18648
20289
478
6996
8217
13955
11366
17445
9182
15132
11717
7903
21730
14877
10076
16831
19688
14060
10966
10173
13407
8149
18998
8505
3762
14053
15819
18171
436
10947
22448
13723
22238
9873
20670
11496
20854
821
2457
10574
21489
15015
13624
9521
10771
5143
1744
165
21004
19909
18939
10154
16091
2203
7617
21649
3281
18189
17660
8048
5064
21073
18955
18373
6103
9925
2928
15450
4809
4850
8096
8099
2949
12305
12873
4873
12652
9902
8193
22026
7943
19229
18830
18091
4825
14666
9661
20875
2960
17976
18872
9418
153
5085
18105
12157
19761
9222
5625
8853
13922
22041
11933
20574
4759
13485
19862
20437
14773
21572
16754
9263
1357
3147
17148
16855
13679
4499
2088
16213
14404
11440
3744
12052
16675
10226
15259
7051
4055
3665
20372
19320
2626
5494
10500
15853
98
17064
12328
8749
6155
1181
14179
20685
5109
14602
9415
3535
17215
3454
14176
4153
17910
10660
8925
592
9456
8899
9238
21289
4713
4486
13843
4044
7663
18588
3816
17307
17370
8852
6679
18800
16617
22451
2201
13891
11809
4155
146
5553
5272
14243
10713
7479
3340
17685
19130
9270
1882
9531
8124
18523
859
7243
8777
20922
3123
18147
7119
18502
4488
14779
2055
12401
15995
6115
18263
9585
1337
9624
4130
12829
1579
6977
13245
4576
195
13149
21863
5603
19912
8673
18971
12372
5352
8329
15776
9884
20763
13130
1294
6726
19615
13615
21723
8669
3803
15268
10397
9472
6864
21328
4275
19228
14579
14565
8570
15097
19426
588
20878
18495
19838
8457
11239
9537
22191
17426
16086
19589
3758
5259
12936
3632
8533
15637
16021
9216
21347
15288
16845
6980
17964
1037
8474
5192
11835
18610
13870
19203
16682
20365
5518
20705
5983
16610
15111
19910
8572
1510
8491
3332
19393
12464
15174
4738
14333
6817
10605
16466
20624
5579
9612
17548
3479
18877
20902
13779
11335
8158
15385
10469
563
2217
21963
3563
22304
10617
22143
12039
14259
11460
21935
8299
19993
21167
6565
8987
7397
18032
15362
17920
991
9514
9844
898
2042
5188
4389
15751
10638
6608
11843
17675
1403
10852
9756
5666
14364
17044
9064
17284
8630
19
11507
5890
10582
10997
12066
4423
20655
1414
22184
6705
21612
677
10501
4657
22103
12043
22090
19844
13925
15296
22085
7968
16781
16295
3983
128
4762
3882
2727
3731
4158
14541
10125
5821
5655
797
8754
15188
14025
6544
18318
2710
11427
11916
11491
14310
16174
14588
13977
10801
12636
4903
9581
12091
7348
9934
14677
21342
14933
20000
1218
11968
1420
19658
393
19921
9759
283
14936
19099
13605
10199
17245
13249
20649
13059
20951
20188
949
6676
17472
5677
6494
8537
3172
9782
17494
11971
1194
20523
14163
2417
14106
2910
18966
15864
13187
17254
20961
21955
21795
20420
20303
4778
20750
9686
2876
927
14423
17189
17799
7480
9218
20444
408
4264
20298
17293
3411
11538
20560
8748
12272
8214
17726
2994
18014
7003
3769
20174
6221
21848
12319
11340
15621
9830
15928
19135
4367
14948
13134
11513
3576
18852
9603
2463
111
11042
22147
7970
6422
18999
17033
15074
3323
614
11020
6027
597
19460
20621
20716
8463
13317
221
2283
2904
9427
11463
21617
13999
3668
19097
11864
6035
5908
9117
11604
9989
12534
5969
14651
15763
19895
16763
17136
16028
7249
8126
6659
7475
14791
681
20616
3101
16183
16249
7553
11564
12479
18472
20559
1176
3940
12186
21325
20382
11122
4248
14402
3531
10659
7856
8453
9236
11815
16672
2871
4444
20227
5053
2242
19611
12563
19389
18943
21450
18530
6578
18079
2783
8365
13915
5169
12403
4562
5084
12694
18454
11527
20693
7891
15392
624
4205
9435
7686
15800
7969
4082
2022
508
1489
12634
14403
4240
14900
14765
11213
19163
20184
737
14504
4053
11942
12235
2444
2838
8617
21400
16796
8044
4181
6199
14887
3059
12287
4353
15540
13232
12153
12831
12839
19384
860
5267
15002
214
10402
14520
17422
12986
10095
10143
20385
20084
20004
21984
2797
8372
16880
4067
11509
6176
13658
12116
14373
19716
3696
14141
4680
14667
10557
18208
4485
6389
5390
456
16214
10558
20760
10769
9781
2053
13655
20757
14154
3740
2413
8458
13842
7181
5844
4834
20570
11806
16072
12647
19496
20720
389
2116
13944
6734
16298
7889
1777
11404
10639
251
15707
22459
807
11324
22325
16399
18869
22284
7077
21826
8548
9708
13706
16433
1067
12068
20963
6258
11661
14784
9827
20955
9949
12463
1809
6630
18706
14475
8424
11925
8942
440
15771
11120
19088
8244
106
20871
13532
12166
13630
4219
12450
3564
13197
18380
10511
5229
21647
12841
5690
22320
273
15567
9343
7408
1701
12057
21716
4979
18199
6466
379
18437
1134
9393
11346
15686
2629
8565
15186
7125
3346
3723
14266
7149
4138
19958
9318
4933
16858
16057
14408
8382
280
11617
11478
4281
9727
20911
16387
9496
20723
7118
9302
13695
19031
704
15488
5770
4306
2610
8867
8058
3618
10715
4862
12517
13946
7556
7101
9273
12059
15798
18006
4921
8055
21592
9165
1360
19666
20464
13589
6856
15459
16639
4399
18602
17823
7511
18446
21144
18569
17847
22122
17649
9636
6622
2412
9045
2914
6104
31
10741
20374
1275
11444
11948
12241
21781
9088
889
279
10182
3788
18120
11698
14586
3987
6907
21478
9583
21329
21595
16821
11369
18075
1437
8212
4164
17177
8378
14450
20513
17
9035
5797
1740
16544
12690
12393
10611
1285
4631
21190
12115
6134
15164
16465
1847
1668
4709
10148
7793
8803
8456
6451
647
17960
22274
18625
17871
2532
4677
1759
1929
5838
5167
7059
1632
12954
18880
21948
223
20092
21100
14623
8508
1154
16513
20093
20790
21208
20549
21480
4321
5512
14165
13690
1398
17397
15633
5839
19350
4565
13094
12835
20579
5799
124
15570
18321
18471
21599
2565
6811
6936
21432
13710
3103
10240
2043
4314
18133
9504
18808
7031
15332
9157
14468
16446
12572
14456
14370
11551
20778
6187
15249
1463
15689
21439
9400
2584
1023
10224
21008
8168
10087
20865
10301
17829
7436
17282
17975
21320
21899
5140
13173
6960
798
6686
10848
13327
15921
12340
6375
18417
19602
4947
17578
10696
249
21467
7740
10079
17480
8063
22138
16635
15839
13503
2278
10057
14804
19063
21704
21594
11655
8117
19157
11438
11683
919
18685
18242
924
14476
18237
21931
1618
4786
8740
9909
20258
22398
17846
15573
6961
15265
15813
20190
15343
9292
19110
1990
13592
26
10590
18368
4280
7801
10433
448
2590
4865
116
10490
12671
14489
18074
2536
15465
11613
13316
16171
15007
20077
475
4702
50
3553
10633
13811
11947
9525
9137
17895
4420
15437
10364
7185
5072
11176
8884
20447
1418
5194
21604
17824
390
8830
17906
1541
5562
18874
141
562
374
4387
1652
19571
17237
9749
4040
4429
14777
5723
17378
9843
21922
11323
16085
11900
17794
8043
11181
2934
2991
3399
11147
5463
6696
22165
7041
16768
16112
198
1526
5193
20027
6771
12476
1158
8891
18714
7902
2648
1281
22288
2406
18956
8840
3670
16749
8333
12015
2051
12375
6195
8584
5846
1525
21969
21375
7393
21413
269
3860
6129
34
6203
14972
14433
5142
18418
4647
13727
22199
7372
10198
17859
1204
21402
5350
4333
9145
5882
12378
18353
9325
11781
9034
18023
11443
3960
11423
11682
4858
13907
17208
22236
7490
19356
10936
16804
2403
14118
1456
17163
1388
6045
3269
13617
1089
13263
18140
2213
4364
4358
6455
14099
12626
3080
19961
13029
15384
10792
6440
18489
9372
8766
11637
6806
6394
18810
16379
8432
16304
5415
309
13730
1880
8073
15743
14650
17731
4832
17289
20550
17358
21623
7924
2440
20270
8136
9017
19207
3793
4817
13539
10481
21849
15019
10681
19625
16902
7091
1679
17510
7090
18101
8501
12641
356
4896
8031
11732
4982
16153
3851
13427
826
15653
15098
9779
14879
21460
6979
8504
15494
9972
1493
5852
10050
304
12013
7324
5081
18378
1307
11353
12628
9618
13001
6229
7301
654
16263
6304
10436
7068
10763
15167
12956
20552
10816
9084
13192
1011
21410
5548
20046
18163
17785
29
16061
17749
21950
14388
19467
9089
17019
22080
418
15046
12532
9540
2681
9134
3032
3357
3238
16425
5333
20508
19802
10821
2870
11652
21072
21493
7330
14761
12387
5592
15133
22381
18566
22345
17143
16522
15068
8407
11494
5490
7187
11301
3999
16853
10027
2369
18527
15978
10760
18895
19614
15723
14359
20433
7523
19015
11639
12833
18398
15254
19495
14703
7763
7174
18601
6559
14701
11736
10518
15552
7469
17804
2808
7334
21932
18896
1467
13576
17721
13332
16895
1415
19599
20398
2800
4397
14868
6423
3928
11345
5540
8482
3892
13038
15257
17822
5972
12098
15808
10429
13886
13908
14090
5980
21569
6122
8436
19889
17988
20070
19750
4861
3498
11153
6372
14170
2133
5223
5815
14318
6915
7817
15952
7499
11288
20846
3565
9274
605
16758
17272
4829
16453
20696
16410
10300
12162
19796
11996
16022
1101
8105
6073
1175
22003
11364
6000
15275
11424
17633
12259
2344
2574
12122
18278
1928
10205
1482
8677
11552
19139
1962
13435
5741
1226
21590
12171
8192
19238
11357
13366
15072
19550
16168
5054
12677
22065
15626
20538
14080
16083
16296
8275
12870
7844
18667
5919
7206
10744
5672
16612
19937
20457
2222
20976
6897
7028
13759
7142
12078
156
19818
3838
11234
6124
15435
4234
15745
13349
15058
5808
16220
5382
758
11986
18881
19223
1692
961
9258
6820
20063
9232
4129
922
17752
18057
17827
21740
14335
20535
12927
18021
5101
5199
21902
16609
6366
2290
10307
2261
4675
18559
10152
5201
396
4822
15766
8125
16670
12294
21184
15585
328
2544
3239
9355
1954
9339
13571
13220
12722
13470
16793
17055
16255
5904
147
12003
11484
113
2690
2767
12738
21341
10969
5402
16278
10825
2595
21986
8438
10823
19058
4253
4079
6786
3143
22204
16169
18616
9916
13186
385
1819
4807
13067
5837
11592
17149
1230
5335
2323
7784
3138
209
5539
20521
2651
10526
8930
12902
14559
2882
15955
3770
21918
20921
19307
2881
15224
1129
5059
13400
15081
9670
21466
12315
13105
8352
17094
6805
9406
1753
4014
13900
983
6531
3596
18003
14377
3686
7295
18450
13814
16332
15947
17179
7818
17452
15724
15687
17048
13459
12787
2162
22336
19137
19275
19454
21941
5480
8074
22075
5103
14905
7883
12513
17642
19764
9632
21444
1423
16936
7652
16549
20480
5610
18130
16424
13555
82
5305
3915
16375
20326
11524
5151
12461
18319
21257
4521
18515
15906
1314
15071
12926
18887
13264
19869
2806
12283
6392
8954
18737
8
14487
12351
22358
3097
19215
20045
3560
19683
4962
7349
21891
9242
14220
18701
10082
21301
17516
3024
20586
16648
486
15537
19843
3079
136
7106
12510
20086
66
16131
15835
18563
1474
9013
6066
11319
14159
7132
4461
4772
14858
15461
19748
5942
20924
8526
10102
2075
10873
16891
377
17207
10600
7860
15313
13178
17296
4273
11976
7447
1755
22462
11302
4512
1824
3487
21810
5776
2120
19758
8970
17158
19458
20036
12820
10211
150
20
17818
21463
22380
15970
9102
4950
9817
9491
5681
16642
7768
14108
17803
12470
10424
4864
14385
21017
18250
7601
658
8697
11819
21835
18595
12137
14621
19121
17454
10443
7011
16328
9852
9998
15934
6127
9358
8094
21976
5092
6752
19763
6706
18824
20768
14237
18483
18134
4916
7024
6118
9512
11452
998
11939
6141
7406
16105
11158
9973
19493
17318
2380
15939
22159
21831
20057
21066
12031
12180
1054
7837
11390
17313
5952
20754
11829
7318
400
16971
4096
16363
19916
18558
15376
11126
11831
14064
6953
231
10809
1282
7535
5716
15172
9330
17479
20935
22145
13447
7138
12183
2831
15851
8483
3045
10458
9664
21514
5023
1659
17274
18087
20352
9253
355
4175
16540
8248
20271
21720
9156
21239
10709
14555
15757
18348
934
12109
8046
18542
19548
9666
7005
8349
6880
14909
12589
409
18281
12777
22357
21304
296
10794
20158
1674
7029
17050
13709
8968
14215
3854
