8901
5308
15677
8860
22116
15947
13882
3642
4398
21204
16839
20989
5958
13032
9690
3689
7649
9728
13344
18376
9654
22075
3166
14705
16672
216
7885
4159
3174
9723
16448
4600
13532
14770
21200
9209
12261
4732
8400
18322
2172
6214
20662
15240
16081
13889
5664
9160
19899
17736
3765
16621
2840
9045
7963
14954
4822
9388
17829
8542
17052
15596
12873
4729
13163
18974
18139
15600
19939
9067
19613
10948
19834
16868
22024
7872
12284
22338
20451
21463
18382
3412
4818
6897
20921
7768
20832
9233
18580
2605
17941
20129
15530
5003
20337
1267
17041
19330
13419
19648
17790
7737
21684
10134
15345
9421
12576
7658
1516
1689
14881
11943
19170
10336
1181
2278
6338
4051
995
21720
16356
1015
22254
4534
6297
10579
11005
8504
19310
19895
18888
16818
14323
16938
8291
16001
10841
832
15814
12662
16407
12943
14668
9172
13213
21148
17067
8596
15660
8812
1359
20660
14531
3878
10810
18769
9529
19753
8768
4505
8699
8104
14707
20341
9553
9271
16794
11950
95
8993
15004
1910
71
10407
7188
22407
3508
17986
6367
4755
11181
11217
4634
14440
6830
17788
11560
19911
14524
21586
15435
3416
8742
5015
13382
6585
16690
4653
19547
9195
1079
19644
14902
22006
4661
13867
11749
14794
18786
13308
10577
1809
2541
12479
10804
2333
7150
8064
5233
21264
6395
13193
9931
13077
14629
13004
12445
8783
21748
6996
3972
20673
9538
5867
8054
2122
11905
2671
17471
16427
6522
4933
5601
11805
16628
551
12032
14144
13178
14999
905
11316
13520
14233
21757
7111
4621
4934
16320
6684
13796
2797
8893
3253
6651
1983
22332
13950
12187
22334
19257
6658
10980
11936
12363
9984
1196
7585
13845
15854
6692
5901
14338
6365
11257
17535
19954
17106
20478
7037
10995
4952
613
16167
3982
21445
13496
18578
12849
4696
9653
138
20182
7549
15204
17982
5135
5921
18665
19415
3748
3344
10533
12554
17351
8856
13824
10017
16890
8224
2918
3492
4297
20656
21930
20361
11823
4589
17219
7822
10976
18564
564
13562
11680
21271
14573
978
7663
2065
18706
16330
15518
2301
8184
14754
14159
14651
8052
20033
2394
19442
21848
5243
13055
13049
7991
7767
3007
3410
17502
8419
10093
17870
5792
18294
10558
9503
11672
6064
9670
17453
6867
1545
5430
15002
4869
11378
460
671
20116
15765
4125
3376
21607
6193
12296
7718
18348
12450
9693
14342
19285
4238
6088
6315
593
18370
8347
21698
11571
12081
14652
9643
12826
3971
9987
5904
9423
9563
20857
8508
15608
21524
5341
21279
8239
1789
9709
8142
2728
2943
8269
22358
15321
17362
17110
1413
7860
8159
14784
956
11048
6323
9492
10416
11372
3083
2270
3469
2781
8978
13289
4830
10484
2486
15287
12634
13601
19019
1151
1492
4191
17494
14656
16414
1243
1951
12391
11953
10555
15620
18989
6792
19182
13626
8560
3477
21102
4551
7634
5289
21439
2055
5750
4466
16082
12851
643
17917
14863
6818
8546
16889
4519
4615
2179
9678
6516
1669
20807
9308
18276
4426
5439
22080
10239
20500
8652
9566
17283
7708
8462
13098
14355
9687
1085
16952
7792
11777
7566
10034
18016
13073
7646
19622
14094
12642
19000
14168
8510
11251
11252
719
11268
10962
11513
15439
7157
3095
20487
21764
13251
16886
12867
773
16969
18220
18155
16824
16883
3234
3238
11981
6839
9722
6257
8627
16055
11640
12934
21368
1941
16742
9713
20890
17620
11757
20035
18835
1240
9038
11416
11898
17340
7218
1502
8793
14993
18856
12992
2794
10970
15440
7357
3974
4070
14435
7013
12742
13790
21904
6018
4423
8420
14692
13897
741
2074
9006
14680
3287
22404
18017
13050
11731
6542
6464
4183
18773
16674
743
19213
3356
22390
4288
21174
15636
979
11999
1593
6500
2586
2892
20603
20342
12708
7616
4586
21686
7147
17851
18607
10751
21302
11054
7445
15401
7425
229
14021
11947
8175
7925
10893
2859
8147
18679
16117
16308
17346
22131
10665
21132
2898
13872
10634
435
13071
1928
6688
10292
21208
12763
18410
8383
968
7670
1127
2027
4429
16639
16680
18004
6336
12341
5791
20245
13192
20675
638
17457
2649
21875
9835
19539
22189
1155
6619
16489
7838
9799
6109
15028
7049
5323
2236
4378
13474
2525
22410
17973
8761
12728
9578
18066
6695
6378
4227
1143
11469
11706
13970
6186
17417
4302
20952
14488
11817
9397
5515
1646
2938
18731
21396
1553
14038
16114
14633
16
11085
570
6556
17013
18407
8081
20888
2470
21825
7581
18627
16822
588
15352
508
8764
15710
13688
13523
5081
875
16418
18025
9645
17388
10385
1238
7938
21149
16164
6767
18912
5124
11199
10116
10443
3306
6049
17804
9407
18690
7795
14281
4509
20269
9782
675
17704
21721
13994
6938
19477
17652
7107
21353
10322
17531
17372
2871
16960
8655
8200
51
18819
21611
17441
720
3146
7836
8255
16611
19372
4748
10763
16090
16325
16539
21098
12460
1021
19661
7542
22314
3863
18909
7862
10754
17701
5812
14050
19578
2299
6495
15902
14165
21796
10655
9619
16354
10009
19529
22429
7328
18274
2018
17526
7600
11263
9896
17169
953
8219
2768
15593
18860
12476
17837
11368
7668
8268
2862
1524
14133
5550
14005
8078
12651
11978
3480
1651
20542
9738
18714
15475
21262
17095
13923
17666
869
19159
5535
13314
16726
10927
2466
15851
8720
16533
3514
21193
6196
3426
6734
12043
6263
15856
15372
17684
5034
12780
15043
15700
8067
8348
21198
13813
8299
21139
4677
19927
15582
4054
1135
442
10867
9114
2913
18195
1612
3444
7774
2734
6351
15020
15443
5929
11674
5376
16762
5268
20307
7703
9843
5033
12248
4355
15763
7635
17369
21404
16749
2107
19982
13222
5238
7806
4339
4708
16442
11881
16018
18850
257
4650
9410
3265
12220
4005
10933
522
16835
9815
6402
2713
8817
13775
9289
799
55
9608
3397
16684
8534
14432
8804
21491
9770
15135
11998
6781
581
12461
21715
445
22452
1695
19891
18864
12286
2695
15390
17792
21468
19816
14268
16388
18369
2689
20002
1814
146
12586
19126
9887
18933
7222
20259
18021
13816
6455
4841
2338
13935
16678
7192
10198
12574
9579
3275
21724
6879
4669
4340
6415
5899
15467
11215
1409
8020
8120
5537
9075
6904
12783
12681
2118
17559
591
10720
8001
13410
5665
6960
12879
18101
18978
20765
22307
13014
11377
14609
16215
12221
20501
4827
6408
1619
22215
1724
9930
21574
21622
1784
15032
2329
20730
9416
1285
21017
967
4533
10712
5632
293
5277
20057
14278
20555
2247
15147
18862
9652
20797
7710
3075
15324
19240
11865
12105
938
1622
18587
9826
11193
4567
795
13015
20107
7679
10775
20956
9520
6359
19499
5079
15486
15847
1013
11734
8972
7630
20506
16023
11288
4232
5900
13504
6266
1487
5816
20874
10314
15259
13917
694
2718
3952
4414
3413
8973
12958
10516
1158
17881
16316
12219
4416
19359
2939
19576
21270
5693
7265
22046
7128
1219
6627
22301
19001
13957
21578
19403
14360
4687
21253
17333
14555
7990
3531
12404
3371
18340
20738
8160
12189
322
11129
14731
12614
1459
13318
8574
3198
2899
7443
6552
5944
4758
18487
600
1376
17542
1950
13959
2980
13394
16841
3195
4806
952
252
15641
3812
22229
20878
8716
3638
11882
21106
3177
18429
3134
12971
2548
1466
19707
16585
9554
21743
8486
9338
12704
10477
20558
21906
18814
19144
16803
5578
10636
6553
11149
2720
21142
4978
3072
20579
6303
2013
7569
9682
12840
9081
5729
21967
5940
11778
7873
17635
13148
4056
3003
9572
9777
3131
8781
17127
20581
21872
5503
13724
20615
1208
5909
8181
466
11696
3542
21030
14623
2340
17328
6144
9486
8322
9913
2346
1357
22333
12304
4617
8780
13172
407
20214
5292
3624
511
21999
3544
17574
2954
9495
12941
18486
15193
17496
19825
7914
6013
20295
10241
21038
10725
10277
2219
17298
7481
1849
13243
6321
2641
3661
6241
20926
2316
19754
4202
18903
2691
15926
4022
11758
18477
7133
3722
12967
4578
19750
289
1122
14710
20165
11583
7272
1425
8045
21605
10190
782
14302
2024
11637
2558
18688
19277
14378
17406
5934
21648
21613
9124
14333
2372
13655
6833
12278
4968
2315
5133
5347
1518
4763
1440
7166
2249
12293
22090
7055
22309
1797
9902
20727
17256
17297
2754
17113
14583
21635
10465
683
20138
7292
10451
19344
5866
7829
12472
1174
21882
13932
3791
14200
18941
17329
3988
15950
14000
18047
20908
13499
11460
5826
4175
11719
7345
5895
12454
16139
3339
16538
4035
925
22453
14699
20275
17598
7726
775
11128
19942
12267
7365
17004
1367
6429
21211
20375
1478
7704
1953
6410
2095
9080
18302
9775
19284
6650
22323
8773
20706
11351
12230
4966
2811
2946
12349
5547
16514
21970
17987
557
21238
20446
14503
16731
8278
8475
10300
14506
9139
13348
17787
2051
9242
13224
16276
6555
15187
3824
14515
3246
10453
4012
12016
19808
21898
7527
5569
7908
21907
402
3070
13697
9603
18317
14732
5310
3
3603
6514
6935
16723
9400
12517
4358
7313
5178
18285
21725
12548
6906
4284
11621
12106
16506
15914
2081
19105
6738
12689
12413
19769
474
4637
3817
4536
7253
5001
8154
14860
1723
13577
11194
6253
11839
20753
3470
16212
21223
10931
4543
18682
14979
21339
12777
21690
21442
10596
3767
4833
14420
19163
8333
17139
16403
6496
7580
11480
9656
17102
8872
19875
20415
15351
15839
5443
652
20722
11732
12197
7773
18378
19603
21461
5396
14350
15325
7817
20380
21078
2628
22079
20471
9226
16831
1464
10647
8898
20527
17795
12058
11326
20816
7618
15084
3851
5326
10213
5962
3906
3424
13226
17699
9929
1401
21474
5906
2395
10953
15121
957
334
7321
15563
12308
21446
18355
18136
13687
716
19254
14088
19169
10955
20713
6149
16552
13387
1601
17389
12241
14013
3359
9429
4735
15907
706
19042
15928
11595
4188
16362
5441
11585
11929
4148
2328
20344
13175
710
1888
12161
3160
2484
20155
1303
11598
8491
5862
173
5224
8800
3290
855
15224
5076
7350
10626
1957
14648
12064
19847
4313
9330
9107
211
10686
6119
7485
15342
19910
13563
19034
13263
19862
15995
15809
22110
3991
109
9366
202
10814
17480
9129
13505
8629
11490
19602
1949
14414
15022
7170
19009
118
5283
5735
19282
5479
6287
4108
20043
13810
1078
6999
6728
5699
9712
16336
21762
21066
11895
3343
22218
1306
3936
3284
14496
18135
4053
22237
14663
6328
18484
13099
20355
21056
15607
5653
13300
14361
17495
12680
2103
17662
10078
11576
12199
12618
2448
11033
8572
18058
8661
17672
2884
20192
16223
20368
818
22141
16192
7293
21239
1066
17600
14106
14324
12886
18685
5278
11808
3479
17570
1684
2609
4727
14411
4507
12949
6375
7611
5677
3672
10945
14627
14443
16948
15189
18752
362
17537
14093
5360
10460
19207
19117
10295
16322
14482
12042
20925
4872
8753
11024
9994
16716
15260
1623
2257
15753
3192
16990
15448
9830
3473
12412
12224
10929
17513
16208
8155
3762
9808
687
16499
15294
14650
10835
10387
2304
21307
12951
16189
1350
8580
20986
11849
15194
7141
13502
8153
822
13734
1805
16650
2164
2575
21643
16214
18330
8355
21388
13273
708
20636
3828
14700
3221
7337
13846
1075
10709
16991
11806
21117
8610
6233
34
19881
10461
13722
8828
1202
13202
11067
5732
12232
11170
18081
89
10479
7330
5042
7072
18668
14799
4167
21909
988
14926
1060
15910
17641
2343
20935
2604
8377
6523
18878
12717
12271
17565
4185
6548
5575
16182
8247
15968
15127
4376
17843
14227
17836
13713
3645
4197
18076
806
11514
11388
21826
7762
12166
6825
7771
15384
1062
12737
9895
9498
14471
15806
12552
6118
22026
7386
11044
15804
6423
7266
10117
17601
9094
3674
7444
20597
15580
15399
7508
18338
16772
5967
2194
7175
18775
1458
22291
21237
2291
12482
10701
21837
13320
22423
8375
20954
4530
8177
18111
8874
14783
19221
4684
165
856
4643
15337
15578
3465
12947
5963
1331
19201
14556
17900
18662
1564
20605
20995
10024
3637
18489
3893
4403
14869
4434
5257
21774
20972
7809
21580
5208
16086
8007
865
20013
12216
15312
18224
9957
7364
17714
6926
17671
1474
5691
6093
19046
16970
17184
14789
1186
16224
1304
2259
8065
16383
6371
18496
9973
10169
14712
19733
16811
16757
7790
2063
8485
12911
21540
7815
22300
16174
17092
13303
20778
6642
16939
21498
11121
18314
7617
9409
21590
10049
20521
2159
8012
1090
2908
18425
11476
16158
20931
21811
17399
2688
19978
5684
19945
15583
623
10309
3201
230
17425
1902
14431
4720
1594
18020
15932
20851
7159
18843
1499
9860
1131
12326
9200
22138
21535
22100
21120
7091
1178
8791
9674
19906
18223
3214
16177
14589
412
19579
3912
18188
13646
3285
5745
16932
8351
3107
17073
1817
8663
77
727
3546
12281
8576
3951
15665
19515
15833
16857
8474
1794
9801
14834
16051
7779
6644
13596
9064
6677
6599
15889
19542
6413
13890
16113
15683
17381
14827
16805
1872
18961
8929
15859
2116
14199
6664
19107
2414
7015
1549
16543
21012
14352
21026
16084
21744
15282
15275
12280
15314
7494
13904
22065
14292
18631
2839
7846
5480
6865
22368
11770
4312
10786
7826
3625
18308
2010
19867
583
11534
18426
8778
2846
2527
3301
17214
5288
13121
13946
7267
18275
10486
7447
1179
9537
17455
5565
9164
18562
11322
15177
12393
2940
17175
1962
6964
9351
9013
6539
22140
595
9083
13219
10946
18712
12758
19732
19930
1006
19232
19800
14858
12612
18683
13644
15100
15739
3220
18105
438
15171
8862
21795
16067
14960
690
5426
19972
2748
532
15168
3680
12053
9926
22462
8649
15523
3093
7778
4918
6461
15152
10255
1801
18443
11569
19128
3511
4098
18751
20441
8998
9935
774
5961
5588
20297
9494
22149
4394
11444
21718
20614
11242
18031
8385
13061
19831
12997
16029
11319
8971
13801
632
14150
9945
16985
19138
6799
14606
5122
5854
10325
9311
1835
11946
16692
13533
4769
21333
885
4387
1197
11172
21983
320
1294
22045
13472
18921
6545
7940
6313
6369
17386
17401
22448
5457
18609
3289
15878
16004
16912
15190
6578
16111
3393
11548
3688
14286
18022
15157
2825
22109
11497
99
19145
12995
15154
5058
7129
10003
14313
17960
1920
1322
12928
19776
156
13100
9173
10290
5803
21183
656
5242
4386
2285
14439
8217
6155
13639
8607
9393
5863
16409
4871
15817
22311
19660
1138
12134
571
3208
15151
4435
2670
7199
10704
12490
12658
12193
19650
10644
20981
5975
18264
1153
10760
19995
12084
21601
1597
1806
4767
8539
1150
18812
1363
3185
10348
14733
14599
19165
13322
1873
14413
11709
8853
11712
10238
18036
21915
9845
10042
16162
18261
8676
20983
9804
8836
9888
22317
7233
72
10007
3615
989
18085
12443
21554
6509
15912
209
18214
8421
4169
16037
3516
15353
11531
15778
11041
9440
12584
2978
577
11370
18230
6689
19585
9363
2474
4510
2569
3008
21833
15642
10408
1896
14795
19354
303
19427
3898
2889
22367
3567
12330
3243
9222
20241
8328
7596
15358
8928
1132
18757
20025
17434
22042
9764
13850
10654
17613
10517
17539
14727
10969
8932
10075
1829
21931
2223
6566
14491
18942
16126
9802
18851
13583
9857
8039
2320
5808
1180
2524
11883
18064
19140
4975
18147
845
13079
10421
4674
12121
6614
22002
15123
15802
20914
12705
13541
960
3283
20089
21974
815
4511
13101
22115
11658
19386
4084
3950
21292
19450
10801
10299
17510
8867
19220
11178
8169
14451
5920
16720
6154
10392
2850
7926
14417
10252
8685
6280
15517
17924
20498
13570
12419
10685
14514
10664
13786
6802
13310
13267
4478
21352
20485
12116
19638
11258
22036
10965
14805
1793
12338
11982
14870
2348
9185
17952
1169
10717
14539
18577
8756
5468
21406
5555
1102
2843
145
11412
19973
9948
3395
13715
14261
955
1349
9204
4943
58
518
8053
12698
8287
1343
14632
13173
5928
9199
8679
3990
5996
689
4050
12909
20566
15891
7968
19659
2242
1232
20292
9394
153
12418
22176
7286
3375
11710
7232
22414
19185
18976
14349
21921
14673
3351
11405
2220
21417
3749
9727
2612
9176
18666
10513
17930
3435
9920
20682
15599
14089
7964
10783
15988
19877
1388
1792
7343
20397
11541
5747
7080
10271
2616
6291
8121
695
22028
14183
14715
18589
17062
21672
21094
556
14078
3977
10677
3529
1055
11568
11261
15923
18872
21235
8197
22064
12180
15541
4214
2697
8819
11010
22397
12513
9197
18364
18198
7946
15417
18767
20027
1903
21122
8626
19441
1342
21916
3823
13977
4925
5662
3171
8397
15795
1899
21753
10552
2438
11789
19627
18732
10030
13280
4011
21050
21579
10478
6587
369
4291
2667
7802
10521
1507
18435
8141
10968
11653
13198
5987
3942
3311
17468
16247
21500
17319
8271
11243
18764
4563
13866
888
1320
6898
491
18880
10369
19848
14017
21248
13338
2383
2653
17448
238
19015
6466
256
13269
2140
11927
17864
2883
11084
13591
21103
19226
15893
3096
7380
8405
13431
14951
12072
1965
11855
17685
22289
12331
15684
15740
1727
16526
12544
12611
17552
3560
16766
16190
21206
13345
20532
8026
14449
15075
9099
3425
15701
5434
9718
17437
8292
21937
3078
11897
19830
13005
16954
9157
9763
21512
14308
18653
11834
14364
5045
4033
20274
6308
3236
6702
11019
21022
9562
3020
9592
21194
15664
1935
15462
246
6974
19391
10459
11963
18902
10122
17423
14055
9661
2512
11990
15829
17308
2275
22292
21173
19569
6256
309
10920
842
5386
9836
14815
17089
17360
2468
17056
5932
8751
13294
15704
22438
7022
4889
8731
9869
8633
535
7942
831
17339
11317
15363
8213
5363
5876
3057
21775
18327
12810
21415
8515
1428
6332
163
7886
3349
10986
10129
8392
9189
14640
14222
1599
20726
9569
21544
15657
9065
18749
6034
19970
16096
17195
14510
13881
19496
1467
21067
2916
16898
5158
18080
20970
9595
6801
9883
4172
2491
21184
13769
4750
20811
12729
19745
10196
20351
18049
16053
17650
8360
7909
15041
8223
21754
18680
9988
7116
13430
13416
2332
5022
12446
5783
16620
18176
6153
22352
14425
5824
19653
11465
10088
3946
16232
21127
14575
21962
553
4665
19883
1561
14823
8335
19263
18996
17011
16595
3453
7245
3364
2922
7084
16738
14170
18594
543
3669
8251
7900
2499
4462
8138
6322
10482
21092
13010
20679
19813
7546
17499
1573
21003
7525
12825
11689
2381
9264
21881
19819
6026
476
14814
20601
21782
8211
7310
18613
17585
13087
18820
7699
14766
21375
13333
20589
20594
20442
6698
5393
528
8041
8191
12143
5069
17347
10211
10872
20576
18199
5821
10803
14079
18591
7196
