2152
16714
16590
17696
19594
458
15647
7177
19522
20287
4410
10020
2886
15846
19863
4190
6025
16466
13376
3797
1221
4568
4184
15745
3407
12568
10409
1700
7821
7152
16951
21924
17646
3650
11870
16433
4540
20087
17296
21547
14280
6225
21851
1617
16632
20405
4902
16966
20707
7550
11236
488
17216
15570
10493
12925
5802
12723
17247
8622
6567
6959
8894
17235
19501
17993
21482
17891
15265
11796
21436
11657
18480
11671
7669
8619
14181
4953
13737
4544
14141
11231
19209
17026
9599
21917
14225
5387
20347
8904
16988
18043
19146
3422
19961
5543
14143
7020
22392
17207
10205
8195
19167
15018
2852
9201
12583
9993
1390
17975
13169
13264
20427
14554
14272
5037
15737
8306
21420
19724
2617
4114
7417
15609
10846
2870
10010
8051
8158
15572
5354
3771
4490
11543
2496
11118
19184
18551
5883
122
14098
12690
10346
22280
2353
7941
10799
21227
14501
16852
11904
20773
374
21708
2146
18128
21977
14876
11940
22296
21460
16755
13353
4192
840
16652
10864
14929
7259
1557
2175
17508
6782
14110
1823
3809
6625
20064
11477
135
4428
4409
5658
19476
14691
904
18404
1064
3600
5638
14564
16497
6589
21300
14382
3448
21419
20992
7220
21277
1351
21819
12996
9875
21663
17211
20321
1093
22459
12831
19380
18971
18548
8540
22096
20618
6189
15338
10617
8243
12150
3778
8950
12215
16292
10926
15226
12350
20460
326
9480
13063
20042
16078
3738
19610
11650
20941
16291
7828
2816
10366
11043
19275
8276
3037
22050
1334
14562
14316
15640
1248
15026
3656
22166
9303
11589
5148
20735
19987
5843
10732
8677
7871
12182
20847
4607
80
10424
20257
3067
18721
11056
9424
21940
17080
7904
18744
10251
11045
16358
17210
18932
4370
130
739
4151
21773
16636
9878
19483
10956
18143
3550
5307
14978
20029
15785
7322
766
14898
12976
21359
15299
9163
20951
16591
21713
14820
9182
15346
8454
3880
5286
2519
17500
18654
14192
1828
167
17811
12912
10912
9483
8433
2647
3180
9290
12999
7684
15749
415
13460
9932
2934
1041
10812
13841
7796
16060
2974
17066
14546
1269
2386
1047
10091
12771
10262
14658
882
6419
1682
8077
18790
20760
13549
13350
4595
3260
10132
16973
2927
764
6975
22451
14621
181
2241
6171
11608
10545
609
5255
1988
4182
21370
12527
3575
903
6370
4987
2324
11300
19890
962
21431
11111
4559
1606
7066
5241
8473
14346
3155
20959
3362
20169
8453
14928
2421
5318
14142
16971
6737
11155
4465
11956
17867
6490
15207
14576
1426
21541
1432
16735
13719
16792
1346
6309
2445
15828
12626
5466
3454
13170
12162
7004
15050
15063
15364
16980
16397
9205
6352
5276
11168
10967
19151
11125
9378
12785
3094
4074
4038
19795
11673
17418
15655
9224
3845
6874
7368
7134
11191
21328
1309
8616
13439
18717
3430
876
6805
14480
9743
2305
18553
4252
20982
14371
14988
10338
3497
11081
8533
18528
4337
12231
7911
22295
5859
10830
11062
17014
20454
10790
11529
17977
16520
17188
1170
2565
11922
16094
21632
6965
4061
5655
5348
536
12035
5172
386
375
5510
22324
13068
7263
22294
5755
8093
13749
21055
3013
13896
14115
8611
13940
21769
12465
14941
18861
1925
15070
5249
15398
10056
8296
817
8715
20329
15992
12276
13659
9482
17584
8387
9210
16698
17460
5484
16216
6788
15535
13024
22299
6133
18453
16955
22228
21518
3883
2812
15437
9053
17426
7289
4946
17416
13828
5511
15944
2656
6949
14696
20117
18917
8770
16607
1201
13398
11338
16059
22052
6319
17817
5379
17839
3476
7108
20379
10379
16393
22257
8234
18904
2587
14344
18200
12629
3764
20910
11725
6789
7936
18623
14245
13899
5314
4495
13181
17921
821
3635
8502
15481
6021
2294
12013
22405
11868
20246
3609
4019
13547
370
9943
4347
1162
8381
2665
7638
21928
10281
14422
6671
284
17414
343
22230
16394
2988
22171
8617
6172
4141
16800
5673
10439
2014
9620
3677
4654
3707
6888
12500
5442
12344
3886
5620
3583
9968
16995
3819
7464
14291
6041
4287
19093
20924
16567
9934
18556
18288
17859
14024
14895
3520
3092
22194
21918
8714
4294
21051
7807
9154
6796
3802
21465
15959
565
18400
4742
14318
4821
9536
15252
18937
19654
1643
5345
10988
17825
4620
9450
5440
21703
9759
20844
6829
1702
3922
18605
548
16495
8519
18083
2387
21232
21920
20145
5228
704
2861
88
15638
7765
16769
8426
17370
11994
382
17145
16877
18783
8837
11467
1690
10046
1624
14458
13802
17105
16770
12643
4741
13494
8628
20879
1733
12310
3865
10502
1
7210
18514
15030
20240
2851
11553
5427
13370
18044
18185
9260
15357
18946
11780
1968
3127
10659
7722
15841
6843
22013
14677
14643
20135
10530
160
9021
12249
504
3178
8336
8386
7207
20410
11615
2676
21992
10593
9281
4021
9637
18957
7136
1918
7535
16911
18467
123
11466
5614
11411
17301
2759
8489
17656
10102
8907
19336
12793
12155
20993
10483
14781
14085
21167
15468
9850
4829
14049
6775
7123
22037
14864
2822
12884
2932
4535
21892
19462
18205
7019
4804
9367
16260
16661
5446
6282
6679
8849
9832
21504
20752
6746
8049
6267
9510
20226
6804
1946
2738
4147
17483
10753
11133
16968
10772
11174
8891
21079
578
19727
12678
9617
8709
170
18759
12485
21810
14613
16602
8511
2508
12499
12897
18289
5204
7521
6720
14477
19494
1604
17170
10401
7835
12196
11836
7382
22208
4990
