701
17108
6407
18027
21729
4308
22146
19743
12234
11003
11723
9487
13035
707
22171
17983
3366
10379
16895
2456
11657
8482
13470
13111
18216
11101
15236
11332
14497
1398
15139
15388
16228
11661
7888
10426
10263
12500
9319
10990
7874
22107
19347
1387
112
8139
11158
7500
11978
5458
8136
16154
1654
1271
530
11507
1449
21120
16618
13264
1395
21708
14790
17364
19448
6215
2356
9677
9294
5212
22208
17093
16977
22325
12477
13294
904
14181
6748
17181
8883
20992
10241
7467
19757
8700
14049
9176
11341
21615
1450
9248
12936
13868
12776
6805
16960
7769
16438
8415
19366
9359
21899
20087
19314
4864
19877
18291
18130
12638
21033
17370
17301
16466
12280
1964
12521
12339
4825
15885
19870
5899
10835
10931
8049
8606
9
19737
7966
20083
3239
15174
9220
18971
16869
4499
19085
4773
20414
18819
2596
21224
14371
197
16769
11870
18966
21054
15531
21277
15177
8519
5808
13741
8845
15468
16171
13435
1047
11954
2460
11273
11045
7742
8869
19128
15612
19885
8694
219
13879
17274
20293
10617
1244
14031
19515
21793
12410
4502
7362
496
21393
20559
6239
5092
17218
2474
13268
16590
13300
14110
20135
21496
11432
13397
4064
5228
14941
8500
12088
7911
17866
1262
3778
11315
11634
17148
10783
12292
6441
18906
16951
5510
9968
20708
13374
7697
17402
2819
3073
715
909
1220
18471
1557
2964
3242
11231
6045
3973
11719
16851
2245
11163
13742
8526
4327
22135
6815
21088
12655
16698
1670
88
14838
18512
7327
19021
14966
15742
2597
20757
20042
17145
6189
9832
7961
19992
16842
766
19289
1041
2851
22265
10091
20415
12689
9393
7836
5555
19547
16939
12479
21248
4492
18957
6357
16504
10589
7539
15183
5636
5520
5023
2822
5219
22007
6552
3259
16393
8503
18865
8993
19795
1767
977
5068
1372
21232
17304
7337
6133
12045
20007
15535
16271
15481
1649
19610
19135
14862
2242
22367
12464
7558
19587
12677
17133
16602
14769
11234
17676
8197
15623
961
20810
10728
18455
5448
5579
94
12548
7770
12461
21662
10689
11118
1
9373
9585
17099
21859
11804
17436
5345
3097
20392
11526
8001
15026
13940
21438
1261
16093
1901
13313
10685
10948
5943
18553
12572
8502
8387
6874
12098
10988
19275
21367
6160
14640
4579
9526
20024
2340
4786
6953
22291
15951
19681
3764
17384
2284
4453
13735
11352
11230
22316
4218
13252
18939
21154
3423
6473
8216
14344
20365
10345
21810
14532
20329
7033
14677
8146
4036
11043
5307
9692
4641
5081
13099
15785
17299
9128
15300
13316
3113
16741
15330
18124
16560
7952
9842
19522
14280
14082
16999
14696
3672
22438
21013
7066
22374
12353
18964
10912
12485
6066
10066
19130
16968
4725
19787
13987
19231
12176
1494
8286
6961
19476
8894
14045
2450
16978
3491
8567
15773
17388
7010
8226
15012
11487
5744
4516
17227
11671
17694
5269
17780
1351
11553
5847
21776
8392
21212
21955
21851
16122
9892
7652
16791
20575
10614
4804
3499
5896
2014
7735
14240
22405
2311
3447
12643
20245
5403
3906
8453
18073
6993
1617
