20163
11438
2729
10909
9312
1938
12374
14625
16566
18573
909
8817
22098
18051
15616
7433
12750
12912
8887
9
494
7549
7077
15798
508
17436
10352
1031
2618
14524
20834
3518
21750
13053
4362
16882
6283
4539
4335
21797
15005
22289
4554
16188
7883
1353
8247
12940
5954
11710
13100
12779
13452
9060
14114
7906
8764
16421
14388
10852
3341
6454
14772
8046
12147
18948
17653
6221
18353
19700
13556
14705
3887
7544
1111
8226
5247
22077
9909
9848
12463
11241
21541
11907
6628
9294
14616
5166
2914
6293
1403
68
12758
10809
3900
12379
6457
8458
9054
4896
11604
6040
2063
1293
812
17870
11920
3373
715
96
1656
22062
2612
20671
1126
6767
10516
20765
22320
12806
4625
11950
3066
19006
6532
17402
1694
6329
17105
18440
19470
5251
14147
912
10864
13924
13155
9640
8072
2934
602
11332
22310
17796
17744
572
18073
18549
16385
18672
4218
6632
735
5642
5208
3955
9938
14232
6439
6943
22122
17618
1586
15518
19785
1337
5756
19493
19400
17646
19262
10193
11014
18992
18245
14813
9931
15960
17227
745
17694
9905
2362
17484
6744
14804
3186
9862
10900
1066
4130
20747
12360
20143
20756
4363
6438
12110
12996
19759
7355
1388
13715
9820
7228
4038
9363
8801
8651
19378
1877
16004
16986
21855
16088
9401
21160
8880
93
22240
405
8611
12938
138
14528
19977
14241
1153
14408
14698
4328
17720
20909
1422
10097
8710
2637
20872
19471
18015
11382
343
17411
19796
12005
7823
15408
17410
10061
379
9048
9203
14806
12680
16839
18102
18439
4633
20903
13611
17132
14801
3710
20818
12150
13656
16987
15092
12504
16284
20843
20757
2520
2283
17383
5672
9923
5528
21795
18019
17409
17880
17926
9883
7899
12622
16590
3573
22454
17055
13119
226
10597
3745
13886
4531
13076
17799
14231
351
21984
427
18088
4353
9183
13828
17139
1786
14221
20613
4491
5045
8370
8784
18412
5877
14185
4036
6469
4150
442
10918
7106
1020
1443
3633
9599
8520
16199
18734
15276
316
15897
12475
18046
14709
4751
9813
4608
10118
12117
4304
17671
17284
10538
8276
1689
11411
879
10921
2579
12340
20871
14673
13302
4541
7253
17317
18103
19651
1460
22331
15615
6646
13138
20116
14325
2927
8100
21055
21498
7140
20870
8293
18164
1006
3749
21902
9153
1112
16820
7870
10322
5342
3767
3706
6483
7931
20139
4594
4561
11928
22092
18793
358
12960
15605
12891
14494
10099
18130
22354
20152
11838
16558
5284
21273
12689
21002
11150
3430
16223
21918
11791
5188
19312
17099
2372
19086
8417
21418
16157
12575
14353
7535
10929
5921
14858
14196
1554
12395
21124
3984
13319
8884
18955
12853
13716
15800
153
13555
3131
3370
5203
5085
19935
4611
3620
7983
11954
21254
4021
5525
16143
7733
12499
9053
14802
10555
7836
6917
9827
22225
16374
11130
21664
20304
5663
11524
17462
2127
15749
19636
16916
17798
13118
6240
8328
6263
1147
5109
14749
8839
11173
3870
11854
16747
18772
3494
13705
14358
4280
1658
11969
9184
20332
19910
11211
18152
3386
8169
7898
4613
19043
9241
9228
221
14897
1712
11507
17779
2880
9263
717
17419
5510
8074
3026
2857
19574
10888
8936
16755
14305
11957
6287
2419
385
17097
13534
10938
14459
4488
7919
15978
21381
16511
8236
21286
9542
4109
69
17178
12939
8358
15624
18983
3113
14257
12838
5837
17680
18981
16278
1848
6644
15391
19792
17714
15051
9873
12234
20810
14434
13821
3250
19526
3166
8456
13551
6785
1339
13847
15718
14297
18828
3515
9126
6070
21897
15214
4912
17507
21613
6219
20134
3511
2405
8119
5580
15985
15435
20256
21304
18799
9100
3876
14192
14697
16553
13662
6622
18858
20205
10595
13382
7516
11664
7178
7305
3028
7722
11602
2575
19720
9647
17857
6435
809
2925
5039
11132
9067
11888
4394
17117
7362
9665
16026
18477
1222
6538
8800
1674
21914
13101
13305
6190
17270
1808
12832
22246
18947
12308
2966
15635
5555
18276
10694
16470
17031
13674
14409
6625
22115
9164
22012
4525
1015
18227
12287
8129
1914
12667
5660
16479
21429
7602
224
966
22290
21413
21706
305
2196
7046
7250
16749
20950
14442
16098
11727
14776
9246
5559
12243
15510
10303
19418
8030
1933
4499
8148
9351
5522
14720
21017
17775
10649
22268
21437
11869
20329
12088
1748
5521
16773
5327
4083
12015
1304
19709
36
11641
12425
15111
14234
3626
21414
9031
11238
19082
10212
6391
14342
6717
13232
10218
19216
2929
2878
10091
8416
10887
17629
19571
18708
14916
7914
11516
7512
14101
4828
362
21247
14884
19303
20570
11232
19252
15409
1175
9527
2165
13418
12277
1911
16229
1843
322
1727
19308
3503
9839
10348
2284
13737
11366
17459
17996
21157
15973
4016
15290
15554
13537
19068
6078
19114
11513
12414
7507
10466
7154
1901
21586
7180
4376
19173
17987
14454
4334
10608
2389
17352
10566
13618
1394
13003
16298
13791
16209
12464
2463
10469
18971
20857
10446
3169
19962
11035
22184
15630
18668
9635
16145
21781
20678
19359
16556
22388
21659
18784
10825
19020
21048
11436
17607
8554
7217
14126
13769
20582
16221
9973
15954
10605
1322
21826
10497
5479
791
71
11485
22251
8222
2238
19218
15175
10928
4786
9371
21280
20696
16714
8889
5870
13901
18565
10453
16449
2205
14849
3504
15195
15717
6456
14071
7481
3242
9086
10741
20224
11853
17833
5912
13269
6161
19369
18250
14542
18869
5582
9284
15019
16344
3765
8138
16183
20395
6125
16830
16289
18531
14290
17687
16580
20544
16447
2349
10903
14896
14862
14547
4042
21919
8232
3590
5994
11762
11899
21250
20996
9043
2434
8373
1086
10808
7878
6050
896
1362
4933
6058
9504
21497
7547
18449
3273
8934
6136
14361
7128
179
394
1495
1007
12218
6636
9652
950
19394
2830
9556
18263
19439
6459
7216
21165
5185
471
13012
3424
20786
12726
11728
1317
5465
8761
20213
7183
10838
7728
13058
4158
10226
16112
18002
14276
5981
17627
4368
2487
7490
5187
16205
17201
19236
5086
18731
2189
14163
12007
14969
14579
20464
2470
8191
20137
7284
18670
19553
8010
13966
20750
18987
8711
21456
21649
2757
21371
357
2960
942
14383
2616
6743
21319
4815
12929
22165
21105
1821
12222
21022
3502
1180
16860
12774
13286
2866
5031
9750
17167
4774
4237
1418
20046
4532
14559
4292
3447
3907
517
14500
1123
9039
8571
12946
20049
239
10524
1184
19532
20438
9349
875
19996
18192
2182
401
13258
5231
5400
7229
9117
1054
14177
9011
21457
14847
9941
10562
13883
702
16297
7978
3006
9372
7499
3861
19447
19450
8419
15919
21767
10664
19153
21529
4188
9193
4332
1710
1930
4040
9649
7078
3708
8324
22052
6600
11001
3763
12240
498
16596
9395
3098
35
4898
18288
5102
22202
14031
1955
2144
15585
17501
18860
1223
6006
12617
9181
16728
12098
7511
12956
4401
5639
12141
14816
11580
20401
14988
8142
6801
8868
6232
14017
13578
4223
7970
2286
1834
13366
20110
9316
9578
14554
16225
2047
20669
20042
7215
2584
17936
6560
19906
8377
229
17476
18650
12610
20720
458
2564
10945
12372
19492
16237
14464
5958
15028
5924
10184
14510
15431
1106
20504
21820
5201
21762
17366
4913
16978
15581
483
18481
21560
12077
11991
10043
19443
5714
15644
20072
12104
13944
4579
17922
1939
14823
12569
18812
329
14143
7365
6375
3236
13804
15033
9161
11019
14364
9659
10279
20951
10775
17458
9510
4926
12012
19652
193
6649
10785
20209
15987
21399
6817
14362
13128
4379
5607
14774
21859
13836
5383
8907
965
16840
6605
11027
18882
10805
9653
9768
8351
22467
19946
18012
968
16670
4483
16464
20949
7731
13659
1245
15246
789
363
2206
15000
10872
11812
10983
12000
13956
14166
16869
3407
22330
18838
6252
10188
3072
20649
17663
16242
11310
9418
11866
355
21929
13107
1324
3457
5483
2864
7523
17781
4683
12953
1234
12668
7647
16784
3051
614
9035
20908
12937
11200
11688
12720
3421
1361
8292
18771
6931
16943
16557
6970
1954
18821
16091
3595
19767
13029
829
13582
11480
7236
8642
15733
21727
15945
10110
9382
9967
5628
20539
17638
11523
7039
8758
15444
18973
7021
9453
14124
11404
9691
7076
4635
20564
12787
17214
20107
2343
17952
14620
10709
1433
11500
12410
8860
1088
16868
13413
2180
19919
20798
7820
7660
21701
7453
1944
4597
2860
979
13985
443
3043
3686
147
8954
8957
22435
17379
8227
8584
13194
14907
10202
11149
15546
6821
4112
16769
8537
1965
8184
13436
10552
9645
11520
21275
3181
13748
92
8140
1820
22102
17971
643
6186
2126
10634
20719
13499
15120
17206
7347
4661
12339
12291
21517
19684
7921
6331
19436
10102
17161
12267
13072
21303
3277
11435
5511
12416
10935
98
6005
6795
11835
5478
8999
10273
9509
14136
11210
21910
6258
19539
3517
18819
21110
10066
2041
141
7530
10498
12611
4767
21288
10335
5322
5173
15047
4577
15771
22037
15791
1059
15929
15203
15363
12830
14198
4772
19929
5415
11424
22276
1842
3817
1301
20344
17655
19116
13141
2004
8685
18597
376
21347
12552
22316
19459
14976
11949
11538
16443
5332
7745
1396
14678
22135
5879
19366
9249
13503
10806
17060
14399
7369
22073
293
17991
19900
17516
21745
15457
699
21491
5775
6957
12841
6139
8792
844
3419
1886
10077
17282
4813
16846
19564
4911
3160
5307
21163
16574
5219
20202
19736
14568
7394
8136
21225
5071
11765
11311
16138
19268
17034
2560
14324
120
18054
5635
21724
19716
8624
14379
4838
1084
17390
2255
7320
7468
6690
21031
8068
20739
20590
11360
17980
13013
17597
1468
5909
8019
12959
18927
14109
16332
7665
14130
13617
11494
6796
7256
19230
1012
3991
6056
12986
10095
13592
18411
5542
12540
7747
20168
4572
21161
8221
12324
18487
21903
4732
2509
12815
17918
19097
19756
11608
11021
209
19351
22327
15017
18202
6257
22443
12261
1237
5272
16884
14117
21025
15892
11474
3737
8281
14326
22101
20497
11871
14180
7249
20223
17674
17048
4350
3784
545
11809
17739
253
16395
5752
16296
7335
20316
16492
17020
13422
12533
8550
20754
15673
11377
15180
22045
14674
15802
10427
7553
20722
6715
19865
4179
22226
5433
13978
4187
10285
1459
16068
21332
17213
1355
11797
1220
5609
2922
12021
2619
7473
4138
4643
20043
7110
17582
8291
3791
4585
969
4836
7601
11000
12115
5001
14016
22010
3769
361
9385
17625
11028
9309
5623
6168
11964
20433
16169
19866
4301
13409
22121
10160
1454
212
19599
1209
18555
8684
11195
13865
14714
19075
13875
7943
11023
8090
9374
9478
18901
14549
611
7765
3499
7338
15485
4234
1092
5967
20513
17823
5961
6472
3224
1583
16525
7209
13254
22384
13842
14584
8782
5321
18256
6517
7174
20337
1678
16684
22220
6044
20450
17620
18917
14245
10963
11738
6979
6693
8436
21338
16254
1660
5267
7451
1271
19031
12735
14082
8411
13048
21756
22407
17966
7391
4157
1923
6623
17262
10518
19238
22090
6620
15073
10015
13094
10635
11705
19522
4317
9869
7160
5600
20233
20269
2693
6007
14095
7686
1463
21787
5
13410
5194
7434
19969
13950
19911
21653
9250
6000
11591
5919
20303
19528
13117
17299
7620
4862
3095
10560
12492
3347
15040
15257
20244
16467
18773
2541
22223
22171
19835
9663
2072
7828
19586
15474
7566
22172
11926
3294
326
12297
3400
18396
4216
7658
11206
4981
21803
2229
4857
8000
9889
6919
16712
5577
6462
9822
8750
17777
13881
9915
7850
8905
4250
843
8098
12139
2462
10769
14237
7130
15178
334
17195
9881
8998
5005
17306
12536
18640
22020
2650
14846
22069
14056
22255
13207
19628
14855
15309
19544
19383
1728
1447
5622
6239
13638
7393
4567
10855
4155
11285
21594
16859
8444
9116
21609
8740
10850
8397
6114
17229
18327
840
12856
19063
18886
19301
16644
6437
14706
6997
20594
22244
18861
15845
13190
20830
19004
18535
7243
12459
13102
4127
17495
1203
1956
16245
16822
8605
8500
16320
4651
21260
22103
7191
1328
11347
18132
6730
16180
13279
4203
20017
17844
18224
21682
3474
19827
16812
2313
3809
7149
1582
20217
10152
3893
6011
21945
798
6992
18447
19632
12875
15565
13299
14902
7740
16850
5620
12369
10489
15148
14699
6616
3314
201
832
6536
1528
1449
16352
21965
2969
18529
2444
2006
13655
17010
8757
20001
20733
10272
4070
2367
18006
1543
20349
94
15903
16698
4831
21138
10264
1489
506
15727
2437
10021
16659
11181
14755
20851
5776
2031
21237
18247
5341
3667
7132
18754
10420
49
11973
5997
5167
18455
20327
21007
6132
7416
3542
20279
15399
20575
19981
3163
14217
8088
13959
1603
19456
11046
8389
18722
4320
6899
12169
2583
13193
12945
9367
5720
21011
11679
3948
5977
6002
10690
10752
17218
14569
10843
9631
8415
3015
20435
21078
7126
16676
1486
12070
3557
17036
21374
19683
14120
4602
21474
14711
12422
2595
12205
11335
7329
12170
10707
16725
17433
2337
1441
17977
4528
13509
11667
21522
18820
14879
9933
3878
17
5356
73
13297
4084
13166
21496
6278
8737
11273
20177
5308
16253
22233
1357
4553
12517
8427
10837
10280
16911
3394
5107
12084
17915
18609
21515
10601
18014
4132
21239
14892
5570
20863
3648
20914
9398
8097
8060
3977
5129
4444
4931
20415
18246
7555
1474
18691
3742
778
21489
17514
8679
7029
5881
14283
19790
13124
6116
14629
5324
13494
11633
8475
9679
13004
12692
1932
16248
14453
1527
6321
17912
20586
17889
7315
11540
14575
8050
17759
9174
17587
18934
19764
16404
12460
17387
20921
7184
10932
16024
19182
2590
9012
11483
20301
17080
22456
18744
11144
17012
10126
8102
9795
10807
3677
2610
15784
5823
2091
10051
6682
17478
16983
10488
13709
11482
22399
18417
5242
19679
2331
18280
16521
7734
3800
7903
2911
217
5078
10615
15404
18099
892
14052
3082
19332
11646
12727
14832
13502
2852
15194
946
21776
22463
724
6711
8594
19967
17274
22403
19872
2156
17791
2177
20960
4508
19403
16994
800
9918
2061
2164
22192
18468
1063
4181
20768
19542
11905
7357
7474
9733
13031
12608
9788
14686
21065
9027
12265
18618
14778
20986
21908
9373
1817
21690
4377
12833
18979
18586
13531
20103
14407
885
10789
12993
19026
11139
2936
4809
8918
14618
3512
4387
13263
7874
13433
17199
13603
17103
18746
19634
20724
5365
19733
6042
7932
1404
9837
13146
8146
449
14118
15694
7409
9096
10221
1882
19061
21647
2225
9565
4273
14304
12742
10134
22313
14155
16460
14741
9769
85
3987
5488
263
19135
18662
9615
6043
2703
21798
350
7187
1664
1538
12408
15965
12371
13010
18595
10957
304
20889
20831
14097
14748
6370
13384
21042
20178
10979
1515
10728
2800
8517
1865
12031
9055
15015
521
10074
10986
10976
9680
61
12811
9582
14638
2447
16277
14405
3558
21707
11172
22465
1476
11839
7890
12784
6442
11665
8920
45
20478
4678
1578
18544
16905
14111
18023
4769
22002
15289
20937
15625
9026
17879
6289
11755
871
20392
2986
19264
21703
21874
5825
9277
8173
21018
484
14565
18414
2109
22015
19620
6398
432
14365
12390
14498
10362
20044
15402
19671
12190
634
9745
13435
6983
554
1427
20404
5830
15236
16184
7003
12512
10812
9083
9780
243
7895
9009
6503
22140
1892
616
9997
14991
1644
1840
22288
2748
4989
2586
1872
12885
6157
378
10816
6775
2299
16799
12731
5984
16136
10001
3315
18044
20873
11903
22180
14689
12199
2468
22440
11763
12284
12079
10293
19778
2939
18211
12002
18391
17294
6355
11892
3466
9655
12497
826
8302
16609
14624
19997
5828
21463
15612
11158
22282
11245
17685
20664
22325
11739
5913
16992
10333
8104
14646
13543
22130
9128
19507
13517
17163
19511
19158
8348
10332
5794
9697
1980
6760
17948
15282
14236
15520
14491
11091
12312
16904
3465
783
20347
1638
647
18053
2181
12573
7985
17056
1994
977
11543
14518
9353
7201
21271
12990
11330
19051
22401
10779
8435
12715
2938
18437
11630
4101
16798
10818
22028
5269
12453
10321
8667
6366
2442
11362
16996
19845
4473
6247
10978
21140
8969
8676
20505
20614
4009
19998
9239
17591
505
11545
16003
14695
10657
17309
4590
13364
4342
21601
20184
11944
2282
14978
13948
280
14791
10770
12871
17778
22358
18210
5413
5547
15553
18200
3974
17110
19959
10579
16304
1268
1778
225
3612
18388
20721
21760
6696
19315
3012
4623
17713
21938
13896
3563
19870
3659
16703
11807
14390
12163
8421
21032
19247
18688
7690
20549
6344
20683
113
21686
2087
20144
18526
5817
582
10897
21761
9619
6086
18313
4169
19254
19167
22259
6771
870
15851
11372
16510
11012
13548
7479
20291
22356
729
11104
10673
10623
7606
4827
20384
15704
13309
19984
16388
2028
3734
17062
18541
6710
16071
14115
16224
9855
10359
8726
19463
14667
6864
10073
10400
15468
9429
8450
3937
16949
7795
21995
10423
1329
7419
14168
16730
21370
18941
18303
5361
19529
13899
6551
19777
1312
14617
9751
6679
19909
11147
17554
11007
20685
12501
16921
15697
8683
2398
17437
4119
8127
16939
5712
14167
10972
20858
21380
12256
3463
8179
10763
21836
18824
4006
13730
12216
12547
4177
6045
21363
11229
14202
13178
7203
8636
12271
5038
6734
6387
2112
9890
11205
16588
18512
11562
640
1520
13867
16984
9550
4415
12866
19555
14190
19629
7693
7397
70
1950
12599
15388
1679
1636
16906
7309
9105
10324
10777
19922
2598
18193
3696
4146
9836
6156
13814
10823
7576
2677
21393
17059
652
13284
21039
6211
2369
5813
6455
16885
19132
4067
9817
310
14335
9120
13026
14957
22166
18480
20524
17497
2085
9519
21294
9963
3264
4337
17393
11126
11712
16623
11794
20226
22169
17945
216
286
13685
19305
87
8698
5499
1535
10989
17728
19035
5293
21956
5381
7833
22445
18953
4358
11968
21155
16364
3808
17939
19367
21141
3395
9824
13462
2439
9742
21229
8848
12757
1265
5384
4759
12666
11156
2375
4374
12890
3180
17869
10018
2327
422
3825
11951
5948
17155
11363
12751
11287
12553
19583
18390
2611
20655
2417
20699
255
5275
19313
12601
12769
11171
11817
18460
18808
19180
17025
14590
17810
17114
18646
13812
4876
20827
6603
18970
14619
4058
9573
18935
10815
9894
10606
27
15497
17460
6354
16896
19197
13359
16485
9484
20407
21472
736
11623
2034
3451
4747
8908
4817
2074
15119
5943
11919
20797
13871
601
14757
10317
12699
1014
18142
12920
13156
9557
11767
18976
11587
8754
2033
18232
1732
19892
2252
4171
21349
15527
13466
20260
15397
18474
6916
872
1616
1391
13562
9921
4696
2684
17576
21968
7856
13647
13637
15772
1224
9397
19864
1071
6608
14096
20091
177
9882
6
279
17611
16622
8687
12625
19966
14795
14189
15483
1904
10135
4133
14384
15045
9641
926
9440
3203
12039
21705
2153
17700
12342
17861
8443
10792
18356
10499
3666
5850
22095
7575
13777
261
3957
15034
10669
22433
920
15091
10235
14842
7035
18163
9355
267
14882
4672
6383
11380
9934
5093
4125
19837
17113
6372
2604
13974
12078
6720
15995
11965
10554
5957
18857
18629
7181
3316
11135
20075
24
181
20741
2104
14596
11637
4300
17456
13855
12470
17950
20562
15830
11434
3925
6031
17085
18713
13929
5836
21736
4319
12295
16266
4754
6316
18897
82
8529
323
16643
4037
22065
276
9567
5861
17190
14628
1913
18686
1136
22148
20679
1308
15882
19702
5193
6935
14563
11129
17312
2250
20147
348
3209
20207
7361
170
14648
9231
10471
10310
7264
20691
6674
3107
18747
11781
16752
20626
8407
13521
7010
4806
3337
18712
8988
15754
16361
17899
2917
641
5101
1918
18472
4506
2946
13545
17002
18737
2115
17608
17951
18486
8968
1755
1824
11079
18206
9247
20411
574
10028
13784
4885
1769
4044
8503
10653
12655
10044
9448
8096
10698
19422
16804
16854
12893
7297
8521
10059
17348
7194
15315
15925
8512
1055
21056
18832
2486
10358
1652
5370
20518
19429
10269
19942
533
5462
4361
12688
3445
9345
16522
14824
11717
18178
8040
17029
14941
1377
10977
1172
835
20156
20105
8130
20216
16524
4966
4599
1251
13980
9525
10754
21184
7252
20971
4011
7031
18266
4570
1761
14184
2730
17710
22265
786
9144
7911
16818
18419
11168
3182
15245
8114
2325
6151
15505
9492
10563
5427
3852
10790
13154
19478
10874
9692
15795
11395
10836
21592
22301
11215
5075
20635
618
1683
4959
11399
14375
6735
8440
9337
2413
52
8697
14479
3417
1228
6962
12840
8014
5682
3300
7860
18844
9766
7081
4974
9558
14086
11756
13498
2961
22302
4202
19883
12624
6703
8420
10009
1052
14110
19675
12315
4440
15418
21385
12171
6473
2492
10458
1626
5213
19980
4257
5387
9541
7678
13961
16902
12066
19934
9107
8509
6377
15639
2323
17811
13
9622
21482
5382
10771
11721
8246
16446
4364
1989
14944
17479
3121
19843
185
12426
7778
1183
3857
18602
11933
6556
18336
13703
20121
15380
315
9171
18958
15934
13328
3040
10917
3622
707
14930
3943
9217
18751
737
12434
17333
10079
17932
10350
12933
10064
13795
21064
3930
3537
14724
4795
18026
7800
13173
16378
8783
8852
10663
3996
20900
4839
21373
14001
1439
20108
4001
5579
15601
16337
5417
21527
359
14440
12053
8025
17647
4251
5940
17613
4315
20989
17310
1668
650
20473
5165
2110
10881
10266
2460
14844
15319
18161
13421
11220
4437
15923
17210
21015
5739
15607
21693
6205
14265
12401
11686
15306
22224
21213
16020
544
15867
12263
8013
817
17334
18553
7551
7510
19222
20457
16262
4494
8180
17551
14521
19168
6880
4963
4406
3789
2455
9318
21546
18233
16203
21660
2204
7797
19362
5515
20360
9678
8798
21241
3371
21935
961
9993
3237
7059
20325
11669
2837
16122
20529
8185
3056
4659
10057
6291
1132
14400
2290
12919
9274
11894
4423
17661
2974
5532
12541
13203
18631
7389
21252
22359
22212
17349
21532
20246
16883
8329
7325
16175
10870
19190
12311
14230
7291
3748
11845
4322
20758
18651
2685
6294
1429
3369
13863
3334
9326
7109
10980
12826
519
5849
19259
1431
5625
21810
828
3487
16534
649
11880
10256
17689
18056
2627
14671
17633
20490
14744
21766
11972
16831
11248
13415
16418
6333
4176
16348
6490
8501
3332
18470
3631
15710
457
14482
22436
19131
4020
475
13785
13184
12635
12419
900
15284
10265
278
314
434
13036
19706
450
17345
22157
16473
111
22357
2540
17983
6950
8639
16569
16377
18235
20938
14293
10449
3961
13148
4135
8031
9932
8755
13523
12336
7998
1191
20101
6704
15424
18187
630
10250
12542
10063
20231
8483
4453
16968
4875
15421
19171
8657
14092
20087
21226
6307
21206
3320
20700
5257
21623
207
1992
16919
19810
5346
12027
10195
5237
8387
7273
636
3025
20879
11289
5183
17166
8092
15021
16577
21867
6865
13233
5645
2760
19389
8463
21629
11178
3232
14779
8640
14929
2921
12351
15659
22126
6534
9699
1194
1629
19974
18678
8272
9513
14410
21008
7539
10787
16420
16134
7695
19295
17821
20480
2625
8505
16246
18281
15933
5892
1722
6944
21112
15182
2007
12759
894
10743
3246
12582
32
8464
8124
13267
2770
11324
10878
20237
218
8720
18378
17937
3976
9400
10040
10572
9101
19474
5254
17897
16154
3598
22411
14206
22380
15059
1555
8036
8145
9285
653
16042
9548
1036
5403
20227
5390
5983
4962
6076
17268
17742
21940
4713
14951
12524
2232
3362
20789
468
714
18736
16056
3251
20708
17269
15492
4603
13529
2315
7804
6143
22248
3698
11381
9637
20396
2886
11726
20992
66
19787
6124
21050
20193
14613
15077
654
14134
17396
21626
6198
8627
15699
17098
21835
13949
2167
16204
3218
4325
13963
16023
21895
15938
20459
7869
3061
9001
11379
8282
2089
7891
13426
5831
6357
20963
15104
14268
21228
3709
16429
21248
2466
6140
20643
6137
3838
6290
3219
10326
14821
19672
14837
19579
265
6200
13824
13045
8078
13588
4131
16664
5991
11208
598
12614
13224
19427
20458
3755
20531
4925
18803
19502
14437
375
18443
18738
13001
11234
17954
12026
19851
4894
22408
15176
14961
8477
8437
18851
19411
11314
11466
11594
4389
16531
17327
8888
3128
21922
16283
21528
17258
8176
8075
6650
3556
11561
9976
16163
17069
20729
9399
15461
12752
12341
7223
5598
20918
20211
5652
20400
14308
8219
20027
6325
10715
9681
7041
17361
19002
18942
4419
10820
1387
1044
16206
14393
2012
18716
5444
19881
15947
14915
4775
11489
18136
18542
18710
4993
17244
288
16504
251
426
5149
18090
19432
1235
21444
22304
13459
19594
11647
22449
8363
557
19115
12127
9927
2050
18569
11337
10148
16683
1739
10276
16782
3803
2875
19052
657
15159
22365
3092
22321
14649
20793
8545
13792
9858
10436
12301
17933
22038
20718
18156
7360
19905
10300
19688
5962
7005
17280
19707
10841
19989
524
14701
20945
3889
21972
10121
7927
3553
11744
7677
1478
535
17212
15378
1891
13228
6844
9280
20313
8107
6284
9013
13872
18509
499
992
7266
20059
4217
18028
2096
4366
11709
4864
22254
12942
5092
6494
18278
4298
7977
12705
997
18904
22448
16465
10261
14727
3462
7443
6470
11603
6651
21652
10294
2124
15262
15191
17703
3969
19029
13576
30
16966
18369
3794
11094
7569
12140
10607
7650
11719
18424
5425
16843
16638
14489
7262
14252
21420
6846
21953
1715
9910
5811
15069
9007
8538
20281
356
12673
20922
5049
7682
20085
12183
1723
3764
12521
13895
2344
18298
17378
11702
245
16198
11678
580
20791
20559
21133
3390
12003
17712
20175
6373
2924
13835
14138
16689
11333
6805
11753
1080
14188
11303
4099
2408
7506
21646
20288
7033
9706
5545
4324
11627
2120
4636
8977
2160
696
20852
10611
20257
17656
14443
17101
2629
15544
5810
5798
10643
15869
4976
16508
2664
20631
18874
11572
8523
21404
3212
10821
21207
9859
1442
21480
3956
382
5829
22285
19614
11446
2099
18055
15689
525
19925
3771
679
6253
2421
3115
633
6745
18296
15864
20764
19868
17316
21088
18064
12564
4675
13513
10154
10774
2572
16518
9710
6777
16335
20371
18405
14284
18537
13368
7577
754
12605
13374
9666
21898
6191
18236
21801
5044
7212
6189
296
21853
2976
1264
15906
10271
7852
14075
17529
18965
21422
17304
14281
19141
8575
19100
158
21164
10323
11692
18641
1813
5815
7661
1714
6169
22256
2807
13827
5223
6046
17363
11768
15731
5292
18375
12580
16973
516
12675
5822
18074
8689
16458
18126
4318
887
18340
14059
20348
15504
14977
12479
8885
15770
2558
13187
2967
7182
5498
14433
21816
9131
3836
8826
15514
18943
6607
12931
7261
2052
21881
5357
4653
12071
17338
4033
6612
16655
3375
8893
5328
9232
7147
15538
19204
1360
940
22017
7670
10877
3788
3456
9325
14492
12186
9495
11186
15173
20854
7504
14474
11073
18108
20169
7179
21751
7423
9879
11247
16737
16403
11558
5137
12080
4527
1665
5018
3979
4840
6167
22025
6319
15255
13602
4327
8524
5518
4647
19506
8239
8665
11902
21974
18891
20885
20440
10002
13037
15637
15432
6994
17555
4606
11813
21999
20556
14589
14402
10621
4490
19676
7125
2682
15466
21279
8807
5621
12572
325
1386
3279
16744
3396
21958
18308
2371
18352
2909
15571
11004
1781
15383
14664
3935
15785
8150
16570
13468
19276
2822
9511
1983
15450
14669
2879
21337
17631
4
18408
4560
10105
18295
19773
16359
14722
13315
17630
7330
21033
8621
6385
19092
20587
6820
7827
10468
17595
6966
12908
3911
16936
19886
16988
642
6176
18643
3423
8712
14012
22294
8560
4523
7527
11295
3239
3690
1776
1374
10975
22112
17910
10230
9540
3903
470
5222
11914
10965
10860
16191
10590
5066
5980
72
12703
22004
1195
20261
1200
7725
767
21524
7386
12563
5205
9288
15542
11443
17255
13820
20451
22137
17149
17126
12338
16461
20167
3516
10926
5025
16050
9760
7769
11119
14581
5218
20179
19350
3882
9206
12376
16685
12332
15074
4316
17984
9182
20492
8022
4850
22371
15839
7090
9612
20437
17435
1010
4090
11188
8859
4232
5125
11008
6731
14428
16244
19852
20508
5169
13275
9040
3301
8243
4707
3967
3559
15058
18299
14998
5021
6352
15969
4459
17095
17962
18370
8002
20262
1107
4537
16693
12388
3646
8395
10998
20943
22241
20837
5891
3655
2308
15002
21850
10827
933
4085
7102
15440
12867
14039
18319
8451
1363
14769
19704
6712
22107
18176
21249
15068
22309
15687
14550
8218
2102
9444
11553
1348
8925
11185
1164
13347
5970
14883
21255
7562
8452
13296
8705
15911
17140
20135
2240
8810
130
20240
12286
9463
6225
5855
4507
3586
1553
20796
1680
17174
22375
197
15212
14068
19638
16408
14473
6890
17901
9664
11098
6906
7997
9608
17536
15177
6419
9623
13061
5896
21735
19396
3286
7161
16417
8257
7652
14946
20149
6468
720
7404
18789
15243
14497
5785
14845
16568
22209
8576
13550
20621
437
11747
5432
19404
22389
20583
21536
19489
10883
3731
17179
16351
13798
14657
7469
11359
8910
17346
4060
7868
4948
8376
5778
21481
9929
400
18196
16396
15318
16483
18634
11196
11203
19156
17856
5088
15951
5529
2378
6272
15189
1424
1258
15557
22070
17016
12471
656
4383
6721
16487
11564
12441
15524
3726
19732
1185
7486
2889
15469
15423
21654
7308
539
5494
12989
1380
19356
18534
12728
17958
12557
17013
18154
3291
22459
12696
17145
8192
10757
18062
333
3580
4480
17289
831
16110
19027
9844
13787
17530
345
9898
11924
1754
5677
6034
18188
4432
14205
10399
8984
3150
6072
20493
7716
8974
10617
4526
15
22055
17257
6559
14183
5296
14993
14007
18721
13021
22030
9049
7475
2078
16515
7399
9493
16997
6440
17086
4835
9279
22149
11257
5449
20031
14435
1493
11856
20465
1371
10582
12626
18871
20071
10670
15271
3958
9272
7139
10198
17874
21775
16613
5160
14116
21276
6303
3340
15011
8087
11517
10109
20335
15957
1095
16433
1226
20219
13925
17885
136
19986
20728
9244
12252
5910
14866
14203
6174
12037
18402
15174
192
390
1771
1218
6447
13385
21086
16619
11431
3611
837
4689
15663
17588
2532
1962
19414
17820
6940
20896
15154
19467
6960
3453
12672
21650
17038
564
6549
454
9475
10191
10386
2607
8073
6847
19940
10730
849
18945
1307
17730
18501
15856
3122
1419
21427
16327
5868
13833
12345
4703
11302
2725
14984
16771
2840
16215
18488
6432
19871
19605
1437
47
15321
3520
5250
12763
3564
14447
16398
40
2141
6558
17148
1176
4922
3221
6584
1827
5799
12249
1822
16126
13594
7129
10745
19073
6588
8317
11032
1762
20296
14811
9580
20521
19454
328
17465
12509
10439
16543
16400
5956
3914
7643
11819
12114
935
10281
7218
10911
17967
6097
18491
3024
12405
1639
8108
11913
1531
581
9849
8066
515
13377
667
9466
851
6756
151
5968
12236
12854
8875
18011
867
3059
13403
14914
2981
15001
21840
16982
9555
1572
8273
4832
3148
17492
12618
6659
2137
7849
19627
20372
753
2438
19421
236
15994
2272
6901
14710
8189
8935
16102
402
21531
3682
19610
187
18695
15301
10613
10672
20182
8961
10125
18616
5170
5741
12824
18219
4982
4189
3382
9787
4425
19535
3333
294
8922
3439
21305
56
9816
15018
15952
17549
10076
5259
3459
20976
1766
11278
10580
20412
1575
8646
1127
21824
12067
20856
301
21676
9755
5096
19099
16542
16817
2234
964
17891
13917
21197
149
2727
11327
20809
11059
13235
16690
338
1154
15788
10444
12393
1211
13073
18324
13958
10189
11769
834
1982
16271
18134
2478
15984
22114
16827
21230
19993
14037
6826
11060
16263
5068
7902
14758
5676
4136
13093
13539
15646
7933
13661
19644
125
14809
18497
11528
2064
7244
3495
20422
20552
1551
15764
5280
1401
9714
21625
14917
14626
17940
10137
5290
20920
22328
16192
16687
7363
7552
5546
200
6959
9302
19050
20189
15338
9090
11583
13083
16700
16881
3781
13137
9983
18724
16346
11109
4766
8449
8175
10337
307
19904
3830
17550
18998
15249
11231
945
16290
18701
55
7093
6428
1035
541
11408
14363
1058
17388
4289
18374
14475
7067
2697
1187
15331
15385
15420
12999
5053
21890
17296
2370
18594
13904
11244
7653
22382
3100
6953
9235
12629
9085
2999
9427
13396
7636
9880
3399
5106
14154
3368
20153
11704
15237
16927
7494
22213
3960
11375
7598
12797
13605
12246
16142
18894
12873
3467
18068
938
6933
18963
1541
664
2920
12792
3202
21006
10845
17762
18875
14176
7957
15531
17159
16099
20977
396
13172
7608
21408
21782
13099
16213
6772
4941
16424
10879
408
11298
1532
2585
12652
623
18806
8164
21369
17128
3775
5277
18289
18756
10974
3351
12662
4790
4549
10220
3854
3964
13458
12496
7570
5519
11783
6285
1214
14311
8086
20317
8820
10385
215
3185
16345
12040
15463
15163
22197
8155
21121
5619
7258
1199
10318
17089
8250
8566
15117
7961
12094
13212
14503
2782
11694
2513
9842
14309
9025
21386
20499
14716
3606
8069
12808
18574
10445
15024
17959
14932
13453
1640
18584
17657
9240
15971
13547
14213
17464
1677
11631
12738
21
14577
22018
19409
5894
14773
4240
7951
13968
8379
3867
6554
5527
9784
311
64
411
11612
10000
9569
15818
17877
10075
3215
4698
9461
21368
10205
8832
9774
20813
21013
18840
15722
13074
17408
16806
233
4246
4811
1902
13405
19622
12821
9521
999
14240
440
7529
112
20096
11775
20923
6936
3252
12173
9021
19480
1310
17108
21909
10788
5768
17311
21976
3868
21768
21985
731
19994
3839
9467
16362
7709
11264
13425
9584
15146
486
14387
599
9199
8188
1866
1256
4592
4411
16598
14511
16628
15196
11159
15822
17693
11773
6341
10270
1948
7408
6465
8168
4064
1406
13868
21635
15201
4431
7646
9045
14835
6680
11137
15240
16675
6299
9103
8855
16
19083
20243
6629
21100
757
2848
21043
9759
11246
12447
17263
18826
8346
10495
10246
18190
16866
1968
5016
1451
18377
2613
16865
15328
21079
8557
6645
10731
1384
2877
10765
1946
17318
11655
12868
12285
20881
15231
1602
16965
5710
19235
8671
22386
3885
1964
19325
12690
16592
16187
20653
14691
17342
4256
12748
5500
10747
4191
5353
2139
4604
15475
4295
17405
639
14994
20884
20677
1029
20550
18333
17707
18831
14327
7615
17808
14487
9571
22094
5965
4059
11428
6522
14967
19590
16877
972
15848
7038
8990
13329
13196
14895
5885
20151
6424
18293
1793
12664
13408
2971
2841
19690
20185
21035
11652
3262
12809
6934
12745
9102
5827
3970
16678
19587
14077
5288
436
5362
2810
8325
10409
11223
12889
17660
4879
21863
17816
3588
2954
13304
10314
5908
6265
1745
18612
17472
14173
48
11120
1335
4884
17111
11998
7758
12327
11822
20703
9167
14601
13104
12152
19809
18910
13479
10569
9531
15603
6096
21726
11478
11299
17169
794
19205
15449
14288
369
9359
18505
5212
21928
7847
14207
22391
13432
20535
12828
1588
7274
709
7837
21329
2845
15471
1525
10564
9078
6218
7316
19541
7996
12780
13937
12493
299
2668
17121
14934
18949
9469
18153
1784
21376
13822
2643
20770
13898
21915
10578
17721
21266
12038
7278
14273
20574
21023
20580
13192
7681
5464
17738
11593
18750
3119
20133
18557
1003
6939
22041
5696
11776
463
9343
902
9764
3318
10895
5602
9162
14152
17943
15522
4081
4211
16484
2983
16153
2005
10890
16697
20146
9992
5418
18160
7673
337
16069
1609
10666
9633
5063
13322
5190
6237
4552
8263
19
18077
8804
3547
90
20254
22287
16061
19938
15026
5458
139
10456
8352
3214
13308
12636
916
16357
14953
6542
18726
2129
8602
8095
22270
18072
3707
13536
228
3894
4576
186
8949
15641
20423
17639
805
14191
9661
10116
19567
194
16813
527
16469
6956
19327
10648
3388
7484
8153
5709
22125
3863
10718
22444
319
16010
6107
4955
3864
6302
3899
865
16002
9761
419
10364
19941
7200
16791
20238
6954
16303
17447
8912
11473
21366
1632
14562
12210
16272
19484
862
3199
11610
21073
11058
3481
9726
22054
18961
772
3077
20076
20420
9912
12136
5802
12566
8216
6947
16432
8425
3847
17545
12076
2217
3862
5503
6842
13725
12229
21350
4225
20068
19453
18057
16887
344
18827
9088
12663
20684
13610
16602
3137
15962
2230
18448
389
15899
19333
7867
18693
16329
12462
3482
20554
12630
11741
6998
1607
2673
13464
250
3933
428
4279
5311
18242
20567
3787
5474
9143
11103
7958
12086
17490
18415
4950
3766
11235
16029
15758
1313
19486
10971
22441
16416
157
19348
20328
5561
7043
15010
191
6719
18121
14765
2663
285
8186
5809
10426
2338
16835
20434
10208
14170
5791
1414
21037
370
5581
8699
16106
5317
9151
6434
20021
19206
8677
4142
14935
18036
14537
2894
2868
14677
18404
16167
5233
21933
2457
17964
2698
10565
7812
9711
5685
7696
18323
2287
17489
10859
7379
3471
11918
8923
4129
14928
1467
10735
5453
15279
1192
8294
9379
6213
1316
3183
1425
6990
3344
1971
5848
3004
5726
9108
4516
17008
18667
14392
21159
13511
6508
19234
2159
7198
14743
4878
3569
21969
14924
8504
589
2271
2646
9553
6155
11498
15790
7141
13223
448
20525
17370
19554
5512
16931
1503
17803
1737
17792
3170
16232
12074
12191
11800
4072
4018
18478
393
3981
6104
11808
12254
11814
16228
4372
13116
9739
5136
5469
13912
7120
4923
2783
6729
19822
5337
18972
2332
18545
18730
14759
18813
11923
15490
1342
983
18699
20024
13817
9821
13759
17357
11272
18097
2953
1800
16823
8799
20448
10186
11626
13870
19559
19642
1483
4530
16605
20982
12964
18986
21740
6854
19318
8174
16104
8428
19224
21318
8662
6575
12660
987
17331
8454
22232
5132
21475
19208
12407
14910
58
18403
19516
12712
6806
10734
13760
6276
15725
5067
3229
4029
3733
12400
10814
20692
19815
497
8615
11070
12057
15825
11374
19380
7801
107
11
3770
4520
1067
21394
7521
7730
374
477
12532
2732
17592
18999
20891
7011
8612
19580
21955
4770
11487
22418
14181
14081
11236
9034
17658
14072
46
1803
6999
14277
19183
5808
5641
9436
5402
12365
160
1330
7654
9156
7177
4120
7084
16140
20848
646
9802
9321
15340
13373
2334
10773
22046
16334
627
13398
81
4305
14604
21572
8561
21540
21994
21763
8277
18029
21102
4400
9529
20647
15643
230
21543
9917
776
65
6995
7645
7307
4023
5056
14078
22323
6429
12437
10292
1889
19125
5105
21599
18260
7231
11982
5732
17788
12834
5146
21278
4220
12534
14401
20603
14084
19680
9543
14792
8161
9443
19337
11682
7697
20277
20077
21030
383
15647
3746
7557
1444
19271
1011
15782
9173
19862
424
13540
14966
19294
22286
7536
8043
16481
12196
11529
7488
10848
2737
6149
3729
12829
15753
6348
11645
8006
13261
4906
20306
18398
14990
13802
6230
1900
10786
21321
21624
5333
3398
6829
19923
9570
3354
15890
2361
18984
13395
898
12354
20551
10637
1158
8772
15894
13316
1544
14880
15528
18358
1382
3919
9024
17088
7206
20875
11560
4496
19846
9636
21946
7705
11084
6520
13242
19807
10625
13735
12062
16455
4352
18605
6977
21077
1685
21752
11177
12914
2652
10620
13353
21162
18816
19057
7133
2975
2549
5713
13634
11034
6915
7887
18429
12239
12034
17067
3143
21314
18124
2544
20709
16164
6202
14313
14954
18735
15886
2311
14814
2043
4566
5774
14605
3213
3860
15480
16631
5971
3173
4563
22319
978
11087
11378
20877
13143
12508
7780
13033
14996
5245
4679
20018
7428
17042
3084
5197
15387
19626
7761
13658
5161
5563
18561
9388
83
7905
15756
6422
10702
769
8535
7509
11929
11440
5777
6631
17004
12845
10214
15873
8900
17593
6912
13078
4582
6208
13292
17976
3845
6148
9885
17559
14636
5286
5897
10072
18037
14877
20405
16642
7056
1016
6481
14644
20606
3367
2440
21193
11980
10905
11863
2764
5355
2820
16397
3256
3694
7680
5655
19275
15840
8365
1568
11026
21071
9330
6937
9212
8432
10331
8418
20779
925
10712
12585
12022
9393
19278
755
5472
20581
5824
12320
7501
2872
1370
17956
9654
9417
19176
12998
17606
2942
12671
3094
14450
19577
9056
13176
19014
6195
4451
21205
4834
5074
18030
5938
8818
21340
2882
6781
5918
20913
19737
16079
20731
1379
9248
1703
211
17354
18483
8209
15277
22009
15495
15776
22392
2472
9028
59
14318
11901
21514
17302
8730
10584
18027
1871
10301
2721
14135
12970
11642
13460
16915
10987
11451
13127
14332
13358
14731
10173
20824
16770
6897
7543
4200
8813
16442
9419
2747
21742
16065
2058
17605
11176
6941
14552
9497
22337
8694
14186
20012
10391
18593
20592
19802
21631
21526
21156
13371
18575
18221
3679
15980
16923
22019
9970
7050
19323
15676
5679
4068
1969
12087
9626
11442
17051
6330
7644
12730
9137
5265
10120
6509
2157
21458
19500
12560
19157
5192
14341
14158
10923
13363
18843
1040
17216
14651
1193
10255
14939
7640
1274
6464
14973
6083
21942
14444
10577
17177
19137
10465
22214
15665
9295
3546
1051
15113
19242
12116
12247
4075
1166
20792
6409
15684
4086
20955
12928
14760
11805
19739
1321
17548
21240
11455
20780
14841
17442
2461
11107
15627
19536
18823
16863
11280
5501
18818
9577
8439
14970
6443
20414
530
4928
2203
10024
17774
3866
20591
20286
16389
16520
18995
19667
8171
19354
6562
6787
20094
12481
19105
4007
1708
17961
4041
12595
19811
11878
1121
4375
16288
21879
9870
22146
19473
4565
10668
3797
18839
18669
18216
19198
16241
10781
11802
19840
2998
2786
777
13307
9850
16639
9500
10430
20829
16930
14089
5771
4154
21765
10616
21702
20975
14904
4212
14643
19298
13914
16250
1963
10376
2796
7862
18118
20252
5429
9607
8252
726
7618
1373
16993
11701
4870
14609
16727
12482
8368
2090
8960
14539
3697
16630
2391
19694
7135
14050
14076
18928
1651
10494
6543
16111
16365
21277
15666
2069
12546
17374
4163
11301
14319
4004
4686
7446
14551
21602
3674
21825
478
9627
21778
1120
11978
6037
18717
19192
7064
3162
10798
17392
11266
11274
9207
2838
14513
11254
7949
18742
17746
21891
14718
13381
4800
14696
11568
8492
21217
15904
4486
6553
16413
3774
17483
10701
21059
11122
9892
6857
21328
6485
10431
10491
17900
4518
10680
22457
14592
9705
2059
9939
19943
1181
455
300
17750
12138
11115
14893
15215
438
1142
19344
703
7750
16368
15076
1393
11106
5986
8490
12719
10934
4466
22277
6868
14922
21877
7816
8591
6129
15459
18913
4066
22353
16177
21171
19220
14187
21611
10884
10586
1082
5955
12857
14687
3305
4845
7122
20222
6441
8725
1846
10985
9358
1480
17732
11761
10654
12776
21537
20811
5270
109
20418
17561
13389
441
18777
13478
21137
15044
3415
17426
8198
1959
13991
1792
821
8399
13893
9283
2496
5343
15086
17308
9677
202
15724
4071
21882
3259
3811
336
18267
14266
7480
20608
4969
20799
4094
15837
13654
3211
13862
11356
15986
7421
3530
16495
8495
188
4917
1621
15765
5430
10062
17242
2712
3840
11510
10589
2899
7449
4918
12317
368
10722
6548
12019
4079
17547
10257
1510
9974
21389
16402
15046
16490
19556
622
6839
249
19257
16097
9314
2253
13591
8429
7913
22421
22272
12438
14033
7727
21127
21045
16267
8742
9147
4642
14923
13584
6683
8788
14746
11040
12444
1491
3684
2450
8460
19101
4161
6898
3779
12230
10676
8963
12194
12753
8300
21459
18889
11651
13450
16168
12836
6566
8177
10243
7741
4398
4874
21849
11102
6513
1266
16326
1275
3786
752
18548
734
14490
11598
20311
7604
6474
4865
16208
403
9068
1017
2655
13631
7301
19032
21430
4538
21722
15703
17695
3965
4062
5111
156
1077
15088
16174
1863
13565
5540
14080
17556
16407
14738
2601
1647
1162
9256
768
8275
13874
15576
86
18025
15416
4929
5030
14010
13778
22373
8604
7134
14504
5966
21917
2615
13672
9554
15792
20014
12679
9999
6427
7321
8914
20616
621
3357
8058
16321
12502
10509
13698
722
11342
18106
7173
5359
943
15218
12292
20266
3484
10727
4588
20714
18237
17026
12955
7420
4797
9744
22005
21470
2051
9797
18300
18888
2554
20911
14931
1943
6295
16763
21259
15778
13615
7483
3735
12299
18454
17776
364
7277
19089
22405
12429
5255
587
20538
22206
6115
8781
2046
19370
8
14370
2716
21179
21502
5806
18331
17157
8607
18416
5736
22307
1990
15090
3990
17440
20999
799
14480
7166
15216
12522
16985
20455
17570
2674
9621
13786
16654
13051
17756
3490
5535
4248
5888
3157
11760
7561
8044
10967
11829
15386
5560
4958
14522
10954
19547
7429
7736
8326
14209
19360
9735
15308
1110
14131
5239
4799
13664
19306
3359
21588
7111
6486
15838
22113
1711
18080
6577
11125
14023
19019
13139
2996
21061
17626
16313
1456
6922
5589
19504
15410
11592
21561
16657
18109
6851
13445
6411
4190
8228
10558
6873
8132
16629
6065
10913
21258
102
12364
21295
2357
8777
20584
5260
16696
9253
4147
9254
16849
17511
12185
9225
7342
7396
2689
4061
5929
19757
17850
17187
2163
6672
14146
13507
16990
9534
14103
3179
8455
13920
14768
8482
9801
6158
21730
78
3916
7032
5339
22336
16028
1168
7877
4921
18170
16944
260
2042
6597
3266
16265
3149
12294
6416
15989
19030
1806
19037
11922
20047
14034
16750
5024
10247
6813
6885
2517
20308
17621
6920
15896
8924
20319
9968
6614
7328
10990
13561
9703
3491
9084
2040
1499
8672
5509
9360
13800
12695
17241
9136
7798
8101
3023
22335
4668
18690
1875
10056
19179
19878
12275
4371
7864
21356
15671
5347
19269
4564
19440
19375
17837
20150
17441
16022
2653
6242
845
4249
13042
8045
12613
5750
16013
168
7422
1895
21645
18760
5821
6362
5706
13987
15382
9657
347
17578
22450
15760
3636
21708
21581
13171
259
11162
16249
7558
12674
10510
21450
20180
8567
15734
8539
17974
10496
17021
7415
15307
10930
12697
19743
8085
2316
3902
21937
4096
10660
11391
10723
6668
14956
16856
6222
13754
17725
67
13520
1498
18146
10397
10588
2118
18013
10210
19937
11197
20138
20697
7165
14484
13668
19748
5057
22176
8229
9109
19296
353
4779
15007
18138
11054
12427
18566
15105
6755
2036
14597
17071
22342
1026
2709
20443
6461
3343
15652
8663
2667
2233
9471
12258
22057
19072
5548
4924
12818
15317
12717
11148
2426
8121
12930
17480
11461
5763
20272
19288
6120
17881
22201
1345
2377
18850
7454
12839
22143
4829
18800
20778
15842
11293
19302
12916
13204
19428
15036
1910
8701
21829
8853
6446
5020
10519
20905
9807
21911
9830
11535
10885
19678
14602
15974
20461
2819
9361
9732
20585
6392
5175
20930
429
3241
7513
4960
6374
12650
7412
11758
11097
8844
12047
10030
21822
5839
13247
13843
8626
13724
17830
4269
15823
6090
15865
12881
496
19907
17173
1484
18873
12268
21633
13214
2062
2162
11691
16563
14049
8891
9642
9971
4438
11279
4014
13234
4910
11859
174
13856
8835
16701
9717
2806
1231
21634
8994
5538
8519
13595
22245
20704
15575
19033
3270
21565
16247
9522
18929
21177
3389
19134
17160
7818
9089
14576
8017
11469
11611
11343
6724
12936
2432
12516
5375
8431
7403
626
13383
2356
8170
3723
20092
14662
20365
16779
15648
14258
20023
7567
9218
11341
678
2213
7622
13673
1625
110
5003
13463
2739
8143
16780
17350
13657
21199
7115
11216
17758
15259
16551
2128
6946
7095
2552
20571
10953
18004
5605
9877
15860
11995
7537
11653
3053
9709
1733
6075
17384
9901
7148
13608
15479
3874
15692
16715
320
3859
11269
16656
18644
15269
11166
16291
11422
1697
5507
16897
4776
7986
21313
16914
567
8206
15761
10031
18155
18581
11096
11160
11687
17769
5378
14770
18243
2261
5246
11017
12020
18318
20565
22252
15698
6750
210
12484
19223
19085
17612
18885
6883
9843
17094
6245
10748
22040
660
10512
6862
10896
6500
19449
15667
560
2901
19200
21790
481
3366
6863
19233
8105
973
6887
3102
9380
20424
12151
819
12513
11806
7368
22047
18363
2416
6051
5480
10671
7082
14272
44
18194
15093
1612
10922
2023
14603
10334
7735
101
13649
18762
15762
15573
20250
10448
6531
1979
2500
21169
12
606
15494
9087
20436
2055
19817
20086
11100
1789
203
5140
10084
2742
5747
8137
17602
7729
9278
6073
14248
18766
3589
16021
10012
11371
13260
13695
14799
144
15304
6091
3427
13199
8080
20624
17634
19753
20174
10374
9407
5438
184
9000
11151
15501
19979
16150
17321
11290
13112
15801
16608
18536
1783
8704
10203
9777
1519
9063
15096
17652
7356
9756
2449
20617
16624
17544
18599
7572
13317
15595
1972
19525
4201
18101
8735
21087
20926
16625
20675
12593
9275
9919
20512
15320
11190
21612
11917
349
13934
16879
9819
2959
15658
15526
11352
20159
10174
8779
20666
20803
14516
19786
19983
20602
5489
15066
19885
3995
9216
21720
14833
12248
13727
18089
15592
5564
4529
5490
13054
12559
10382
19949
15162
17863
5297
4807
3156
15270
11650
8815
13114
15852
11916
10441
673
7737
11584
3323
9884
12288
18863
9200
22284
14942
15922
21516
18442
1415
19291
7224
9605
5904
15739
4674
21448
21178
6064
8231
10762
14653
17364
13717
17254
15099
1277
3071
11841
662
15323
2724
2756
13770
3665
15561
1927
21354
2787
11486
17672
17540
5951
17313
3110
7269
6395
18021
2077
7312
5291
1171
6403
9871
15650
7888
7441
18255
5401
9650
20048
17673
8441
22378
3875
17884
1701
5650
5644
21673
19691
17009
16045
21330
5838
15677
19968
592
563
14775
3533
20302
20800
18502
14541
15831
5740
11884
16120
18185
7123
6448
19681
13278
11850
21838
13976
19698
14652
20070
9442
18706
20841
22274
14047
14378
971
5952
7990
14429
6460
18096
14477
7718
2970
13142
11599
3975
19038
6640
11043
3599
17793
14927
20762
15417
3275
14983
13500
16114
14715
7006
16709
11286
21886
18425
17292
12046
6181
12189
4796
4331
19457
15944
9632
492
7351
1670
2639
21070
21743
12049
14357
10375
4460
7482
6837
17449
17968
4758
15729
18321
17768
123
6223
5171
15122
13198
3890
19573
3223
7497
10127
3952
11453
16512
1844
12783
12813
15579
3352
15288
20706
8939
10414
16925
10484
8026
6518
13745
6741
19795
21808
18964
793
11450
8485
850
14175
2095
6963
6758
220
3036
19207
18495
1073
1880
18893
8600
6047
21674
19161
19307
7632
3168
15064
11713
8732
8099
3618
6967
4464
8975
4855
10708
2926
17528
7657
12761
18024
19098
10521
12862
18846
5719
22429
4098
15278
9891
21262
5541
15422
4478
17688
270
15224
4681
8996
19520
10172
10528
19172
19596
2529
3274
6800
1618
18427
7754
7034
14067
5721
4192
11401
1931
7040
19664
4905
19682
16006
254
14509
3478
1280
20846
919
19858
7030
4417
16741
8335
17208
11579
20623
17171
7912
8590
20952
17358
5743
15621
14630
5963
7057
21534
2395
19540
6016
3438
19433
7595
22210
3608
2493
5591
17240
20927
22003
16128
13106
19335
3152
1024
21832
20519
12305
11867
3443
17328
18197
13853
11831
18523
13690
15866
12950
20520
12714
18471
13951
12017
1124
9468
1270
6396
18475
13844
8125
14087
7641
20125
6705
17594
18833
14933
17431
13700
11353
10307
21848
14419
21595
9155
8806
5661
8660
178
7962
6973
9989
22013
11723
1635
16873
9287
8310
10249
10405
9563
18341
13014
14041
20842
10966
13783
19215
7743
11367
922
16358
8178
3584
20271
11309
12348
20483
2339
15204
469
3762
15664
17786
4583
18048
15144
6949
13723
8986
2243
17144
11555
21074
3695
15568
9194
5795
881
9428
16087
19640
13720
13043
7437
8238
15572
16778
2355
10242
2574
15757
14162
3073
19227
7042
6210
20865
15384
17923
19475
10418
20282
18387
22417
3877
13264
19322
4798
15509
9676
17211
19770
17424
13750
13593
8633
377
9959
19722
19589
11971
20876
19324
3928
7892
7768
561
3776
18060
16667
14218
3752
2002
12706
19300
22247
446
13930
18655
18590
1383
16105
21948
12455
15769
5755
17836
21573
13197
21697
12428
10481
14091
2387
21668
11672
7295
16051
19601
1445
7980
7186
617
8434
15999
5871
9949
6661
11398
11837
22218
19088
17736
2680
19142
19229
811
14172
6160
8580
5664
20633
3529
6611
4412
5504
12545
6103
12160
2984
8614
21998
4589
17766
169
13225
10433
2223
18675
5493
18115
7803
3228
4306
17181
17622
18825
8917
3865
2740
7495
247
19645
5935
20498
4657
13640
2948
863
21648
16034
12973
21270
20589
7221
19270
7199
10139
16575
17084
18683
3328
11975
10159
19557
7942
5226
15738
6098
1482
19285
13327
838
1289
12848
4854
13095
2258
15705
9603
10585
2260
20638
13152
9922
19623
13857
4102
10207
10795
14840
21146
16322
6610
2381
22042
6833
205
4053
2249
2547
14386
435
16064
3138
9790
20444
2609
19448
18908
1053
12440
2596
742
164
10961
6583
18810
7811
4242
214
22189
15476
1617
13046
21688
17780
2186
16672
13990
6028
17580
18518
10691
4649
15419
10958
5972
9924
7455
6974
22468
8527
10419
12965
6244
19631
15116
18259
20946
6453
19319
13969
8845
2916
20489
19283
2194
15685
6003
3536
13461
13253
7597
7196
16564
114
14905
16156
8937
1590
12328
4485
7637
13894
2523
15027
15071
16480
1019
9197
1521
5022
16462
785
20526
15234
10224
11586
15155
7742
6100
14958
5023
17568
14708
5266
5695
14826
5098
11886
20988
21862
11788
1767
18432
10867
11165
8337
20676
11077
22128
14139
13157
888
12330
14421
19455
15083
7719
17868
3816
297
5738
14650
10425
5608
18636
6748
6602
7427
16240
20541
6066
17487
13130
1494
18220
8926
10784
9533
19948
14413
12201
14726
18906
10050
3736
21535
19055
3431
9050
14260
4180
5873
19015
20232
1426
8402
12214
412
15281
18476
19744
8578
273
14367
11036
131
2404
13936
15447
12627
2545
12948
21926
2403
11876
21638
11750
5728
14
5158
15653
21028
17761
21066
12309
17226
18271
20642
6707
19701
4145
4210
12025
14446
16093
16135
2997
19119
4638
19164
16972
6886
22031
21583
462
15428
21344
19041
14469
22181
8366
9336
1874
15691
2406
6477
14971
5922
13354
21410
19406
8049
21327
17076
4991
8410
8253
19823
22195
22305
11249
5757
7531
5371
11984
11056
9415
10638
12131
507
14640
13972
4893
10368
12380
17835
11237
14483
4867
1101
10450
8202
10085
14621
10772
7118
20604
16953
16274
12739
20166
9872
9551
17617
18791
16176
1740
4214
6261
17452
4236
16870
5937
421
10988
12923
4578
10342
17376
19670
7770
2117
14712
15135
9455
18436
15362
10
6488
10829
18119
42
6601
9281
13175
8666
19746
9327
612
17005
16095
8840
6207
17011
13243
1682
14611
4691
10687
14470
3374
10284
5305
2825
16764
1399
10492
12316
12155
3397
11297
7028
10581
7251
22203
10822
5176
5300
14608
4605
9342
19524
12451
2477
18681
13057
6335
6405
13621
4297
11437
22271
3476
820
1043
5115
9926
3884
9125
9888
2798
17846
16821
9698
14471
16864
3380
9757
9002
18853
1881
13846
1338
1876
154
3998
773
12403
13519
2428
625
9574
13571
20820
11565
21805
175
18550
7447
12134
1816
10440
12724
21732
13873
15210
9874
2963
8696
5147
3480
8987
1672
7920
8498
17277
19781
7871
19045
15855
5898
16390
13038
6023
16269
19643
17087
6754
15719
232
2754
4983
19016
697
1534
9252
5658
20331
6350
18384
20880
33
1595
18709
6269
10065
3846
529
17873
2125
7941
9291
7711
11187
8879
20966
1559
198
14015
7548
20170
10194
16509
17209
12337
14707
16912
6860
19169
1481
9682
8318
16194
5119
10378
12872
20188
15097
14267
1440
12716
14595
8795
16273
3813
8194
12693
19729
15134
3837
12555
19384
5735
10275
10640
20402
14456
8353
14264
12495
12786
18957
19879
13056
19320
17065
1225
2208
1807
18787
9175
13386
10744
2346
21606
12119
18444
18625
19844
19174
12009
17207
6752
7385
5416
11349
352
3753
20687
15389
21814
9189
19712
13248
8516
12518
10711
9604
859
2009
6685
4709
14195
5211
18786
5923
11497
8528
17416
2351
8849
11065
5354
14986
5978
7091
3525
11547
11910
22352
14164
16158
15821
22200
13831
21478
4492
7556
19549
16724
8409
18231
21281
4999
9192
18558
1687
9304
14289
14043
7809
4121
4755
2539
6495
9386
11430
13335
12231
20467
7104
20432
22258
21987
2075
14909
6250
16716
10992
21204
10626
4749
12685
9003
19393
22350
12283
16453
2218
10685
13643
6255
9725
15936
13005
17486
18849
9812
15327
17135
17049
20906
8894
10863
6196
20004
781
19392
19437
3936
20794
4117
1471
20228
19347
10910
3780
15089
5139
2056
20558
4515
15228
8265
21387
10347
16207
6008
4542
12894
18841
2011
12562
7840
4497
16729
21865
2053
12755
7331
14315
7138
22262
5150
5748
6867
5780
3886
453
16311
9029
7810
12654
21899
19562
8763
8091
16025
15930
365
21951
15248
19991
9168
14148
14159
4702
5261
16086
19377
15723
12643
5762
1161
4314
3978
162
6808
17221
12827
4897
2154
6312
2565
12406
7406
367
9073
17380
4097
7533
7619
20844
3448
3739
12255
18805
21567
11415
8630
15959
21809
8182
3963
2014
16826
5221
12860
20670
11145
8565
6038
15618
7791
335
3851
8796
13339
11276
103
11947
21949
6492
7300
2423
20417
15586
5406
4533
11419
3384
18309
14639
7701
16559
12269
18492
8632
5294
13069
21222
14432
19231
22164
13441
22230
8780
4054
8488
20034
1196
7074
7456
13609
9106
18866
14058
12211
19464
16544
21614
13167
19882
14566
4323
6111
15651
8959
1272
10096
792
11390
15213
9940
19619
19368
21710
1332
18312
9300
6856
21231
19936
19686
21377
4303
2456
7162
9430
2518
7189
16317
13467
371
18677
14591
12707
9491
11427
10667
6617
14681
11999
490
3508
8024
1777
10147
711
21883
12535
9344
14906
8214
3554
21671
4089
11407
14943
16801
12647
17783
2702
18239
17481
22185
7500
196
16825
4512
7014
8522
3982
20917
8563
20763
21320
13927
5916
9771
11983
14594
17521
20340
9595
14256
19621
6544
13484
15552
12092
21870
10215
1032
14140
19005
9613
13834
20201
20007
17675
20426
3497
16438
17523
8808
1627
12801
7467
2707
12033
13915
20191
2753
7268
17371
9472
20067
19485
20333
19803
22120
16032
6264
447
2122
991
16072
18645
15037
681
6491
15172
2994
16137
12718
12436
10710
13015
18043
4330
5742
6555
16867
6467
19431
13367
1409
874
7749
15211
910
380
5151
16131
2264
7502
2568
5000
8919
13864
21424
11522
10263
12918
20322
17415
17265
15562
17916
20705
8279
7169
7279
17985
15993
15453
10267
6353
19891
7445
10511
2802
22228
19388
10032
1780
8951
18113
3231
20061
9624
6840
8989
19779
22428
19901
5627
6113
17324
18079
4028
15998
4461
6080
21326
7142
20560
6594
20646
7698
9838
1775
16979
18663
199
4382
16756
14805
1215
6444
19661
10402
7582
8057
22039
17659
13476
10487
8786
9600
15298
8372
6686
3146
487
5603
20819
15786
22455
12469
22177
108
15506
7842
2359
6656
452
8579
10236
12176
18401
9242
11852
19789
1856
4987
12722
21274
6180
12162
3187
20089
6162
7687
11671
10143
1985
16295
11613
5207
16036
17106
22261
7213
14827
1812
21921
4880
1571
7907
13365
20772
7982
13121
17541
12177
6234
1294
19782
2842
12486
5123
1509
7908
15252
9535
10069
9268
21549
16851
19899
152
15849
12906
18752
7753
20907
11228
11748
17079
18075
14666
2587
4873
15642
3691
16541
12639
668
1344
16019
269
7585
16788
7489
1726
19139
8383
8109
6493
5476
22066
19884
5228
5351
4825
3050
7880
9857
5805
16393
8274
10801
22322
5630
19241
8038
6049
18515
21227
18010
6420
11140
20025
14355
22303
14790
7712
340
8709
763
4693
10067
14751
4277
6961
3757
14360
22369
16354
6376
3807
20516
810
19255
6322
9334
12921
7692
16977
2726
8997
16261
20845
18304
11792
20662
13908
18900
14279
18368
9391
1278
15745
13678
6596
19188
38
16536
16425
3700
7952
6928
6706
10719
16937
16929
18273
7621
7466
11416
744
22199
17829
20487
16372
3732
8084
526
8850
6669
1160
10004
9897
8857
3938
13443
655
21212
9150
18168
808
2876
11153
12052
9552
22406
15508
4345
3593
15701
346
11376
2254
16652
4199
6671
19956
12548
1587
19926
21818
17668
19289
9643
11123
14057
21578
6647
14025
2309
10793
14898
10387
17355
886
3192
7642
13743
9129
6300
12665
12375
5011
420
11885
11182
21729
6380
15136
15491
20944
19550
397
16514
74
4343
16375
12644
16757
18262
20641
11508
21605
15529
10600
15198
10520
16076
7350
8210
2647
5073
11062
7972
13627
9145
4126
12600
19654
2794
2578
15197
17635
5770
10339
14586
19214
4735
12543
9720
10041
15670
13287
18418
104
14703
16928
2190
5539
4544
12399
12109
10632
15394
9451
12300
16299
7092
8181
13457
11846
1099
19106
21051
4903
732
134
17845
9114
3641
5914
21731
12589
9368
9426
21299
2957
5610
8288
6389
20542
6015
22415
19657
9695
4900
14344
17281
15521
16434
10138
8980
1430
11364
19390
12638
22106
19914
2148
10544
8899
19963
20346
21733
5854
3672
11683
11536
6499
7787
5180
9746
12804
6539
2874
6095
10803
159
14864
17054
7026
8734
13837
9149
7384
11582
14789
20099
12883
4035
13440
21189
13444
825
16430
16805
11323
5227
21203
9538
7664
15735
13779
13939
21632
2904
11217
9740
21927
100
1615
5492
7674
5689
13530
13311
921
1713
3350
4902
15871
11740
13273
10168
8674
20353
15452
14889
16005
19120
21216
20648
17092
982
16007
15106
7276
22053
5196
11072
10973
13557
6923
289
21029
11735
3810
1936
2570
15361
84
20668
6563
13465
14647
13916
17698
13393
6823
5711
13186
19534
317
17649
21604
10185
21447
17522
14385
10996
13891
7844
11575
6993
14098
5141
14868
13504
7973
21628
16083
2746
5556
12980
8510
7353
15239
14561
16258
10213
9202
21944
3381
126
8356
21670
10408
22297
2446
7435
20173
5513
11770
21367
8587
14527
6085
11292
10182
13776
20816
11986
4281
7651
19110
17882
21342
4843
15008
11346
8790
687
13487
2374
8033
13250
11452
3643
16477
21957
19990
6430
12137
20377
3681
11083
16457
1428
16170
6530
18980
13259
1917
13217
295
19982
4680
11946
20840
16837
15110
21352
4626
14901
6891
20466
20013
9377
3356
17654
4868
15577
5177
6274
14070
16173
17604
20536
14323
9618
1119
13879
11890
18226
21188
6171
3535
8514
13516
20255
465
3081
16777
10026
18560
8943
12645
11815
20197
10503
430
16463
8215
5496
929
2765
16828
12384
14040
13451
22394
15372
9273
4699
20267
19857
7720
4777
5112
1462
16816
18637
573
4436
6780
18116
20597
7759
11684
8344
1794
1517
750
12101
17664
18848
20290
14682
746
9505
8375
21936
2158
19887
1507
17275
12590
1254
17053
2354
13244
12178
1365
20849
5558
14463
6613
21046
17914
20356
3778
1833
18366
8391
17785
13065
6606
4692
13747
14545
15608
4547
1922
8311
7313
21485
11596
20961
2831
8152
2310
13632
18522
19576
21084
2589
3932
16121
15390
12232
566
9947
20158
18707
19531
13931
16589
8543
20293
8877
8649
5389
9702
19710
5225
16681
10429
20781
20957
8931
18511
2850
22085
1205
5683
15532
21392
2686
11078
17305
8193
13558
8211
19452
4652
13989
13438
16008
13979
10162
9339
8457
7672
20375
5895
18393
11053
19800
4655
2244
1810
12649
3032
10422
18657
13729
16189
17307
19071
4393
1139
11116
14314
7848
9236
6026
20965
5631
503
10435
9058
8568
21907
8327
7612
5730
13932
13946
303
11418
8664
13397
10622
11771
95
15555
15674
12347
2870
327
17467
3663
15283
20929
17752
3075
9995
2451
11912
8641
4846
953
1641
3577
13510
13928
10982
15807
16645
19146
4716
16355
5477
2488
12710
9307
914
19211
11849
19987
9062
11214
19649
20712
6792
2809
18
9825
9383
11782
16144
21311
15594
14918
9748
14863
16082
685
1037
20429
15921
6041
13612
14936
740
18223
3087
21876
16155
5549
6789
14781
17840
8553
4639
15773
19912
2525
21131
605
18836
20100
823
5643
16969
11766
3662
19976
17949
5842
8056
19203
12803
20761
14908
17986
14979
6497
14499
16519
12969
3216
22075
10908
1372
17546
16456
1262
15080
8062
4349
10351
18525
16058
12435
4087
15797
5350
5467
15333
1802
15107
6305
8668
4045
20656
17965
21667
20274
22398
1501
2330
13163
16688
9581
6102
17353
17735
8606
17156
1819
19711
11496
7545
1599
2270
9639
18258
20694
22266
22283
14374
5127
143
14249
2900
1977
5779
16766
2849
4395
19084
17037
21608
19056
13630
13741
17822
21224
3123
18538
19387
2873
21548
8012
10370
16733
8843
4095
6728
7589
3615
18842
17035
10833
12153
13624
12032
13080
5751
1868
8589
8921
13983
17754
11284
12896
10526
5890
20109
12768
14965
15004
16016
17336
12235
14702
7280
20730
12353
7723
17824
7760
17168
11698
21343
21842
404
19625
11657
4502
1438
21067
14574
16502
21641
7999
18165
13113
17740
16379
12280
14517
20040
12837
14222
2824
5072
318
1637
12812
20280
15777
11605
10847
15430
1302
11527
10432
18617
6634
14948
18620
16435
19933
15403
4908
20561
3795
20118
17847
16017
6476
17596
7296
12962
7107
6035
5097
277
12241
3322
12370
14359
20403
206
16829
4108
15393
13692
13144
2021
8474
18016
2082
15537
9487
21834
21154
21741
1282
7263
306
10355
21986
7471
11011
20973
19297
11463
8970
11179
14535
5306
1523
14088
4118
7438
15787
41
9758
3951
15085
15217
2931
7628
19080
165
21856
6830
1389
16834
18042
16057
8269
1087
11559
99
1860
6872
4788
4951
1285
21519
14128
16721
20212
12740
2317
21085
624
20312
451
15918
20826
9006
10659
12677
15628
10504
9303
2057
7843
6019
10088
15972
5084
15530
847
12609
11873
9124
11966
1477
2928
121
18032
21151
9376
15503
7242
18112
21774
13105
8700
5578
16366
19013
723
167
20369
5348
20547
6700
11585
12968
2759
2887
19133
15109
15294
17642
18347
18140
21980
19166
6535
1327
16535
4173
15425
562
19663
8778
13762
959
10505
5230
18169
4575
1326
6231
189
5349
3074
3172
7802
13728
8249
22300
11439
22008
20732
459
19279
9996
119
3718
3046
13858
16301
17731
13653
12814
12777
12362
106
10639
6581
9902
21170
15675
18652
2562
14036
15014
19277
8489
20689
8271
13639
8895
1926
9313
5944
262
3479
11844
10316
5153
14292
6930
8597
15072
9364
290
10053
4469
17404
11552
21596
21409
20388
332
9093
11003
2592
8552
1030
11308
14003
1247
17955
6783
21854
8847
8266
4456
7663
12966
21174
14153
2420
10199
15570
8722
15743
2185
15487
18624
3191
8053
20000
17726
9712
13412
4113
3486
6525
10535
1412
20368
12204
7119
18822
18572
18521
1232
5460
17142
5614
13145
7794
7327
12008
20771
7096
17006
22059
7047
6077
658
9425
1244
4175
15300
12487
513
6131
8502
6297
6570
21214
3716
16118
20305
13406
6320
18919
2987
6229
7979
6057
8769
4122
7487
9818
15654
5562
3805
18611
7959
19461
13091
321
16948
10602
14529
3604
15103
14461
1825
14538
9018
14938
15141
2594
6203
17614
11167
18585
18059
9138
3728
5452
956
16710
11977
18144
21643
9038
8856
21351
7289
1928
11644
15878
19750
14169
5289
13736
18877
18614
18461
5326
3404
2054
2633
10171
1845
19869
2101
480
18649
4936
14525
11389
1634
22029
5131
16924
6390
1589
17722
6185
11240
5448
4521
1749
15853
5851
7068
268
14600
17628
10181
10410
15679
16196
10886
16466
1659
17826
21961
3455
14053
13111
6187
15369
1633
474
10344
19584
6769
12306
3921
8930
18458
11554
16612
10239
13360
7049
21847
2133
6067
15149
16117
8570
1125
19530
6738
877
10749
18563
5989
5864
10873
20218
20320
10646
718
13554
20326
4808
5668
20969
16103
9644
9671
10349
4321
22385
10656
2079
19121
4031
9227
8911
12418
10330
5445
5090
5104
17692
9689
3897
17249
13570
15235
9547
8054
21827
20428
6112
7518
1041
21511
18078
7207
13231
10107
11563
9686
13538
5523
7721
5926
1815
17906
6154
20801
360
6159
11345
282
3201
20698
14717
17908
17109
15942
7246
3076
11368
16746
15229
725
607
6386
5784
8350
17999
6816
13291
568
1381
50
12571
15885
16581
19973
14829
5191
10501
1039
10994
1423
8048
12694
21880
501
5624
17716
20681
15392
7339
603
19829
10372
18715
11472
10245
6413
6569
21570
12895
16740
5601
5373
19372
13645
3993
4967
9464
11997
11063
1025
22338
21932
5987
3985
9670
3078
15928
4310
6502
21983
19175
13581
16475
17905
13689
19044
1068
17204
766
1034
16560
15413
1937
12621
11326
12310
615
257
17215
22026
10861
9264
15152
7101
18290
6852
1597
6635
5587
8144
14676
588
3253
20363
15519
3147
18253
4641
21721
5544
16561
4685
18135
7060
17385
6017
14316
5697
4882
10379
15313
12225
6212
16989
17895
6709
234
10140
10714
13027
16001
2640
14411
1334
11512
5002
1657
3758
15437
6018
18406
17755
17057
3174
8652
5012
19658
12842
6471
15131
6233
12431
166
1448
7966
4354
3033
12878
21796
20126
20195
29
9044
3269
16872
17619
19070
9960
2022
17729
807
20759
4914
12651
16809
3245
8183
9594
19007
5486
18864
8738
2037
18332
5164
22167
6550
2897
21243
16178
5723
19751
9731
13205
9946
1135
9447
11818
2216
10341
5646
2384
1879
2985
17854
17131
9713
14851
19960
15721
1350
3257
11218
22048
16635
21493
7807
2743
19561
26
7945
7153
16758
17407
14038
12378
14796
9435
7164
6681
15736
8034
635
12702
9539
9606
11779
10576
747
5064
1253
20651
10737
2458
16451
16555
17266
7587
16648
12050
10117
21339
20035
8897
11429
19760
4823
2489
8270
4548
3630
9646
5323
8234
19855
6404
17997
8471
12602
2169
331
21060
16999
20695
2358
1743
12458
12641
6055
3126
16498
5819
2784
10892
5454
21793
20958
2147
5716
1811
19517
15968
11467
8526
18473
3290
11312
5942
11022
3717
2
15948
760
13878
22086
3519
9979
11675
17130
6572
6618
5244
10593
12915
491
12091
16785
8204
17888
6123
7366
12448
9683
291
20743
13598
22462
6564
14013
10689
1413
4052
10163
1508
20579
7458
9502
11804
21683
16615
18991
19130
7061
13331
22451
18272
7124
16833
4275
19669
4167
8953
21196
14350
18100
15540
2368
16286
6980
13472
15374
18392
21950
2192
9075
2990
7788
10915
21656
16052
7971
15049
4186
12500
4658
21873
21113
8830
14839
11358
10231
16009
4241
14530
15438
14174
4076
16257
15751
10679
16280
13025
924
4463
16761
16391
2473
14269
2278
12319
9406
16595
8883
339
18469
16751
2295
8491
16726
15188
21298
11569
2422
4891
19592
20449
13903
3141
9320
148
4708
10403
18504
15095
10412
16162
16070
13938
22453
7517
1561
2788
5451
15478
22061
7564
20898
15955
1490
16386
19741
880
19095
14558
19076
3437
20795
20462
12149
7240
12817
3929
18950
9864
6723
11959
9616
14250
12259
7666
19060
17817
11491
14885
21322
18988
20533
22043
13766
5772
15780
1614
7150
705
14875
20847
16538
8331
10360
19371
3901
21063
17453
21509
133
9796
14838
3158
3339
14423
7188
14021
2812
17641
13252
5014
10534
1062
17862
15533
6578
8540
5450
8507
14505
11316
21510
3039
8736
8245
13962
1967
11870
4484
20773
5345
9688
19148
11329
16661
8541
1416
21185
11174
21192
12307
16109
19677
22414
20667
22404
620
17017
9210
16692
11796
10901
759
10180
17154
18129
20488
7372
18238
5162
14766
12013
16894
8262
14458
3319
17019
3842
18911
5640
3693
4384
22104
6739
21257
7910
7254
8547
2599
14486
21661
7094
13764
13663
15446
13428
22216
3585
15819
11958
7706
10104
0
12043
19483
14351
248
13220
11095
8447
6512
6243
4992
827
21500
17690
7922
14150
15961
21026
21467
19458
16895
8967
15132
10467
11848
1469
18018
2989
22238
4975
691
10406
21734
13515
784
13652
7048
16815
4849
20060
20292
3324
8827
3243
1858
14945
7066
12905
12128
5832
10045
384
7839
19575
4339
6866
2297
19915
16066
16528
3010
9696
18582
18982
10319
1210
13768
1273
6317
10390
22349
20037
15150
9016
10039
18359
21711
14445
2847
1046
18171
8283
14900
8854
9485
13387
17935
12130
3531
3678
8741
10395
18704
7283
418
9754
19491
16550
7893
5487
18045
10760
17697
4141
13084
8496
21739
11074
240
1579
2010
8079
10865
5295
17033
8334
12273
22170
16513
20010
8569
4869
10684
20620
21190
15917
21771
4420
15844
8394
16107
11882
13687
9127
16796
22374
3949
10089
15221
398
2365
1654
15108
10557
1878
21544
6179
3915
5856
11348
14160
15254
21432
4819
14046
6418
266
20298
5572
15726
17197
15712
16981
4979
18647
2773
677
11339
9564
19961
4555
18852
7748
5335
14145
2016
1667
3551
19932
15604
10650
12790
18615
1369
8470
14810
8811
4183
11636
20861
1349
3204
14406
7459
15656
10868
21264
18554
22460
3303
5508
6071
15157
8617
3432
14788
8339
17743
11749
14006
14520
21407
3313
12356
21315
4915
15536
19635
21681
9066
18530
18191
17749
18802
11350
16647
13922
22161
11456
4399
12389
10513
597
16151
12042
5599
9356
20003
15325
17852
19727
3235
13497
57
14331
19412
3272
6164
3281
775
3629
7581
244
20595
15238
12424
7967
18173
18279
5392
15302
17427
610
18201
8774
10629
54
8838
22089
11061
18490
19519
11410
15065
17278
20203
13151
13860
14661
514
3908
12514
14127
8842
17512
10308
18198
20056
15711
1061
17466
2972
14854
13313
21246
21019
17090
8768
10811
8322
944
19992
15975
9185
13589
12488
10755
19513
6173
18921
308
8982
20343
7872
9978
8878
22355
1129
5974
9141
22001
21233
22317
14495
16132
17975
4116
8259
17039
5262
12661
2620
11086
15488
2465
9537
16707
5596
3912
20171
19798
2296
18479
242
18095
21975
11509
899
18881
6347
9651
3391
10006
2671
21851
10556
3496
11539
6687
4920
19186
3664
21466
16478
2803
11551
14418
3983
15915
6053
10960
12452
21505
3411
18328
12457
12684
7204
11163
14729
17632
6938
3543
10443
4858
5007
17988
7841
15678
7100
1759
21977
10951
20314
15156
8380
8015
21713
18727
13552
20984
6342
20823
9648
16431
4065
8217
302
17506
3873
5783
18859
21888
19102
9625
4919
19944
5553
12510
16012
21615
20289
19127
15567
18342
4631
17763
19253
3103
4254
4002
3387
2220
1470
17276
11222
6519
5595
1163
18960
4093
9110
21236
14020
464
140
12982
17438
15981
13266
60
19221
18601
3628
12794
17072
6900
15988
14981
6361
11649
22056
5118
19191
21293
19425
11935
5238
19343
2341
14090
1118
20069
2094
17601
7145
15806
5761
2100
9708
10506
18890
4475
13560
10058
1921
12135
10233
11357
17272
8403
79
3848
132
5583
4336
10636
16743
19761
1692
13708
17252
15127
18725
16641
19826
19416
13774
19765
906
22204
19616
19805
16476
14286
13219
12954
14427
10630
21116
5906
15429
21533
16845
11659
12290
2675
16634
16739
11574
1496
629
13089
12358
9434
21168
2644
3909
1213
17764
5156
4396
13346
6301
11526
15012
19143
14972
12861
14460
12041
21698
1145
15291
20162
1961
10179
19673
4760
22219
7401
9387
5659
4264
19896
5184
17246
5035
12289
21147
13289
12387
16343
18269
18514
7476
3403
16565
292
5653
18310
16529
11900
7097
6296
2247
21966
10824
15219
20833
10237
5303
13677
13123
4139
8718
2114
3539
1056
9782
18924
16315
12994
20104
680
8692
6699
14415
1212
7440
17963
19769
10274
17291
444
21642
9091
4050
19766
1233
11889
31
16669
14911
13098
518
15876
1991
9292
9566
18301
9620
11826
2856
11320
5199
2436
62
8304
12391
8367
16899
19155
124
3650
10943
1103
904
2193
10016
17494
16268
8983
11225
5617
17245
4265
21068
6068
14462
1695
19081
6807
2373
20081
16260
3052
2902
19893
3685
21001
9831
15048
2908
4286
14397
6248
5801
14404
14243
13338
16844
17100
16127
7714
3950
15223
14389
16401
7349
5495
14321
9335
1916
17828
21821
18527
9319
14193
4586
6667
2808
21780
16862
20381
20410
5372
8803
11315
16797
1263
21813
4055
2669
10500
3372
889
10968
4778
18452
4945
8220
16046
5178
17909
7515
9596
20645
13238
20523
10329
5263
19245
5857
20978
20622
20985
20425
7108
3638
13215
10457
19797
1069
7241
6226
17566
10223
18131
22346
7755
8332
14887
2771
8357
7333
19607
1757
16600
4761
11423
8864
9982
4720
9986
1675
21040
5571
3409
10219
6740
13626
1108
8486
7694
6358
860
11842
13694
21267
8004
14508
7413
21150
4977
4939
3986
18093
14194
18334
15481
21446
2710
4598
19495
15330
21878
13008
16186
12264
9396
19646
5336
970
11660
8003
11370
14099
12432
19028
8393
20284
3614
6069
787
21679
10033
18621
4711
4842
17565
13953
7375
18167
20190
5993
20894
4632
14074
1094
17667
6948
16552
22466
5330
21324
4938
13809
19149
14430
11113
15976
15280
18302
11718
16081
10477
15502
4738
4995
21372
16959
11639
13887
3888
6918
10902
19856
1281
12782
17683
3545
20481
9763
19472
20596
21143
5520
21963
19053
18830
1236
20650
9069
2168
6407
15566
21425
13648
12749
3896
1390
9736
9251
14346
3704
19889
19916
10834
13109
10131
18179
15184
21619
1402
14753
7345
13400
18578
1091
2174
21473
8947
5690
18217
15199
2388
137
9270
7210
431
5220
9148
13255
17343
16214
3342
20016
1206
13200
14980
8956
6972
8909
18664
727
4418
6675
5843
14029
2173
1097
4149
3522
17800
7352
7514
11448
10027
21923
3829
16768
3446
21640
17007
11471
19653
4123
9219
10614
1151
2537
18938
19820
15569
6708
12282
16406
19364
13902
4682
5282
10984
4152
22173
17129
5376
10681
12972
17782
18907
10591
4172
15242
8223
14925
15169
3307
15427
12456
5900
9743
20036
4449
21704
5126
15472
13496
6022
13097
5235
16941
7292
16584
9389
1512
20785
14612
2692
16101
1141
18635
21323
659
3823
16998
963
2752
6304
4213
19170
917
5745
15244
9104
11221
11136
75
4260
10005
9222
986
208
18804
1796
1751
14723
14777
10950
12029
22237
3468
12113
15359
11725
14219
5051
2352
842
7799
12952
8453
12059
9276
22397
14580
958
20557
8309
11734
13049
3176
17574
19426
11444
20895
22318
16067
8748
17293
7387
12478
16732
1978
5252
16341
391
16220
7376
4017
9163
5576
2142
12831
14285
13597
18158
11373
17412
17493
16468
9456
3238
4326
3591
9893
4274
6027
4500
11700
15158
16853
17727
6506
20090
2248
19398
410
22110
13806
3011
5083
17337
6306
7220
16673
8814
21716
11018
9729
20822
7550
21128
9354
2506
8686
5680
105
4308
5882
6193
18755
3720
18811
5054
1074
1300
8896
12756
16736
16952
3613
20390
1116
20374
16691
20910
15355
10925
13125
22306
9499
16617
15713
18001
9593
8620
17044
1585
22124
4664
3692
5531
5988
19107
18966
4725
21717
20112
3705
4804
11010
16573
4228
2844
7938
21136
2915
11189
12902
2736
2791
14534
10165
8592
9614
18876
739
7565
12262
14719
13470
3821
16270
4351
17360
10049
8901
3003
18946
2070
1851
17041
21864
13998
16148
7299
9059
2834
15547
14048
15742
14523
19280
388
2291
12123
12095
22162
5536
11258
15872
4984
17151
16781
512
6921
15645
10947
16950
18720
9832
4739
18944
16762
13434
5675
22188
15366
8678
12899
7079
146
6082
17251
7691
13312
20080
15496
6892
17340
4630
2648
16705
2017
17432
19010
20157
12102
21167
4887
6235
373
10849
10912
21069
4153
15303
14725
12927
3676
10190
9178
19496
18205
16759
6773
7099
7503
18208
7155
2543
12603
7431
18676
14540
3997
14235
8637
15484
21044
13813
1530
8133
12687
1533
2224
8531
17827
6130
7424
14282
1138
9779
4964
14051
8445
20064
9113
17382
20019
10014
20083
18320
4569
4892
8149
18311
17093
16047
43
13483
8981
16200
21785
4782
3088
9585
10713
21484
10598
858
9984
19841
3747
12882
9452
18925
19598
11052
14420
10946
3045
18517
8564
1341
116
9146
91
12433
9134
17247
330
701
13189
11862
97
20352
6784
13060
975
89
19316
14588
17813
16062
1230
19731
13115
18031
12321
14890
9998
11601
21687
2624
18431
21662
15412
577
648
5844
5705
10132
18182
590
9512
2715
21617
19226
11239
19490
5318
16578
18959
6714
9333
10696
14803
16165
15953
20904
11449
1998
19801
13525
15539
20892
4296
15932
9630
3510
20176
5059
22236
18268
14997
19615
1935
13765
3048
579
949
3308
3470
3524
13272
8743
414
18516
3234
19244
7554
13755
1929
17058
5041
18779
18698
18855
11277
22296
20853
5707
8928
9177
18360
20702
7559
5379
3283
15931
15454
7136
11662
21568
16682
8865
20367
19903
17534
76
3038
5737
22416
14211
18087
749
692
18659
21111
20485
10551
1398
7662
21577
6339
9741
2923
10155
17325
2687
22360
14913
17326
18240
15009
13411
20874
1090
12122
4452
15574
17469
6199
13954
11219
7245
21454
3
12099
16381
10539
10353
15693
14786
17643
16717
18315
8371
1174
14069
3492
8955
14452
2658
4601
11108
18940
7374
11024
11313
21062
22211
20045
6648
7889
19630
6790
21272
3047
10286
6875
16597
6399
22168
11617
21396
12550
16310
12175
7776
12394
16130
6324
1750
7324
284
6695
19581
16787
14876
2898
3741
4229
20510
5325
12161
4706
9903
11493
9338
15716
8866
15523
9955
10460
9704
22129
13040
18445
7700
11942
3906
4266
937
9439
7286
16754
10661
6814
10583
12477
3632
16718
14507
223
11643
22278
22155
9916
13067
3154
10345
5666
16159
12014
2073
14659
6965
5142
1691
4574
20442
1787
19267
15606
18610
4283
3670
21665
19666
9660
5669
10470
3680
12023
674
22191
8284
16958
5019
7348
18349
19957
2676
19613
13572
15341
4441
19501
19338
6138
7323
13681
5144
14060
425
13866
18570
5880
11180
16410
15728
8608
6621
20716
1997
8532
15167
8574
20548
8533
9299
13559
19487
8110
8028
8106
4656
14171
18895
18383
15511
21931
17303
14685
9208
20397
20522
20276
7405
19825
12064
17804
11484
11976
4307
22134
8289
3783
15908
17920
21900
19668
3420
2288
7974
2067
16085
15564
12670
17718
7542
2402
20511
264
227
19309
15512
20717
7402
20962
21896
2116
18127
15817
20263
5439
21916
20836
10343
9357
16039
8301
12850
5629
8515
6318
4134
1148
1346
10575
17676
4687
9925
3244
17347
15507
18446
21375
9260
23
3489
12181
13680
9952
17520
7334
7813
15055
2863
17445
1960
4676
12525
12030
3070
14679
4128
5998
21906
2679
2306
14903
17474
948
21789
20370
19578
12075
13992
4000
10490
14571
467
18606
2910
219
172
18409
15846
1450
864
7257
9258
3097
18123
1472
21306
2582
14032
17623
15112
21218
7832
9806
18729
3267
17787
9515
1666
6763
1869
6630
213
13825
13921
14622
15467
2409
1690
5575
20386
12691
5070
1376
593
9017
7626
9262
11432
15200
129
13340
6498
6127
10857
13280
4546
3116
2433
20309
19468
14557
17253
13845
16506
2531
7025
15370
8381
13481
13965
2336
12805
1134
13168
16048
13691
21301
17118
3555
14548
18316
19314
21187
19697
751
16255
11666
2881
2711
9480
6271
12628
15707
5367
5344
1684
16505
11938
4830
6010
9956
22072
18381
3109
15087
13268
14330
1464
8985
913
10799
2839
11537
9887
15187
21412
3827
19548
6903
409
4166
1255
10561
19196
14141
12423
523
16235
19838
8765
6803
15433
18604
17260
21630
18665
2780
8230
1511
8766
7568
11661
4239
5241
6063
14356
8438
7087
7463
4235
17765
2720
10906
14982
2294
4077
8869
1993
2209
13325
13394
2335
8139
20357
3353
1760
1089
934
8655
17295
13669
4262
5526
7744
19330
13251
16975
2276
3014
22345
15580
20385
20693
8588
18689
6033
12789
10254
18543
770
3744
12202
18003
17137
7571
8892
18306
6209
22222
18457
4162
12634
1479
21755
8941
21784
12926
15121
20995
6818
16932
10055
7053
5133
10936
2277
2690
20208
18274
3461
5352
11267
2797
14061
235
17711
19842
1144
2651
3321
14204
8583
14761
17482
5435
16282
20964
19890
11101
1047
8858
3289
8319
366
16926
8546
21979
7995
19565
20711
2400
11786
644
3743
11230
7524
17838
3892
10128
2207
18703
4907
3198
7367
2836
1122
9811
12898
19386
6701
13793
5667
4193
13512
18607
15898
183
7083
19972
2659
14259
19818
22242
6878
20632
998
11175
12869
19693
298
4472
9220
12001
8469
1898
14472
17074
14985
4082
4700
7089
9282
19611
18967
145
5148
15006
1048
6824
8362
3548
17450
4048
6662
11514
17717
9753
2363
13495
5398
20990
8205
12494
5613
21823
21719
11865
4551
8690
8499
1452
2170
5087
11213
9392
8258
12822
18951
13644
9186
20723
6561
11557
8544
3079
3210
2029
4677
15114
19602
3093
22273
3364
10573
4550
18166
14963
13407
3346
6400
4439
15966
16760
14215
18931
8691
5847
7411
15060
6766
9074
11960
11031
4871
14752
11243
14531
9990
18936
14784
16482
88
15296
15730
20777
6657
11328
16674
12795
5334
6311
11521
13642
20619
17451
5945
15344
17911
6759
21144
22091
3946
6024
15688
5459
1591
20098
8695
4848
16411
7023
14763
4783
4773
3440
11830
1352
6466
20447
11495
2869
13574
9785
1397
15351
17081
21027
8082
10306
12361
5122
1351
14891
14593
7322
1242
16892
2138
21663
14008
18175
18576
2805
445
17220
13134
14787
2411
7614
2600
10146
15192
10248
16876
13756
13149
7343
3406
6595
6360
2992
5557
14455
7859
17579
17878
6565
9057
2430
51
13892
13599
13955
17809
18234
4562
11255
12870
16810
10794
947
21010
17028
16967
13265
3841
15774
10129
10240
15470
17231
1364
20055
5422
538
18685
6475
12932
10997
4629
16886
18204
1137
8388
4729
21172
12807
20987
4704
1400
4022
4063
19735
9072
3132
19476
15145
5637
18203
13230
20878
17491
3521
13300
11066
3365
8870
5364
9061
19551
39
18896
1457
14064
12036
9121
22163
11906
8117
15052
11152
20300
9544
15902
1920
11634
11707
9196
12523
3834
21689
21307
20
387
9524
20751
3083
13414
8942
5470
9961
4513
2913
974
8290
18022
5733
8993
12979
439
13239
4333
11764
2550
9528
7775
9369
9297
204
16587
540
11260
17421
22208
21860
6932
4209
8595
6976
20660
14228
2793
13686
2597
824
2903
11736
4433
6764
11996
7288
3135
14819
7633
117
15498
9943
20380
500
5082
16651
19012
9942
12799
19243
21651
17050
1753
11921
3414
8316
16333
8297
5858
16181
591
9991
13429
8927
21402
13710
3449
14011
927
16855
13808
10869
18916
19758
5032
9098
20862
15578
20636
19342
17189
3080
3413
15267
14045
176
12598
4088
5804
9473
16633
19482
1558
4413
4457
20005
17136
18937
6059
16920
14848
15610
1309
1395
21445
7
13209
18462
6394
10540
9310
18579
19317
3108
9331
17589
9238
15649
2606
11737
6215
4616
17444
19058
1070
16945
17651
17760
17237
5062
5046
11261
18091
12421
7247
13110
9694
20812
14995
4688
11729
20815
14340
231
12846
6298
1772
13907
8669
13660
15826
5010
18933
19771
6175
19074
14468
21499
20160
15808
3276
6262
955
8042
11979
3730
9583
15133
18222
2366
11909
21699
15168
18284
11874
171
6118
645
9656
9152
16044
6004
17509
16585
11282
12142
14668
6036
4737
12045
6942
11253
18325
5338
17261
18613
1953
4462
10724
19435
22147
15081
20029
4219
16328
7793
15940
16217
17198
13714
1283
17335
10904
22329
20354
10840
14121
16171
10508
4728
15063
16308
21970
15139
7592
10729
5878
13811
6528
18633
6014
6142
14485
10304
20543
11157
10514
4877
18694
18626
11989
7901
21134
14129
11281
18229
19001
12270
19618
6458
10839
13295
20883
10924
18275
16890
8163
16222
15850
3304
37
9526
12133
18082
7294
14280
14149
10553
4861
16041
5931
15434
12174
4208
13742
17860
21538
666
8874
13147
9305
16360
12093
8225
7574
6260
7052
2811
18854
8035
6981
9111
4671
21176
9123
3953
17193
2704
13852
5248
11459
13009
19964
13830
3654
5130
918
5214
14377
3934
14955
21806
1408
6367
17122
6791
8644
6882
13505
21400
3184
9628
20258
17896
15543
2521
17747
14065
7924
5457
13108
150
20934
6902
2991
12531
5524
11716
13213
1975
2256
5411
16517
15054
14822
4278
11020
17183
21598
19854
17771
4824
15805
19738
985
9301
4947
13030
14403
19762
16380
6858
16814
11595
1100
11475
18482
18107
16073
22263
11790
17666
12179
8829
2890
1764
15714
9352
4397
2636
10522
6328
13675
17184
555
12085
19814
21145
10893
13600
9559
5179
16227
11479
9828
18380
287
1
669
2345
21962
2025
2001
14307
12781
10832
21114
12473
10222
11064
10149
21477
9514
21593
15588
8721
21620
4734
5701
18923
3360
1671
3565
17686
20398
5410
6108
9457
18337
6727
18939
14764
21049
3671
20599
20924
16527
25
2348
17391
2536
14310
6206
18199
3891
16427
17903
17064
17691
13439
7886
17610
11057
8631
19290
5694
13191
4624
7460
14952
13035
16603
8555
10320
12741
9118
8964
17866
4621
19543
10642
21779
8166
16190
416
3576
14675
3587
12383
19093
195
17133
13221
18386
6996
8055
16239
13140
15343
4851
12203
20686
15909
18954
12472
14627
19921
14246
21125
7699
4805
15025
13999
17102
18782
3814
14713
3944
8658
22196
2482
18539
19633
14271
839
9255
5860
17637
5744
7861
11251
18467
16383
13161
2502
18450
21289
274
939
18034
2649
19104
2245
8650
4753
10047
15364
4110
14878
3226
10641
3392
11941
21093
18180
11460
5108
6088
608
12180
16387
246
1763
22432
17091
14083
8837
16742
12800
16491
5135
17927
16172
11787
3798
6713
19714
6914
489
10311
13002
7065
9390
5391
13606
127
1649
5163
6482
18172
13419
11531
12977
18870
20416
3940
21569
1526
13349
20577
9814
11369
13719
8728
8744
15963
1198
10981
5234
19723
22116
15337
341
6106
14830
1702
21584
1333
14345
12476
21715
22100
19352
2891
6574
9180
11336
1042
11093
12816
17848
8473
180
11731
2071
18489
15820
19505
13206
17172
13427
18430
21959
3541
17014
3329
10100
18638
9972
17789
21684
10282
17224
11931
19509
20122
16185
13952
20569
386
