9077
18930
20460
17902
18228
15126
16234
4476
3527
13271
11296
13526
6845
12957
1261
19311
15558
2683
19497
11042
11785
10527
16910
5865
2119
17571
22227
14002
11730
14975
14919
9833
395
9561
15920
10037
2973
17488
2631
13135
20838
17734
18765
504
21506
13237
16275
5195
11002
15767
10452
4517
4719
16060
8702
1693
19036
4221
1461
12997
17164
22275
6827
10036
7917
8823
2183
11505
9508
3002
10515
18993
7113
1550
5516
8027
8729
15181
21553
12144
19985
19928
20482
9402
682
8548
6356
9773
2155
4013
1831
6765
22217
22152
19113
14825
18817
14381
6945
22370
20030
21884
17898
8314
15835
13018
9422
15098
15794
20088
9907
13803
20148
12721
9793
698
13671
14532
10313
10866
10531
15039
1177
13336
11961
20540
2623
19595
7923
7044
14949
3330
2000
16306
13761
15056
20469
12355
13179
3785
17859
20132
1241
2846
2906
21282
20936
14481
16708
10919
15946
3660
11112
17533
6751
2700
16323
10658
13332
15332
996
16582
4226
8089
8237
22205
3062
5731
16572
7534
7024
9617
14369
1742
12417
852
11833
6895
19339
21269
16917
13249
9460
16719
7724
5475
14739
11754
3528
3454
1354
20775
63
7211
20011
12011
10083
1504
9803
2464
8940
19947
4338
3724
2149
13731
5841
16857
14054
5704
9737
17624
4003
4170
20008
11600
1836
14582
21202
1487
12217
13417
7195
10010
14940
21889
7426
14989
6746
3338
11334
1249
2761
2342
17832
730
7121
20251
6117
6774
15102
10232
547
13423
5463
4100
10447
13964
20828
2497
17853
14894
10882
11318
16908
594
7934
16119
4259
7879
9981
6183
11699
21191
1105
12146
883
5320
19725
15863
2854
19821
5089
21520
3922
4294
16219
16530
18918
17842
16627
7237
6778
2777
7684
18159
5154
17461
13177
13829
7086
21861
18122
2932
19518
2135
5758
21095
4276
704
15407
17000
1473
12802
5797
22097
5543
11620
18783
12200
1567
4124
13629
18209
12760
17577
16594
11417
13241
11385
2467
5388
13276
1562
16871
15632
8824
10574
8525
13569
954
6060
8151
8749
3526
9770
17369
814
1645
11663
4370
19897
22442
14615
13535
9752
13508
2251
18520
17819
4752
9052
13195
11648
12212
3750
17709
16338
2775
14992
19397
3768
20454
7452
13799
8586
11386
13306
3125
12111
3835
9715
20784
8349
21182
1023
5920
12056
22118
19062
816
3994
9259
20038
5999
2933
5110
1547
9490
19357
19726
6798
3790
3578
14214
18990
14004
19774
19503
4503
5708
6425
12213
13641
8673
9470
10437
2571
21610
11331
5782
21550
17517
1297
3799
6573
6794
19202
6504
14220
3335
5455
5124
1340
4115
10862
6288
9412
17524
11930
11588
20161
16776
17498
7763
12124
4619
19329
4019
16900
20588
14587
12900
21438
18071
6251
4627
1049
19768
18656
18796
8647
18254
21518
11697
16259
7417
16197
12061
13549
18905
11515
21800
11745
21479
15949
19446
11616
14255
11638
17153
4890
3029
631
20215
13082
903
3428
19272
21383
6811
1319
20093
12762
12887
15943
5786
22127
15709
3063
4802
13357
20919
21973
312
9420
19880
18692
12215
12244
8131
21571
13096
17892
21770
13568
3129
13679
1838
10627
8296
2485
6188
7496
3566
4756
14553
2621
1157
15747
15265
1514
2263
10828
12606
11198
1725
22243
16238
8408
4164
20528
11544
5657
1027
16412
1912
6197
13126
21364
21186
11212
6001
6246
2701
6609
9159
8902
2418
11355
721
17070
9341
3831
19662
13711
17446
5298
12775
14871
6579
20572
19381
8413
830
22084
16124
11183
3065
9829
22439
1630
6726
3378
2717
20278
2778
14022
20330
7866
8903
3683
1673
3913
22060
18133
20979
4648
7168
4367
19608
700
16251
13884
584
10166
17186
15376
15118
18770
21523
2818
21997
2265
2088
2566
9846
2538
7390
10697
11306
1738
1033
2454
17403
3001
3959
20431
19239
21082
2853
18493
8601
761
11387
866
9166
22393
5502
7225
22123
17162
2093
2326
2049
5618
17553
21109
13153
17867
15207
11546
15251
12274
15233
3035
21118
21449
5715
392
17883
14987
9362
15477
12772
6722
1854
17584
16593
13919
21566
7260
21052
1577
19423
6638
20607
19260
13514
16340
7656
18661
11071
13926
14756
9348
552
7298
4024
7373
12733
5437
19122
19193
17723
19874
10819
14303
733
22295
4571
8719
11458
11081
1986
17413
17202
10253
3278
8261
16049
9685
1704
6089
1574
20078
9532
4107
7591
19965
15884
6479
12876
12874
3230
22158
4780
1004
20345
3358
3895
2443
12054
17925
6436
4105
20382
861
6589
10145
19836
9450
6768
10507
3165
10092
19730
8861
13984
20399
5013
9230
21852
15153
854
21434
9215
8023
10035
510
14921
10817
14543
10594
17841
3222
6910
20393
18552
9936
4198
21627
20953
6952
19572
8802
14920
10177
13229
6676
21097
19152
20136
6145
20736
1782
17015
8330
20318
5229
11803
5331
20573
12526
1768
931
12597
17519
15023
8797
11836
13388
2202
1864
20373
13016
8414
15602
20106
20639
6084
13047
7235
20991
21460
19988
21378
19523
19832
7398
2722
5852
8162
10476
17907
12904
6782
2785
15232
1098
6327
21476
1852
22108
10048
3711
18373
5982
3999
12796
18241
11406
10856
7008
2952
11283
14328
18499
1947
14544
18244
4477
6592
22007
4724
11009
1779
3327
20131
5939
22022
17165
7593
11843
17217
1002
21130
1988
20753
7944
20039
6586
13236
17288
19655
16450
10388
17970
7586
8032
2832
10761
3031
2347
8157
13682
15500
9962
20994
11915
20625
9601
3271
10068
8481
19705
18052
1785
313
11134
13906
17560
10454
2779
9914
4662
16599
18785
2514
20248
3572
11038
2766
5724
12632
19824
7248
7939
18887
19563
18084
712
4427
4008
241
8873
20680
17003
2744
16146
10175
4271
1410
14782
796
6633
12145
16125
10365
20997
18292
9030
1934
11468
9384
12060
8487
6547
16793
3385
14947
11209
3009
5009
6009
19692
10178
16713
3719
19331
3049
1291
20774
2452
19952
6061
5796
5217
12549
12505
2269
8948
17188
15560
9082
21287
16210
13227
16640
7789
12678
21575
1190
9454
5456
22083
4568
14747
18040
3309
20041
21036
21335
4346
2561
3712
21539
2303
20127
10952
21334
20868
15347
8115
18451
11992
6141
16305
16964
2580
10381
13062
21551
7144
14560
20967
17767
12725
17367
4764
13246
9668
17356
5893
7492
22194
3760
9980
672
2105
12507
18385
11606
14042
4587
16702
8076
12538
5612
19568
4205
2274
2350
18718
1159
17719
10357
17834
3475
5143
4311
8965
19728
495
4985
13780
16030
15035
16695
10631
12377
12785
2833
8424
4940
16946
12224
21685
20022
2603
10549
19958
19039
1741
9190
17543
20387
22344
19793
10153
2076
6484
12474
4373
11291
14438
20408
802
9115
11673
3292
13604
3644
5285
6835
8051
14300
13607
21083
13380
990
10854
12415
19059
14843
14570
21360
6074
13794
18723
21769
12272
10201
1156
4143
15545
1686
16903
11233
6121
20299
8745
7579
16201
8727
4726
7707
21115
790
17599
2239
15702
15941
8599
13942
17194
15549
15982
21300
12561
18592
2080
19742
16665
15464
182
2498
17794
12466
12773
6568
5905
14857
16842
11711
7863
21828
14800
22078
20503
21416
1170
9560
688
8083
12385
6810
12154
7341
10283
21261
9908
13256
12864
868
9458
10389
20283
9112
13564
5210
11344
4471
15681
1707
804
271
13859
2576
6982
10424
11824
2813
12734
10383
17603
15759
3832
3124
628
1279
15964
12491
6110
13216
17147
9408
1966
9350
17022
2066
12903
9158
17677
558
6259
4715
2573
6340
2617
13075
548
15875
16074
22144
13566
6451
4860
9749
14641
433
21844
8950
4230
15996
10038
21773
18039
7311
21436
4446
1311
531
17938
1288
13815
21317
17770
8134
7197
10732
8404
5407
5206
13174
3904
1718
6286
6426
1314
5397
20902
18218
11015
11141
15803
16694
5634
18733
9097
22315
4165
10106
1045
13613
12420
8682
17944
9868
1747
4994
2516
12683
7834
2657
16094
16211
5232
5681
7414
1001
8240
13482
17989
17273
18329
14502
17708
13651
1152
9783
4580
16405
20453
3759
7746
21585
846
2519
14157
18344
13726
8156
19292
3196
5764
19090
15016
7070
10315
17978
13718
976
17871
19420
19187
16318
3207
19708
12195
7520
12917
19160
21331
12709
4111
18748
2097
2098
3500
19775
6850
20097
13170
21054
7610
4584
9809
5953
20221
18207
3021
20119
21175
15626
1570
13981
11146
1758
21817
10937
2799
13704
7784
8484
1611
16971
6665
22396
20869
14373
11550
5686
21887
546
13840
12723
16369
5182
9853
14536
9684
1299
18339
9328
8446
15766
18513
17994
5790
10914
2038
19274
20181
19469
19250
22311
911
7410
1239
9005
19261
11624
8613
6126
11110
8582
5840
1347
21971
6666
7702
962
1221
16880
7127
7739
14396
12588
15970
12209
14391
17802
18464
21991
17314
20630
19570
17681
8933
15406
10401
14299
17503
2228
7045
11088
13757
18997
15263
8654
10889
16735
19558
5671
2666
1378
10136
16632
2769
5947
10008
10778
20725
19091
13039
3721
12024
18673
2795
12100
1497
670
10473
16038
9449
17855
7336
19876
16601
1421
6146
6733
12118
7498
4930
12318
12778
8991
20084
3000
13456
1830
17250
1610
21712
13848
1698
16662
18658
7019
12090
13683
4524
9165
19689
8656
7783
797
13122
21669
4270
5766
11127
7676
19604
7442
16548
609
13767
8670
20835
3804
2745
1182
15209
8369
5301
1465
21508
3806
9323
14859
17230
12322
11227
10693
5198
16399
20804
11470
848
16195
20364
8123
19560
11426
1699
15783
2672
2200
10736
8693
14224
2424
21839
14229
10151
5428
16874
15633
18788
15305
12498
15525
10941
18291
8476
14275
20439
7085
18265
12233
17858
13326
13343
4888
12515
5592
21004
18619
6955
8946
5759
8466
18719
14368
21316
16847
9019
4341
18600
12028
15836
6268
13201
15905
11625
9798
1655
19593
16063
22469
813
18559
3136
14372
20145
10183
19703
135
13399
8706
13819
11250
2965
17737
10260
1250
14244
19246
15373
1407
13789
18969
7069
17228
2212
11525
11383
13361
984
8126
5121
1608
21309
9602
5925
8128
14807
5394
4194
6925
20610
15611
14476
19521
14339
1906
13164
2268
17934
16437
20940
15991
19094
9119
7439
18684
21992
1620
22154
14112
8661
12988
15266
9716
4408
7462
7075
684
20247
8776
22430
11294
878
7624
7607
11201
16935
12578
6201
11402
5491
6670
20855
6770
6099
16233
17581
9611
16193
18400
21758
21152
406
15465
17236
5636
15841
6478
21954
17805
5128
10604
19129
3649
17573
12648
10813
11573
1765
4705
10289
17473
15696
4299
14873
18456
11925
3472
1115
11875
15326
12237
10692
6822
15979
12303
18379
1165
10541
9576
15755
6673
21158
13960
1022
13000
10156
13352
15669
12367
10759
18632
19552
6804
6571
17745
2708
21677
16545
21490
6870
10858
14113
1859
22413
14817
4253
258
1915
4010
423
12430
11099
17271
10609
2546
5649
20496
5103
13020
5113
5585
1924
22425
13486
21709
2495
14376
1093
13446
5461
21359
15617
11590
1650
2399
155
9876
2214
748
7007
1113
9095
15874
11105
17969
20406
8659
11307
19637
20530
20378
7969
11501
19108
1133
16668
12048
7894
10150
4421
7185
17825
21555
6178
2533
5995
6841
19065
20734
16415
21020
7317
19609
6275
4986
893
4267
1883
11530
128
4558
16576
5517
1700
5299
17928
5216
3713
2479
19340
13492
10645
21005
16031
16583
1248
18150
11703
5040
2893
5186
7202
22093
8135
9317
1987
891
3493
6762
10842
9597
6397
14151
17485
8746
15202
18421
9261
1356
1529
6177
6663
14493
15935
4714
3947
10899
14142
3429
6615
14658
13448
5405
6401
8573
18994
9928
11462
5095
3280
14062
16077
21943
4701
8235
13839
22293
5552
11154
18050
11632
9214
13993
1566
12686
13211
15715
10363
1580
20210
20628
16913
13861
20825
7522
21759
11847
16653
22249
20114
488
12656
764
18277
21989
14100
9378
19162
7988
15348
16471
18428
16015
12925
12411
17890
8384
10413
1009
5964
4792
10797
12770
20389
1453
12207
20199
10939
11955
12381
9496
4233
3656
14631
16767
13752
10462
18117
21256
21096
18834
3596
8789
12223
5312
8158
20688
12577
15186
13447
11304
6343
14872
12935
142
1909
10851
14337
7004
7017
10547
6445
7937
779
22023
18065
19341
15732
8465
5027
18968
4069
1336
399
6220
12168
2995
7332
20456
20749
1227
1631
1323
21014
2654
13676
5670
12880
13491
9188
3101
9446
12987
15744
11433
11722
15339
12068
19321
16279
5959
11759
4443
19353
22032
7821
10142
13670
21365
17368
16666
12640
10674
6273
21310
8681
11974
9951
17394
1791
9899
3233
12156
14422
19251
3067
4746
1999
4741
16503
21469
6134
5055
9501
10098
20839
13480
18705
19444
22111
20657
2941
3433
11970
17812
20129
19971
20495
2280
1662
20790
17119
5077
22423
8635
4695
6984
19717
8459
18151
4743
8785
15367
15638
21123
9865
11047
2201
13880
4736
17942
6757
15160
12010
20445
15101
8467
9404
686
22096
20748
5594
14831
8430
1201
932
16774
5152
10570
8305
14730
19212
20186
5240
7063
4744
12764
14767
8609
20611
22387
16562
18354
18952
19498
19687
11340
20362
3616
4614
21336
9213
15138
1661
22049
13420
16808
16679
20366
9290
11143
2958
18086
13378
12539
11477
5533
14735
381
10108
16962
9610
2511
11013
15668
17616
4837
9977
15299
4196
8094
11050
12793
1798
21952
19740
21431
5551
13334
17279
22412
1076
18371
18739
1018
15827
8396
1038
665
10568
19225
14457
7259
1252
10234
7051
12592
16382
21841
15901
1130
7290
15880
16035
7782
20477
3579
21290
18286
1028
16309
18466
10571
21545
15992
21746
4722
14874
6217
8643
493
4694
14263
18326
5157
18914
14254
1217
19049
2767
19588
10592
8478
11685
12907
3091
19023
11911
9878
10791
115
1744
16014
20053
11799
4293
11224
7430
14380
4545
19047
20537
17377
2535
11987
8794
2293
11962
9187
21557
11988
5749
21846
17887
7881
14030
19772
20474
12963
222
9789
11184
1973
21209
9958
6893
17225
15436
9315
2184
11967
6152
17082
21982
22044
13068
8493
13257
15990
14818
4224
3714
6379
20899
12798
21398
3597
5340
10721
8618
21284
17203
9071
