16809
701
20415
14497
19743
10440
21729
11003
16895
14650
4296
21120
1722
19347
13294
10379
15713
1387
18056
11332
2442
10426
8883
9319
18155
3070
15236
16869
2124
21491
8257
13098
8139
22171
2323
18427
5458
9294
17983
364
7663
18906
12677
16052
13525
909
2597
13170
20810
17056
496
17392
19757
6357
16960
5212
9603
8505
18966
8482
15531
16977
18216
5183
3735
7357
61
14205
9220
7362
212
10241
18819
14181
8153
3741
11341
18079
21662
7745
21922
4111
10783
2112
9858
11323
7735
14790
2664
5049
3533
904
18744
12464
18396
4502
1654
22265
1783
1123
18409
22124
6174
3973
2651
9176
16427
9692
17726
17254
18886
16368
21224
21549
12361
481
21489
6213
11657
19135
2409
15634
8606
15839
11611
7966
12461
18729
21955
11507
6441
18512
20660
11158
14031
20276
20559
19302
15606
22329
7165
13742
16972
11149
15174
11550
22208
961
6818
17384
17386
2596
10264
5448
7005
11514
7467
12308
7364
11102
365
17402
15714
12437
4499
2252
21708
8094
6654
15951
356
6552
3630
18615
17707
18349
5375
16721
13796
17089
10833
17523
8049
290
9359
3935
19000
6763
9000
11809
12139
3606
9363
21803
3906
18952
15183
4909
21339
14981
19573
7540
14257
11719
325
14168
14862
20892
6045
8216
16618
20280
2018
15403
22110
1964
17370
8669
2051
15553
9554
8351
16846
8348
15644
8026
12408
3073
3577
17148
19877
19128
12463
11710
19792
14228
22162
17984
8993
7460
4677
197
8327
20083
12031
1225
7150
10468
8188
20888
8700
4402
10439
17208
14804
19228
13253
16093
18105
17833
20165
11022
12749
2434
8001
3097
5149
17264
8869
13478
12837
5513
15240
19448
16017
4209
2472
1779
14161
10503
4809
17780
12472
406
15657
2280
9138
1620
750
12573
12500
2773
2059
17866
14260
9514
13385
217
12831
4003
15742
4786
16291
9160
21325
2114
15986
22403
14495
21987
18766
13735
14791
22100
1244
6926
6932
5208
10808
10670
4357
2595
4907
21254
21344
22181
5518
17598
11917
16106
20024
1901
15612
187
20152
8168
14973
10594
1372
20442
11228
1827
9125
22056
15419
22338
12936
16137
20632
13435
22316
12521
17502
7093
21229
12730
15114
13079
19582
5187
5156
7618
8893
20750
3300
20820
15785
2229
19992
10364
10578
2837
13872
17695
13494
1271
9287
11389
10500
10458
9677
7173
16885
5570
1078
6677
20990
14948
9987
9156
1193
20343
1618
3649
13441
754
14539
4536
293
22438
3963
4534
6189
11804
15470
19870
1339
13443
9759
6806
9807
20135
1269
21338
18856
9164
19678
10643
10904
8178
21211
15963
2514
6653
21663
17092
6895
20510
15594
7108
11892
7233
1404
4225
9367
18196
4948
21231
19489
13001
12331
22166
7015
9525
18170
8299
7602
16308
2422
7641
12039
16532
8119
19384
17328
3499
2335
3838
507
2628
11340
522
16816
15362
710
12177
3451
20481
13003
22446
16760
4378
18938
21054
16716
11536
1494
11585
3964
20516
15976
14383
5636
5496
10995
20092
2455
2444
16328
14988
19447
12075
3062
19748
2719
14799
21496
6160
10117
3252
