6627
22414
656
889
7199
5561
9069
9831
99
8878
1823
8849
9830
9769
6380
9898
5646
6259
8547
9916
18229
7466
9929
8919
9990
779
6574
21059
20055
2920
6965
7760
8899
9698
562
2530
9889
20058
8516
5644
9062
6654
6673
9533
21120
4762
8632
7198
3122
9513
9833
8220
7379
22105
8652
6629
4595
8991
21122
5916
9930
762
21918
7483
8583
3652
9618
698
6652
4506
8610
20250
4318
4596
9531
9071
20687
21518
20057
9549
2104
21119
6653
8633
13266
2112
861
6717
3123
9532
8501
8509
6626
9887
9629
9145
20538
9814
9176
18630
8947
5515
973
8515
2253
1863
9409
6628
915
20056
7821
911
9512
977
8471
9988
8100
8529
2521
8898
7795
21475
3473
9161
9945
9736
