16895
14497
1387
2442
8139
19743
21729
4502
15236
9220
5458
15531
9319
10426
1654
9294
15174
961
8883
16977
20276
11323
17726
18966
12464
6045
15951
17402
12408
6441
20892
7467
11341
17384
19792
1123
8869
9125
10379
22265
19347
17984
754
6806
16093
1271
2596
2773
9525
5513
983
10468
3097
11804
19573
20343
2942
5432
21231
5622
9241
11538
3073
7641
2311
8232
11775
19870
3499
15963
18216
19992
21496
16791
19063
11644
20922
11498
6160
13095
18645
11332
12936
20435
4399
7325
3242
715
3584
2245
20700
2981
12088
18655
18777
20586
22328
8790
16122
1278
11289
12842
14659
20433
8482
11244
12353
16524
2874
11756
1007
16866
15821
8316
4499
11273
8700
22171
14646
19562
20930
16198
17956
21569
7966
1745
6780
3735
1586
1391
9677
15085
12371
19820
770
11352
11364
19757
16869
9504
9493
3805
6232
4518
15615
12098
15239
5650
15076
977
1921
8216
4097
5212
16978
11683
14996
14777
3757
8896
2284
18078
1205
9373
20653
2085
9074
16470
22349
14209
9284
21740
21033
8002
679
4225
4689
12496
4772
7961
22208
20976
13543
11376
20024
6222
11432
15096
17258
13915
22057
13426
11634
22398
2422
5587
9939
4560
14181
8524
8049
14561
18906
8606
19086
16175
6361
17148
3334
5896
10318
10666
22375
8740
4672
13434
17545
917
15742
496
22248
22252
21212
13252
4991
10391
2244
17783
12243
19649
21856
11277
5132
11401
7198
10789
14379
18482
3370
14605
5897
15300
7558
1209
9528
18221
2224
7827
11657
14031
3911
12254
20559
19777
16466
12524
3077
10202
5451
19645
18935
8516
14966
12175
6151
9651
927
15159
2420
7026
16186
10749
4440
14082
17376
16997
732
4579
6980
1103
18054
21708
5373
10769
12283
7793
8389
21961
7735
16071
20465
127
159
6721
9681
767
5011
17163
11003
18995
2824
14723
4461
12740
1761
21838
13742
3996
15090
11449
14746
7412
9949
16283
16508
1891
19027
3892
9625
17370
3679
3374
3491
16467
14045
13104
2209
3040
11074
4042
17171
5943
6444
899
20067
2805
18512
19795
11954
7078
7653
13862
10104
19135
614
5345
20621
18
17780
11704
20279
15849
4494
13415
5952
3046
3839
15283
4786
19200
13021
16746
8293
21088
4747
8263
9310
14049
12500
17274
9571
8765
4516
17866
20047
20135
10503
567
9755
1372
19551
12280
16999
9871
15468
21855
405
14604
19231
16787
16741
15909
16689
7460
19275
15785
8042
11698
10014
14052
270
17791
377
16615
21733
14109
1084
701
10834
4948
4131
11158
17512
14307
5073
10334
8519
11004
20823
2404
16085
12937
5064
20080
8755
13264
15476
19701
5307
5282
15052
11562
13228
1901
14597
307
22012
17983
18168
197
7361
10887
5918
8926
1665
6961
10554
17220
4453
16590
14624
6993
16799
6116
2078
10065
864
15649
4795
3390
10923
1047
21533
5183
12548
11885
339
20252
13899
11972
17299
9106
6875
5093
18390
21241
10319
3158
3328
3590
6162
6383
8014
18448
17694
14060
16541
19247
7096
7379
4475
1638
7209
10002
19432
2355
6486
17848
19030
22374
