701
21729
19743
11003
22171
17983
10379
16895
11657
8482
18216
15236
11332
14497
10426
12500
9319
19347
1387
8139
11158
5458
1654
1271
11507
21120
16618
13264
21708
14790
19448
9677
9294
5212
22208
16977
13294
904
14181
8883
20992
10241
7467
19757
8700
14049
9176
11341
9248
12936
16960
9359
3735
4864
19877
21033
17370
16466
12280
1964
12521
4825
19870
5899
8049
8606
16602
7966
20083
15174
9220
18971
16869
4499
20414
18819
2596
21224
197
18966
21054
15531
21277
15177
8519
5808
15468
13435
1047
11954
11273
11045
8869
19128
15612
19885
14371
17274
1244
14031
19515
4502
7362
496
20559
2474
13268
16590
13300
20135
21496
11432
5228
4064
12088
7911
17866
11315
11634
17148
10783
6441
18906
9968
20708
17402
3073
715
909
2964
3242
11231
6045
3973
11719
16851
2245
13742
6815
21088
18512
14966
15742
2597
20042
6189
7961
19992
1041
22265
20415
18957
6357
15183
5636
5023
2822
6552
22007
8993
19795
977
1372
17304
15481
19135
14862
2242
12464
11553
7558
19623
12677
8197
961
20810
6133
5448
12548
12461
21662
11118
9373
17099
11804
5345
3097
20392
88
8001
15026
21438
16093
1901
10685
5943
18553
8502
8387
12098
19275
6160
14640
4579
20024
4786
2340
15951
17384
2284
4453
13735
11352
11230
22316
13252
3423
6473
8216
14344
21810
7033
14677
11043
5307
9692
15785
15535
17299
9128
15300
16741
16560
7952
14082
22438
21013
22374
12353
10912
12485
10948
10066
16968
19231
1494
8286
6961
19476
8894
16978
3491
7010
11487
17694
17780
8392
21212
21955
16122
16791
4804
3499
5896
7735
19000
14240
22405
2311
2442
3906
6993
1617
11165
17726
12776
16186
12254
1921
2085
6843
127
3520
11145
20660
13899
4225
15649
15090
11775
17984
14918
7157
10264
12165
22243
4987
20892
20770
20433
754
6132
9910
3935
12276
375
21079
2078
15821
10972
1620
5587
20758
21536
6780
11801
4909
14186
19092
12869
11644
12188
13184
8160
18015
8302
21569
899
14192
3564
14660
19319
4657
19200
12305
6245
21231
2544
15437
10887
13719
5354
11277
17545
2805
11557
18012
5513
7765
2543
2842
16032
5828
19432
14098
927
6666
17523
17924
8740
2676
3726
12283
5064
22328
16223
18580
11323
6735
307
12831
1969
2651
16567
17296
14272
14546
7364
5451
15364
16467
20067
7026
110
13441
15096
11449
20592
22092
224
4948
11538
7663
3864
20493
20653
19
11756
13323
19551
19001
11611
21375
21323
1282
19837
6083
8770
12408
7162
550
16688
9939
9152
9603
4042
840
10967
1531
2773
710
1123
15745
22338
9488
2604
17392
12249
6116
4440
20343
4991
21750
10466
11211
20566
14166
17510
983
9339
3469
10319
14981
364
18856
11022
9893
18678
1761
11103
1823
9160
6932
15963
14228
21489
18721
20079
6677
13428
12458
18062
12740
7198
17056
19562
12150
5755
11797
18744
10769
20827
16433
4689
22349
7208
9905
9784
20465
7231
4399
1639
17391
567
19501
16721
10503
6213
15037
49
9163
6137
343
14643
3697
5897
9367
12949
10515
16609
